500
0 2340 8166 6889 3532 9007 79 8786 6003 3987 5715 756 6101 8951 3514 4543 3167
1 2561 8418 2372 7396 9961 8297 8298 2254 5392 3184 9777 6774 4377 1726
2 9154 4291 7847 4648 2440 9898 3371 141 5389 1328 5271 2745 6201 6489
3 641 9731 9895 3463 3018 490 6186 5803 6029 46 4177 1714 2898 6613 4151 4920 1343
4 3650 2630 4199 75 7217 6930 4882 3703 4251 9948 9406 2302 894
5 6160 6689 4722 7154 3815 6487 2296 936 1512 4812 1615 7135
6 4832 2818 8483 5155 137 5263 8723 6388 4852 117 7158 4665 729 8348 732
7 321 4162 8386 5670 4326 647 9610 9675 6381 5613 9454 2225 952 1208 3672 5880 1117 2302
8 1520 8608 3376 4018 3523 7699 1527 489 955 6365 8895
9 7617 5570 2468 9990 1641 4621 9710 2256 434 6258 2324 1781 4949 2555 9692 4959
10 3776 9154 770 1541 8398 1774 7216 3184 6199 7831 1626 3452 9182
11 4914 8372 7429 9559 9226 5338 5195 8875 2860 9422 3982
12 5312 5961 780 461 6382 1105 1491 2742 4538 4442 3610 4986 4285 1246
13 3136 8832 1058 7842 8483 7212 2412 1262 5199 8465 6868 5494 183 1432 4479
14 1249 8578 4738 9508 3910 7752 617 8908 1549 6031 9877 1625 2555 796
15 5378 6085 165 6150 3111 2121 5226 3884 9933 9681 1298 7996 5503
16 1121 5090 7204 6694 3943 6218 3211 9803 1611 7053 8271 3827 3667 5786 91 5406
17 961 3622 935 648 232 9160 5737 6923 7437 8592 2257 8177 4053 2232 1752 895
18 7424 3936 3746 5474 4903 3144 7049 362 2986 3213 208 214 7576 6714 8158 7454
19 6369 9090 1092 551 6123 4907 1165 5869 1807 4463 2962 8696 3611 5308 413 6493 8159
20 9779 5091 5414 1542 3207 5498 5757 4909 5549 6141 6398 3727
21 7969 4257 9763 4584 2603 4909 1774 7246 6030 7438 1396 3927 3322 8314 6139 6431 3743
22 4640 8897 7683 3301 5509 5445 3877 8134 775 2312 2921 9196
23 2242 8167 6727 5288 2192 4273 7505 6547 3220 9908 3317 4568 376 6074 7071
24 1729 4454 7561 9737 76 8751 5489 5777 8019 5715 9494 9273 6362 9214 6495
25 1217 7138 6149 5798 935 1194 5133 9453 6959 1428 6836 7993 9244 2397 862 1567
26 3360 321 6978 6499 5958 2855 2025 3241 1129 524 3982 2736 7569 8978 244 7350 3224 6010 1885 925 5950
27 3136 1025 9637 5382 1064 2986 3854 6994 210 6260 4889 8732 5917
28 4000 705 5890 8611 8133 7429 3851 7180 2732 7438 686 3152 3125 9690 4604
29 2378 9066 556 4237 7793 5074 1778 6613 3607 3352 6938 4539 4060 8479
30 7456 5156 2983 1159 1963 4299 5006 6959 5109 9333 7352 5848 6684 2205 9117
31 704 6352 3936 1953 2242 6866 5829 1353 6172 8575 4415
32 5952 0 6242 8003 2852 3877 2407 2311 6834 629 8406 9911 1343
33 450 3240 6985 7949 2830 3726 783 7441 2418 8082 4597 4021 1977 8732 6014
34 2913 6690 162 5447 1319 7563 79 16 2513 7699 1464 8952 1657 3516 447
35 4083 1651 5924 5412 2695 4488 394 4139 350 3214 4591
36 1344 2240 3236 2406 8038 4584 8084 4692 5495 4087 3032 3161 8474 2527
37 1154 8418 772 6342 8807 1353 9545 5898 5930 1387 3691 4395 6283 2639 5072 4176 2611 2549 731 7933 125
38 6336 6213 9573 1510 9767 9290 9804 3599 1073 8981 7611 8699 1725
39 2240 8961 5825 8642 4803 1956 9894 6191 9007 3568 6161 2934 9462 1750 3320 7417
40 9874 3859 6835 4404 8005 3670 6360 6090 8013 317 5694 7806
41 4160 5312 4624 8865 2 2372 8773 3735 5547 429 1038 1454
42 2688 3873 5762 3012 3941 9125 7240 106 10 5483 7629 8111 7122 5044 4311 631 8859
43 3425 6529 7138 6500 8229 3175 9545 7946 7754 1038 1167 1105 4531 8949 1077 5340 7007
44 2272 5185 6913 5347 3397 6920 4777 8365 4623 79 6547 9528 1625 8446 6654 6879
45 3232 3296 3266 6179 5286 3111 7463 2856 2155 2028 6191 399 5492 2838 1846 6427 4764 2781 8638
46 3973 7910 3654 7206 935 2185 3818 5323 6124 847 2897 7346 1622 221 6014 3199
47 1552 1042 1171 7828 5412 8774 1209 6089 2331 3564 4653 2398
48 7652 5669 9029 2054 6054 3113 2673 2482 979 1172 8020 5238 2423 3323
49 2240 545 4546 5187 3587 9733 4362 2097 82 3573 9526 8600 6267 6300 2621
50 2464 321 2755 5316 1989 4966 7146 973 5679 5872 7570 3859 5043 8564 1492 308 8599 951 4281
51 2279 1675 6030 2289 3346 8722 4979 3830 2327 4664 6938 5691 797 5694
52 6784 4679 6217 587 8044 749 4429 7790 6258 7765 7127 5787 8412 2205
53 9185 1698 3013 2057 8491 7564 9038 3279 499 7699 6804 3796 4629 6613 6326 1979 3229 7742 2014
54 9440 3552 2401 321 4938 4715 367 2035 3475 8406 5369 6750 4478 8255
55 2672 3859 9940 9014 4922 2779 2363 5180 765 9678 3262
56 2625 7521 8130 9796 3142 3496 6280 6633 139 4302 6030 9681 9265 6100 6837 2682 8702 95
57 5184 8994 967 6891 655 4463 2288 7377 4243 7379 4659 7604 1590 4474 3706 8927
58 2336 2240 6627 37 1292 4655 3727 9713 6097 83 3061 9335 4855 3900 6302
59 8864 4386 4162 2 519 2283 5677 1774 3919 2863 2735 5553 7542 1591 9498 573 9950
60 2336 5056 3218 217 5369 4346 9787 5773 4333 6253 287 1791
61 6496 2531 5924 3012 3690 144 7762 8371 6547 5464 2137 4377 378 1594
62 2240 4609 834 3075 4035 4901 5514 426 9964 6862 4116 7738 1724 8350
63 7136 4962 1410 8803 7267 1091 1668 2058 5291 11 8881 5873 3026 1619 9395 5175 6071 3545 8793 477 8125
64 7776 4577 5609 911 2608 6354 4115 2232 7352 4313 6651 7900 2781 8125
65 7105 5284 6276 5097 8810 7180 7120 3603 435 3092 4917 6299 5308 3167 1119 3135
66 9680 6401 258 9699 7128 2169 9545 4154 7883 3022 5486 3598
67 6248 1963 4653 9037 8622 6286 8881 4146 6738 1974 5145 6170 5823
68 9216 1761 4582 7207 7048 7949 4049 2834 9240 9400 1880 1850 218 1471 1631
69 7812 1668 8134 6855 4040 6857 8841 7114 8077 5389 7380 3061 3543 8441 8345 7385 1565
70 7457 5155 9221 3015 141 5901 2991 3759 3602 7060 5748 7414 1206 3096 4350 8639
71 450 5412 1668 837 3814 6185 4138 3215 3408 4176 9968 5874 7187 3477 9628 6719
72 7138 8994 1124 5028 9958 4587 9803 7086 1998 7090 7957 3125 7419 4733 2111
73 5328 9296 961 7926 6934 4009 5689 7001 603 2843 299 6044
74 7652 8454 4199 2155 2540 6381 8656 337 7505 1046 6454 9978 2236
75 3585 7496 8622 6095 2511 7155 7955 7381 6101 663 2680 3737 8572 9725 3229
76 6528 2240 3681 5316 7012 4869 2117 3718 3783 1585 9265 9842 3316 248 3000 9881 1625 8763 3357
77 4545 2466 3684 1383 5386 1034 6893 7470 7438 462 8274 8212 4348 7453 5247 4287
78 9122 7498 3916 9710 2160 113 1460 4756 7095 1975 1528 412 4798
79 5634 5762 7620 9733 7334 4039 296 5099 7627 1774 3410 6611 5050 2942
80 2691 1668 4037 4325 5862 7398 9640 5161 7566 6702 6223 1936 4567 2173 8125
81 2240 5033 7562 3275 4749 7437 2414 7951 6608 3028 6072 6778 3067 2078 6687 1439
82 8962 6196 9941 534 471 264 282 3356 7100 4814 8350 447
83 3936 4385 6984 1007 4592 6994 5587 2643 8149 309 5209 4442 9596 124 3199
84 6177 321 8418 354 5412 4299 4814 5423 2130 4146 3730 5715 9301 9558 3255 8600 8699 1343
85 5250 548 5033 2986 7243 8879 6895 8112 531 5171 8819 5078 2616 7324 8990
86 5504 2240 7906 3074 868 9829 5510 4649 2155 4044 6030 528 786 6675 8597 6263 7321 9050 6970 9628 8287
87 5857 9026 5283 2085 7333 1126 6534 9543 9735 4935 7370 523 3822 79 1941 5110 5978 7455
88 6688 8739 1638 2792 2121 2635 7563 1515 1491 3671 2395 1531 2204 4028 3101 5885 7709
89 9669 9350 9035 7950 2030 847 8335 2197 1301 5590 5111 2555 5180 7036 4157 542
90 5312 8964 3206 648 7883 3731 789 9013 5657 2105 4985 6396 1308 3070
91 3585 9701 9927 2254 8498 6770 4531 212 7797 696 6488 5880 8794 7803 9115
92 2240 833 6635 8491 4076 8398 9230 2767 7474 4724 8983 3256 6396 7933 1150
93 2400 3265 3907 5859 2630 9066 8043 4558 9168 464 4881 5105 6551 155 1340 6044 8254
94 2144 8676 7812 3812 5606 4518 2182 3752 1583 8495 3377 3188 148 7637 1942 5178 410 1530 5341
95 8514 9477 712 5740 4525 8397 4079 7441 2516 8116 7605 3638 127
96 8832 1665 8452 9735 2888 6315 2478 2350 6640 342 9980 4253 6685
97 8738 610 8580 2726 2412 3153 6675 7157 6613 6519 7607 1017 569 9660 3486 8511
98 3584 6756 420 1158 4070 2377 9707 4813 2992 6257 4276 7863 5944 7513 9565
99 3457 6690 9127 616 2121 2634 4844 5390 9007 8434 1049 5147 4638 8830
100 6465 6593 1219 8004 6020 2374 9545 1868 3117 2962 5523 9686 2650 4060 6590 3358 6271
101 577 8001 724 9222 8728 5130 186 634 5837 8990
102 9219 5702 4070 5705 5355 208 9779 7347 2003 5268 7413 118 4631 6745 2875 2812
103 9153 7106 7860 2215 3626 4267 4956 7005 4909 7198 5983
104 9634 5762 5639 7784 9706 3179 8939 7854 4686 2639 6545 3602 6292 9079 2136 3897 541
105 5512 2827 427 2351 1456 8115 7571 6613 6101 8630 1526 1496 1727
106 1696 2114 7299 1668 7173 4554 8650 2508 8237 238 3313 2449 7860 2486 569 3964
107 1057 6082 5220 6180 9669 9484 5677 8430 3630 1041 8890 1979 2108
108 9856 1508 3877 7398 3468 7821 9008 2929 2738 6327 3769 381 7295
109 8674 2627 5795 8420 7911 7819 9004 2349 8783 4015 2128 7153 5715 1238 535 8248 3772
110 4672 3490 9129 6955 6188 7567 2161 7762 8148 9876 4854 183 3928 5532 2205
111 6336 7266 1158 8843 9708 5391 8208 7729 2962 724 8535 3607 5816 3032 7134
112 8672 9377 6467 7340 2892 1486 7183 9968 3318 1878 3958 6456 9593 6331 2331 2075
113 3329 3012 7240 5001 169 3115 9646 7791 6991 9008 4530 5843 8819 1238 1463 3415 3128 8125
114 2 420 8518 743 4071 714 7690 11 6961 1809 4498 6482 4340 2550 858 7036 8958 3135
115 7312 736 4626 6354 3380 7816 8457 2090 635 2300 4765 1614
116 1505 7666 3028 6004 4518 9766 1798 8120 7131 7949 2766
117 7712 2913 8994 7459 1220 4554 8043 5388 462 4752 4305 887 1881 569
118 8321 9765 2214 7638 8406 6615 8265 9850 2907 7420 9740 125
119 226 386 2630 6605 6639 3347 1109 3254 7574 2552 7928 1081 6331 7806
120 6112 9792 8418 1155 6505 9673 1133 1773 8439 7320 3770 2555 8700 9181
121 768 9075 2357 1320 3432 6154 3659 3915 9419 5277 6206 4431
122 6114 4645 4424 1835 524 2158 3122 54 7800 4985 7642 4315 3327
123 8032 160 3331 6948 6021 4456 7000 7754 5036 2045
124 451 5155 676 7527 1799 8584 1738 8910 9007 5553 6001 9304 1976 152 441 9819 1918
125 4352 1633 3745 6945 1058 3782 4326 9767 4295 5548 6956 5773 2734 6414 5838 9007 2288 50 4056
126 6209 9666 3554 7911 5068 142 9007 8179 7223 7128 1625 4253 3134
127 2913 7618 4419 5765 3943 5064 6249 8843 1867 2125 7949 8212 3445 6613 5752 8920 3320 2877 157
128 2688 2240 6116 9508 7367 6695 2089 8266 1962 6962 6613 6743 3608 7226
129 3745 2082 2595 6984 8201 5129 3788 3250 4050 786 374 7547 4603 1534
130 8224 1601 2755 4103 2697 3657 4394 5386 427 9718 5494 7736 4409 793 6268 1628 9086
131 1794 4520 7880 7881 4649 7626 6827 301 975 9263 5107 1496 2041 4026 7678
132 4368 6019 1908 68 1750 2727 8089 3211 3867 9517
133 3777 5778 3251 8804 4740 84 1109 7909 5365 9414 5434 7311
134 4945 7793 8963 6759 3418 8090 8443 7627 4077 78 4703 7439
135 562 3858 5412 2453 693 9239 2231 6217 6138 2155 8476 5038
136 6753 2722 3074 2 4293 904 9577 3629 1646 79 6547 5780 148 1717 506 1660 9533
137 6048 4865 4483 9283 7782 1670 2378 267 4908 8108 9296 1586 7219 6613 5112 4189
138 4482 9187 9764 2052 133 646 2790 3048 105 7948 2190 7950 5744 4400 3152 7153 3346 4243 8211 4855 7321 7643 1917 3486
139 5922 3074 1795 3204 7720 2633 5481 2796 4908 3119 9872 3412 2744 543
140 7121 4370 7588 7894 8838 8486 7782 2360 266 780 7181
141 3041 2593 6980 3012 2789 4679 2121 2762 492 9715 5715 1846 4215 9498 511 3103
142 7 2471 9545 1163 78 4398 1781 6997 1269 1398 4056 6682 798
143 9952 8387 7556 4841 4362 5707 972 4204 3885 6446 3031 9367 3579 2013
144 7009 321 9258 7116 4685 6482 1653 2997 3894 3735 345 4924 5439
145 2465 7715 6211 3336 1068 3981 9967 9007 9682 6739 9492 6613 9303 3543 6296 4728 697 3260
146 9158 2761 3050 6315 9421 6030 5583 9299 6613 8536 8408 6430 4479
147 3296 7264 336 5729 8994 4132 5860 5704 2267 5835 3005 431
148 6433 6465 8193 3074 5444 5381 8837 8650 9739 2893 3758 786 148 2873 2365 7709 6431
149 6241 5091 4453 3946 9066 7756 4429 13 9967 6639 2704 2065 5653 8982
150 6272 4514 5507 4997 6598 680 5064 4334 8432 1878 9911 1534 4862 6238 8286
151 1125 8553 8107 427 2732 5869 4655 6325 9688 4249 3867 2172 6335
152 7713 935 6696 3274 8492 9489 1393 7153 9075 7732 2933 3832 4538 6234 8092 6397 1597 7709
153 7363 2916 7909 3752 5546 8427 8205 1777 8947 5686 5974 311 668 2974
154 3169 8481 8291 8468 1109 150 1318 8344 9385 1818 2155
155 2817 8289 7940 8036 2288 6257 2962 147 5172 5748 2166 4567 5271 6360 4730 6938 6427 1535 7327
156 929 5606 4070 2790 3753 4234 3116 8557 3189 6390 6327 3257 6362 7515 2684
157 6112 6437 9990 8521 715 2124 7952 3889 7571 9530 5277 6398 7518 7071
158 9472 321 6467 3079 5324 813 7118 2446 7219 1204 4277 4119 9943 8443 3963 4891 7167
159 9248 7520 4289 5348 998 7367 9161 8528 8722 5273 4153 668 8061
160 578 3012 1414 7783 4840 427 3149 3694 9967 8150 6231 1625 8058 8989 4765 2079
161 768 7362 2437 2535 3752 8808 6474 880 2962 88 6937 2842 3258 5339
162 5539 6404 7652 6503 2345 4330 8331 780 4750 4049 4019 7956 597 4470 7287 9943 925
163 6689 7873 4963 5715 997 7989 2759 8522 6587 4524 4588 2014
164 9507 2115 548 4711 5773 5492 345 3033 6490 3068 605 5055 4159
165 3553 2306 9031 5676 6545 9266 1107 8213 5943 8503 5753 2650 6205
166 8480 3362 2983 1511 7241 5962 5515 3915 1548 2288 6257 9045 7414 6328 6011 9404 1822
167 9968 1268 6233 4329 6777 5034 5114 8956 7820 9709 4718 3743
168 1184 1731 5412 6374 1290 6250 5292 4877 8367 3057 3218 2518 9180 8349 9023
169 865 3298 6834 9686 9334 1318 871 5175 9466 9581 6879 7007
170 4226 4166 7687 2057 2186 2858 7948 4909 2960 4529 9842 1075 5971 8406 760 858 8986 8445 7965
171 9249 9124 9705 3433 4234 746 7150 2511 9551 5811 9139 6708 1271
172 4771 3012 9063 8488 6440 9773 2414 3982 7695 7282 3506 3830 9566 191
173 498 4114 3236 2293 773 1045 4646 282 140 8268 7277 5359
174 6978 2210 8451 9252 7652 2630 9096 7880 9803 8304 2039 4729 2363 5245 7581 6911
175 4873 3465 523 3051 7659 8491 1612 3021 2606 9936 593 2674 1556 597 8858 7134
176 321 2536 9160 9930 3148 7085 6319 5461 3157 5014 6359 9048 473 9305 3613 8990 9279
177 3584 8354 8514 7912 4617 4110 2608 2161 3602 2643 7732 8629 3543 3033 2682 9979 2043 125
178 8899 7907 2340 1192 937 4011 4013 7566 6318 656 7408 6293 5688 5498 4539
179 5216 7153 8802 6868 3622 1976 9243 317 5663
180 8832 162 4898 5415 2567 8168 490 7627 4971 4365 5869 83 3316 5175 987 9437
181 6464 4082 228 6724 7317 6279 4217 7290 3036 4863
182 740 1895 6538 4940 716 9455 2706 5715 6741 597 950 6808 7131
183 1201 3729 6291 4148 7416 1912 2904 7753 3338 7578 5148 1343
184 7680 2049 3137 4609 6465 1314 8738 3074 6691 935 979 9303 1016 4923 1086 5055
185 3940 3012 2504 5322 6859 9936 241 8722 7573 729 1818 5054 8542
186 8132 5543 935 5609 555 8716 9135 3695 687 48 2322 5843 5908 3093 6968 9531 7422
187 7393 7985 6897 274 390 6246 2326 4186 2155 3100 1773 3134
188 2240 9602 6786 9253 9704 2121 8107 8078 8720 373 5174 4311 633 8284 4956 5919 2943
189 5648 338 7939 2532 4390 2662 2280 5850 2124 9132 1885 79
190 6660 1654 4982 9863 2200 7226 1979 9244 5677 4318 9359
191 4905 2798 1426 6258 9459 3667 5268 1204 1717 3001 7867 8092 8638
192 2950 7046 9990 3946 2698 6063 2351 719 3056 882 7762 7475 1012 7033
193 2208 8005 9576 7980 1229 6607 1681 1554 4978 7508 7061 4474 4349 1534 9374
194 7044 2918 3463 648 5999 9007 7760 5681 6035 149 8663 4728 6044 7838 8958
195 448 4035 5705 3497 585 4908 7437 4335 3348 2900 4086 3575 952 2653
196 6465 5451 2763 1837 9041 5715 5044 7030 1144 1880 7865 4094 2175 1727 767
197 8609 2594 1347 1668 6602 4812 7053 6799 4912 9617 1522 5138 3894 411 1468
198 3653 8201 2666 5962 5995 4847 3728 7153 2674 2291 9811 308 9332 8793 8317 9119
199 9664 8834 2115 3715 6947 8004 295 7368 684 3212 8461 9358 3380 8406
200 7652 581 326 3398 1289 2699 2414 9487 4016 145 5267 4340 1973 6551 4855 8922 5980 5118 5983
201 321 5059 1062 9159 9191 4199 5290 780 8877 4527 8431 3824 8754 5909 3864 4351
202 4672 3777 6696 4840 1963 1549 6221 9549 3981 7949 8753 8501 7670 1662 5567
203 5761 3282 7603 5124 6597 6902 2231 4745 6217 4985 412 1550
204 7266 2532 7429 2791 6791 8073 4845 1262 5457 2225 9777 2582 2134 3545 4284 413
205 6084 359 3689 4490 8972 6444 9007 5650 7032 9656 8346 4282 6044
206 3074 4452 3717 6407 2536 5930 4586 3404 9810 115 6613 5206 3894 9656
207 8644 6150 2823 1962 8812 7085 2929 4977 370 2547 3797 5400 5880 1468 5663 4735
208 1730 7539 7699 2245 5176 6425 7083 2588 6541 3597 5710 5727
209 2288 8113 1202 9394 1890 8772 3012 3862 8938 108 318 6655
210 7526 358 1639 647 8202 2283 3020 8973 1326 1903 9907 3767 4057 8505 697 3772
211 3584 352 3074 8293 1960 7660 5996 5516 4816 496 7155 823 9497 6617 7482 6938 2555 2972 540 8733
212 1248 6755 2852 4584 3563 7949 1774 4050 2515 2867 6425 6907 4767
213 8768 7904 5297 1650 6745 729 8955 4363 5467 9886
214 321 9186 1189 6309 2507 909 3597 3151 8815 7762 2452 1625 8318
215 4097 6452 3429 7271 5223 2476 1996 9244 2733 6094 14 7487
216 2370 935 8936 7080 362 843 7534 9072 4784 8978 9843 3446 7709 639
217 9632 5024 2989 6190 6226 2450 2003 6837 8373 6101 4921 26 2590
218 1536 3522 4230 557 7949 1037 4976 5584 4341 4855 4248 985 4378 9115 3132 4893 5566
219 4608 5008 482 8627 6325 725 3943 7756 6141 6510 4526 5807
220 5316 5156 325 4391 9287 105 6954 7724 5772 7024 7056 6705 7314 2035 2134 5719 8060 5980 9533
221 608 642 5319 9609 4172 7759 3120 9168 5104 4145 9138 467 7349 3126 3096 4985 5531
222 576 321 3044 3268 9445 7756 205 1936 9905 6809 5498 7802 9050 6492 1055
223 8512 2274 7589 8392 3337 9067 814 276 7736 9435 59 4572 9309 5727
224 9793 2313 8522 4107 332 1843 7764 5301 1845 9848 7897 3193 7933 1182 7550
225 3939 1572 9831 3913 9387 3179 6413 3344 4052 4151 7704 9688 3961 9980 5471
226 1089 1668 6213 742 3112 5960 4138 9933 2361 6778 3901 1053 1438
227 6048 7169 9989 1783 7416 7784 6808 8123 9293 6429 6205 2591
228 768 6626 7810 5762 2596 199 7819 5260 687 6192 8050 5907 3508
229 7330 6082 3523 9142 2936 8056 8302 9902 974
230 3936 1733 7687 1608 3113 9770 3499 9869 4175 1429 6426 1309 3646
231 9056 8035 6760 9483 6924 3597 9006 8496 2288 8342 7416 5112 7900
232 3264 368 6213 4214 8470 9895 7127 5848 6009 9243 5435 9661
233 1504 9346 8710 6473 7626 8686 3982 5455 659 3155 8628 3830 1816 6938 1756 4957
234 1185 8579 5508 3973 3877 935 4199 937 139 3181 1582 7439 4242 9876 2105 9689
235 7203 9028 6827 9644 909 6382 691 4659 1363 3795 5844 183 1498
236 4704 6193 9235 3205 7319 5289 8841 8090 9517 2253 7949 5966
237 4066 1348 1414 1552 9778 6004 5369 7450 2811 7131 8827 7103 9375
238 4034 8194 1668 3012 2855 9959 1194 3597 5874 7378 4626 2003 1206 4983 5692 4285
239 3296 2145 7169 6402 806 5126 6054 5304 1817 5482 2061 1262
240 114 3459 7699 998 7942 7928 9451 2555 9597 7646 415
241 5568 3520 9409 9092 7268 6341 5445 4400 2064 4177 2033 6613 7353 797
242 705 3521 6402 70 4872 2568 6732 1199 4305 7063 1083 7997 3679 7263
243 4448 2240 1288 4683 8270 4590 4176 1042 499 697 5370 507 3262 2558 1566
244 6565 1095 1930 9226 5772 3917 2349 9453 79 4145 7089 51 6070 1496 4507 8509 5790
245 2048 8801 4001 3362 2 7880 5068 2413 1618 822 6938 6206 3039
246 896 4328 2024 7051 1869 4302 9007 337 6738 9524 5623 2585 5565 7998
247 9633 7938 6374 4298 6539 7533 8046 5038 5456 2962 8659 6581 4278 7575 8926 5695
248 6080 326 5223 5160 2504 9231 1616 7410 4020 6423 1336 6360 569 5371
249 2240 3585 2595 5128 9192 1002 2411 5549 8307 1779 4246 9723 1660 1693
250 3360 420 8555 5516 5484 6413 9806 2991 2511 3091 9301 858 9820 2429
251 6033 5748 181 4197 357 9686 5718 774 8599 1180 6767
252 1731 8998 9897 6859 3244 205 2032 6224 7153 946 1299 7283 7859 8470 6232 4345 9146 5917 4285 9566
253 8672 9029 4233 5514 5386 9834 1003 5166 7951 7219 599 7578 634 8894 6270 4223
254 3617 2755 4391 4168 1384 9842 7413 1239 3866 3322 9370 4925 8062
255 1702 1128 2124 2062 6384 9873 2962 6611 533 1557 1110 9046 8956 8575
256 9072 608 306 6819 979 645 6358 3480 6970 8974 238 2847
257 4032 7200 9825 646 8134 3015 3816 8236 5101 3822 4624 6906 6012
258 9379 4564 5607 7927 9769 330 4234 427 8285 9326 6366
259 7840 256 2976 1328 8610 1829 1414 7128 2233 1484 1820 1647
260 9728 7872 2976 7457 6978 6310 9446 6440 7720 8716 3533 1871 3600 6258 4374 9791
261 3170 8772 9510 9198 9585 8628 6645 3158 2871 7063 5786 4507 316 9533
262 9092 8228 8868 6757 5543 9928 2986 9451 15 9337 4700 3837 6622
263 5412 5157 2630 4167 5897 9326 8720 5235 4404 148 9430 7320 1945 9244 1982
264 1121 487 4265 2154 5962 8880 2226 3091 6613 568 8122 3546 3100 7677
265 9552 2419 7603 2985 3881 6777 6938 3516 991 8847
266 929 8481 5282 6020 8967 1672 4944 7376 7025 3894 4888 5339 6749 2847
267 6593 1890 7762 5363 7156 5236 7301 2135 6187 7883 3341
268 7497 6537 4555 7949 3342 3375 9327 5585 7956 3092 1429 5174 3065 569 8637
269 3138 1347 1668 1669 1286 233 8717 3376 5458 9684 5112 1532 1023
270 1984 3074 772 1526 5176 504 9835 2365 957 1437 2622
271 2240 7089 4867 3877 4792 8760 7946 971 445 6335
272 32 5826 8290 4739 9635 4195 7048 8457 745 6698 299 9323 9579 5964 757 7607 6967 6876 9853
273 3936 2338 4994 4135 9903 8431 2098 6258 4851 4595 5715 2102 3607 9817
274 544 1984 1059 9739 139 5900 9071 8112 2002 6930 9842 6967 6808 9113 5019 8252 3485
275 2976 8610 5762 1478 8488 8777 9610 5258 8657 2962 3702 7482 6811
276 4481 9250 8837 524 8687 7153 9394 1395 3196 4509 1534 3359 2239
277 7074 6402 7924 5988 2549 7205 9669 9286 9031 4473 6059 1007
278 2048 4674 4258 4555 5997 6607 3701 3894 9081 3547 9244 925 7646
279 7395 899 3491 4261 4583 5704 360 3432 3628 1453 9968 1748 5365 1942 3128 860 9244 30
280 2288 8049 2658 8994 2230 2710 1399 588 188 3773 349 3551
281 1376 2785 1601 6149 261 1381 7909 7373 7439 8115 5715 7225 2555 5307 5468 3519
282 769 5219 7588 1831 9576 8329 8364 8020 3673 6204 8093 7165 1117 1438
283 4225 4274 5762 7219 7654 647 2216 7720 7322 4331 4285 8110
284 8932 3876 1893 4293 7110 9318 8071 2986 4844 4749 7885 592 9842 2265 1851 5213 7709
285 9027 3172 8613 935 1866 7115 8653 498 7762 1972 7382 6070 1942 215 3993
286 6115 4966 8903 3527 3529 6345 8432 9842 5587 7509 2679 8219 6269
287 3011 2919 5097 8490 8300 7630 815 2480 4624 9715 4053 5013 7993
288 129 7554 7075 8134 8491 6608 7153 594 1042 5783 8344 1468 3902 158 2718 3903 5471
289 3587 4388 3012 8935 5770 1292 654 431 79 3411 916 9816 4472 3774
290 353 2881 4753 4386 996 9879 2505 650 5678 8446 7663
291 1488 3890 7762 9636 6181 2326 5462 1383 4728 568 2698 6475
292 5760 3366 9831 4842 5579 3310 7762 2291 7699 7542 7191 3607 1753 5758
293 899 3012 5192 584 8712 970 7434 3116 1774 6001 9170 5715 1400 3418 5983
294 8544 4305 4610 5990 6119 8201 6345 9673 921 569 5724
295 7968 7137 8515 6 1670 1351 9928 5869 7314 4435 4824 8505 5722 6458 5307 2076 3836 2335
296 34 229 9253 5254 6058 2059 940 5650 4983 88 792 7355 2555 3932 7358
297 3239 8105 6606 5199 3216 1169 3314 2643 1652 7830 6776 8696 5181
298 8000 6053 4037 5415 8492 9903 112 2768 2288 3249 2962 5076 3894 4440 6587 3035 3902 6303
299 2688 992 8994 8583 7817 4555 6413 3536 1681 7413 7606 7351 2327 8729 7261
300 5344 1121 321 1896 684 3596 5262 9902 1810 5491 949 87 6683 1083
301 369 7523 4675 5045 2662 9176 2473 2553 3994 4221 926 1534
302 8420 8005 9159 232 8074 6738 8722 6452 7638 183 7609 2682 5147
303 4963 8202 5674 812 4910 3022 6127 7503 6673 2900 8724 5048 4988 4828 253
304 2560 9065 683 7438 8467 3316 1876 756 9590 6007 1305 5113 6330 8507 9340 5439
305 6432 4292 9352 9547 8844 3502 6482 7029 983 5339 2076 318 8990
306 3970 3972 5799 3883 8907 6380 3823 2031 2223 5104 6994 5267 7699 6299 7677 3485
307 321 7749 9829 3622 1863 6793 8522 1613 335 3344 4180 8758 8822 2328 1625
308 3074 3012 7652 4741 4360 1416 7883 3788 2190 5551 7057 757 4469 184 8445
309 4691 8886 2710 3478 6295 1591 951 937 6395 3452 7567
310 3570 213 7413 9782 919 5833 2393 4410 2666 7883 6158 1742
311 4305 7969 7570 2676 6996 4918 2279 7961 3420 6108 1439
312 2962 2995 37 1063 4071 6120 201 506 9644 7101 2767
313 1777 7377 3618 2962 6741 6021 2982 3884 3468 2942 3598 3423
314 1061 4437 1417 3546 9339 6891 3725 2558 2814 990
315 8994 3621 5094 263 5808 2128 5458 18 2643 7605 7606 314 3899 4735
316 930 8514 6178 5667 1443 9251 7525 5962 9740 9164 2285 6029 7379 6935 6071 2136 8056 1784 4508 4286
317 2258 5991 3672 7161 7002 2043 2811 7883 5228 6158 8462 7807
318 980 372 9415 4439 120 4440 5994 7450 6186 1435
319 4400 7296 3123 5780 740 9365 3546 8044 9966 8751 5919 79
320 8259 1860 1382 8329 6537 2795 1742 2962 9683 7155 7861 6613 2998 247 2494 9215 6911
321 1376 2240 2 1223 2793 7949 7375 2962 9237 2774 6299 6011 7229 9374 3775
322 8768 7456 5394 4035 5957 1046 5910 298 8603 555 1196
323 1190 1606 2537 6826 2923 4270 4462 2833 5715 4532 8598 1848 8312 2170
324 353 7970 5701 3944 1722 2218 4538 4763 9980 1230 4063
325 8929 9188 4837 8711 9481 5612 7823 1040 3665 2194 6035 4310 2903 2615 7481 6747 5277
326 3057 2 1539 52 5478 7559 4120 1914 2685 4895 7087
327 4257 4643 9805 1966 1134 4558 5038 5073 8694 2136 4570 8219 6205 4414 6239
328 4994 259 2856 4171 2060 3118 7086 240 2548 5236 6170 2205 1117 5951 3231
329 3233 5986 5860 8714 8813 7342 6672 979 6900 7604 3126 5049 8510
330 8994 4518 1003 8529 369 2420 7829 7285 6230 8407 4088 5369 9817
331 9104 2560 320 4466 1299 8725 5829 8293 9656 105 7931
332 5412 3592 5226 238 9168 2576 9008 2770 4341 5431 8343 5246 2046
333 583 7880 5899 7340 8528 4176 6673 4882 4466 8724 1333 9941 2327 857 5788 4510 2143
334 3200 9123 6188 2158 2703 5872 6864 6613 7126 726 9337 3899 9211 7294
335 5158 6408 1939 3923 2771 979 7540 8661 7832 6169 5689 6778 9532
336 2 8227 6116 6918 583 5833 8874 7277 9680 3666 755 6964 6518 9946 3196 8286 1534
337 4704 1299 3300 4646 8072 4264 825 1519 9983
338 353 3395 4772 8836 4104 5962 2060 2605 2962 7255 2327 7546 9467 5404 4958 5727
339 4580 1508 2340 70 6856 9866 6538 1580 9134 5166 8560 2288 6226 466 7668 8248 1784 447
340 2147 1483 3628 4493 589 79 2288 8661 3224 4314 4220 7837 670 9822
341 2401 5570 1058 5418 3408 5937 1745 529 2962 6292 3286 3257 7322 1979
342 1712 7762 9187 179 36 6229 3703 7081 6396 9469
343 1665 3012 452 2726 6986 7435 8527 2644 3765 7670 8986 9691 1691 8862
344 3521 4324 5061 5798 8294 4295 6343 7341 4564 8470 3448 2843 2715 5244 9533 7742
345 5154 6118 1734 1160 5064 4713 3825 689 4377 1723 9883 3453 7999
346 4144 9889 2003 8916 4421 4407 6744 312 3785 8443 3709
347 5536 3106 8773 7013 935 4905 2698 847 3536 240 3858 3475 3155 243 980 7733 732 7101
348 2816 9859 1220 7240 9481 5515 5483 1868 3566 1710 8078 3023 2736 1105 2994 4691 4820 8824 9690 7356
349 3936 1252 5093 6054 2311 6888 4393 3692 6413 3406 6095 466 7413 1782 3064 2393 7423
350 8514 3906 8101 1479 7688 5064 1066 5707 1901 979 2421 3382 1211 9499
351 3648 288 4289 321 9002 8556 5132 5869 2098 6358 6743 2999 6968 3675 8447
352 6881 4418 3523 3139 1988 4805 8293 6216 7049 3979 6547 5715 1620 6644 542 4286
353 321 9123 6339 5002 4522 366 4850 6611 6518 4664 6137 6459 1948 1246 5439
354 0 2112 5920 4001 4738 7852 205 5870 272 9968 437 8985 1753 7354 6140 6143
355 9317 7174 935 9224 3978 8428 2061 208 5298 8309 2485 8443 4637
356 4115 7796 2678 4006 8406 232 1673 6988 8108 6303
357 4993 3266 4588 7373 4305 7699 7861 86 4983 5239 4954 412 5469 1278
358 2240 6054 7466 6413 2861 8145 820 1044 852 8757 3989 6519 3037
359 4101 6569 3113 8650 1355 1003 6700 5581 5005 6895 9903 7413 8566 3542 5848 7321 5340
360 4513 321 7490 5235 8788 7652 6316 172 701 2157 9677 8846
361 4784 1554 915 9752 5817 6827 5723 9051 5500 8540 6637 4255
362 5666 3427 259 9958 1286 4551 2894 5358 7152 4337 210 6100 6617 8507 2844 7295
363 9777 6755 532 4247 1191 2263 5928 6361 7883 8446 5423 2975
364 7106 2437 6245 2346 2091 9647 7604 6356 5748 7797 2295 3576 766
365 321 5634 996 4901 5801 649 849 2673 3990 6488 440 4571 28 9533
366 4354 1893 3431 9994 5867 7120 84 4853 5781 1431 9559 2168 540 5982 5086
367 864 5217 4995 4230 8519 8711 589 398 3278 7121 8053 152 8506 9020 9727
368 9203 8037 7895 2330 5835 9326 1710 8703 5183
369 1216 8069 9768 2155 6670 7471 9234 5778 2962 7059 8278 2332 9788 3007
370 6535 5608 3560 2346 1355 4527 8431 720 7120 2353 3059 4660 6836 6968 4126 6559
371 451 4355 2836 679 8056 6714 3436 4893 5437 4751
372 2176 321 8770 3074 3882 5484 4814 6768 5202 9075 4694 1847 3865 1274 9979 2716 1309
373 3333 1319 3273 1836 5646 1775 6547 5109 6295 8249 7866 8125 7167
374 2402 8712 4491 9197 79 7824 8338 3097 3961 6138 4668 766 6239
375 129 1890 2467 9865 5867 4812 3023 8529 7732 4661 2487 8217 4762 6140 607
376 3552 5856 6244 7044 9641 9129 6698 2156 7247 2895 1105 9236 6549 3992 3096 348 8252 927
377 6176 2788 5034 3436 9518 1075 979 2580 7413 4438 7066 859 5691
378 4896 2657 4099 3971 2121 9994 9968 4434 3668 5402 6586 9372 3836 4573
379 2464 3936 7745 1316 8262 1447 1210 1451 9659 8958 5919
380 6981 5446 4199 2283 3821 2959 7602 4403 1813 1718 3894 3031 3451 9917 894
381 995 932 7782 5322 3275 5451 8491 3148 653 7567 2289 5715 5748 4727 3640 8506 1562 9498
382 8224 4609 931 8425 9901 8527 6672 1394 979 5492 247 2039 7096 6200 8730 4923 2750
383 7968 1697 1956 4263 4231 3753 9930 1900 8718 9138 9364 1975 2136 7737 6297 2238 703
384 865 2434 1059 7429 8806 6278 935 3982 2895 17 7347 1144 4825 7675 3836 286
385 1636 9348 6951 9000 8329 3434 5066 5227 2315 205 2962 5658 9306 6490
386 8832 7528 2760 4618 9035 5068 5358 5391 9968 6706 5650 4343 1081 8668 3678
387 1665 9954 9350 5194 3146 2349 8654 9968 3602 6931 1908 6268 6108 1948 669
388 6082 5637 7334 5318 4650 3757 5103 9872 9968 7153 7060 7223 2460 7036 7903
389 2562 9603 1668 741 2215 6445 7278 3759 3376 1362 4531 3711 3743
390 6658 7266 3460 421 4008 5065 2668 6167 8537 5307 9404 572 4093 8125
391 6016 8481 4836 4326 9015 9096 5000 3048 7658 3886 3231 5279
392 4035 9092 2359 4297 4937 6089 1721 2364 2381 2813 6398
393 6240 2 8804 4199 3530 7339 3855 4244 1015 218 4314 7100 3292
394 5344 324 5416 3053 4078 6706 8276 8244 8885 5078 9272 6296 2904
395 321 2604 6092 2446 8271 3536 8914 4179 6869 1686 2934 6871 2679 8024 9178 2555
396 7137 6342 2922 267 1901 6100 6042 4347 2715 1438 7294 7038 1919
397 6752 1794 4674 3940 522 1006 5810 5432 57 7802 9979 7485 7326
398 480 1665 4035 5157 8294 5351 8395 7085 9363 5715 2837 631 7223 8699
399 2818 9444 5031 3144 3530 9838 9842 3189 4279 3575 8280 4634 1502
400 1059 5637 2919 3916 8239 1936 2673 2037 4533 7256 5880 9721 9885 1694
401 3905 2306 6563 7719 5258 5803 3214 2228 244 8725 6997 8985 9021 3391
402 7089 1553 8579 2388 9828 9272 4873 9245 3838 6767 1343
403 6051 6819 1637 7338 4369 9875 7285 4601 2074 3579 7163 4892 7999
404 5377 8130 2 4036 5643 3211 2765 3661 7662 816 6736 3478 1657 4699
405 9505 9731 4260 6628 5412 3909 2821 2567 1710 8687 79 1617 6962 4149 4186
406 4034 5861 3077 7430 7946 1003 8012 1390 5807 5491 2262 3961 1823
407 5089 769 2 1477 6151 6152 1611 6188 7566 1431 2808 9592 6873
408 7104 1314 3395 3877 4199 2121 1770 7723 8716 6317 9997 9453 6447 9647 4117 9336 2552 6973 6270
409 593 9762 1698 3987 3908 6852 5845 935 5112 6506 4604 9533
410 8658 8871 8731 4187 3291 3867 2844 6044 9277 8271 8671 9903
411 51 1878 199 5241 1017 8458 7371 6205 3310 7950 4111
412 2337 6465 611 9636 3015 5962 5195 6221 4973 79 3122 6840 2554 2749 1374
413 3200 7234 582 9638 3111 3720 2153 8810 3982 3664 4721 9106 1430 445 1117
414 6481 6641 578 2 2835 8966 519 2935 5577 3818 6236 8686
415 6368 1508 3557 2501 8005 6246 5062 2569 7883 4429 7057 24 6558 7390 5599
416 9808 8801 4994 7538 1414 4199 9704 7385 1946 4955 7084
417 2240 2833 3777 4226 8994 6548 1269 646 9990 8872 4603 5100
418 2754 6883 3492 9543 2760 843 1932 1710 8879 2896 7474 7762 851 7860 2877 7262 8894
419 6592 2530 3684 7174 2118 9416 6728 4586 5962 9007 86 2327 1176 9338 986 6170 4060
420 5827 1668 3557 9319 7571 6164 3414 1750 2583 1208 8696 1179 2044 2013 8319 4223
421 5824 7296 1895 3271 7050 8971 8431 3536 1076 952 8954 6139 1563 5341
422 4932 900 5189 456 7531 8684 5716 4340 3189 6906 5498 3197 9021
423 7585 6051 6627 9958 5351 4946 8691 2611 3702 6104 8920 3032 8122 8669 766
424 6976 6529 3842 2599 3753 745 6476 1517 6095 6129 2548 8116 1976 478 5662
425 8737 6274 9316 9160 2857 1357 3758 3633 9714 9972 4021 6583 2615 6426
426 4576 2690 3602 1157 3062 6519 9882 5051 4412 3548
427 4224 1282 6665 4233 2762 5930 9293 5070 6834 3285 8056 5177 1273 475 412 9534
428 5184 8369 7874 579 6099 7652 2950 7240 6089 669 7294 7311
429 3521 9698 8227 3781 9669 9319 3495 2986 6029 7053 2737 2899 9939 6355 7093 1653 501 3894 6074 7964 9948 9822
430 7521 2 5283 4359 4199 6312 938 9770 6765 6797 526 79 819 5011 3130 2844 6621
431 4 9829 5766 2376 5577 779 141 3534 9265 9842 5685 7896 7289 26 9467 6492
432 5697 6563 9127 169 6473 5739 7883 2962 4340 8822 9113 6010 6939 7355 605
433 8168 585 2954 7372 332 1517 6798 2286 2960 8564 757 9400 1403 5725 3103
434 1568 4195 3235 968 3529 5546 6539 2962 3094 2870 6582 2422 6073 7422 5823
435 7088 801 3074 4312 8025 5994 4540 7437 3709 6286 3982 5887
436 6885 3205 2121 745 4586 7115 6002 4340 4662 8374 1303 8985 8669
437 2304 482 9221 9064 4808 2857 76 686 2543 7796 5142 1721 6715 5723 5085 925 5726
438 417 773 8713 3625 6859 2316 2829 7823 7536 9265 1430 5848 3995
439 4706 9604 5255 5258 6130 6677 9622 3382 8470 2045 2653 6974 8990 3007
440 6082 7939 9764 7947 3853 4941 205 9330 3123 6260 8536 3864 4377 1371 4030 6687
441 3056 2240 725 8261 3830 6072 1034 316 6172 5758 3247
442 4065 6754 420 8198 7399 2760 5584 3571 3635 5652 4693 3382 1335 925 9533
443 8864 3778 8644 8711 4683 3116 6829 4271 79 6354 6291 9270 2201 4445 5694
444 8912 4339 2231 4792 681 6697 6139 4396 7564 1997 8782
445 1952 2403 9604 550 2536 6570 6218 2349 7023 7599 9872 2481 6929 6258 5495 7739 2269 8958
446 1248 8166 9801 6059 6765 9870 9040 4050 7892 6613 1752 6937 7006 7103
447 4320 2979 6020 2245 3655 4199 2090 5293 6829 4558 8303 2865 180 1524 8438 6102 8920
448 4976 6385 5091 1844 3862 7274 4203 2861 925 8079 79
449 935 3528 5609 6060 9997 240 8596 9335 5976 1784 5850 7387 4923 2555 6524 1276
450 5922 4610 6468 325 5062 582 8967 6824 3568 2518 5911 7351 1432 2173
451 865 2403 3363 9286 3687 1807 5263 8432 8337 8370 2101 8406 7736 1368 7992 9242 1085 4223
452 3232 6208 3650 2082 7305 7949 6447 6386 8213 7221 3352 5880 1561 6748 6334
453 3 3269 550 1224 6892 2861 2158 8687 2038 5017 6425 3163 1437 9533 8094
454 8160 2288 5697 6049 9941 9846 3192 1899 1163 3196
455 8625 882 2803 1252 6789 8293 5591 5001 698 2091 6637 1615
456 2882 1411 3012 8293 3783 7816 6920 4682 1451 4171 9327 79 2962 6010 3354 2235 3323 3260 9244
457 7201 7079 8463 5682 5268 5845 3894 4023 187 9820 1117 4958 1375
458 6915 1125 5959 1255 7367 2857 9707 9771 2699 7083 79 208 4306 3378 3189 7516 9533 5758
459 9568 849 6754 2818 372 1847 7240 8809 1020 5021 398 6783
460 5792 2240 3106 8675 6821 3657 1454 79 4114 1683 7030 4279 2171 3260 5821 2846
461 9088 4624 3025 1170 3922 2243 1620 1446 1799 2599 7192 4169
462 8080 1906 7762 3043 7318 2614 8199 6396 1836 4684 541
463 6561 1380 1668 935 9545 4842 5708 9197 143 464 3184 1396 9655 120 1752 2427 1308 9436 7678
464 9957 7302 6441 2985 4306 8339 2998 183 1496 7449 5753 5722 3004
465 7361 2850 5 2311 7371 8206 1746 8116 3989 4021 4118 3256 7262
466 4420 1194 8043 2542 4980 3253 2262 4856 698 3163 6269 2717 2653 542
467 2240 5169 7042 5204 6661 9973 6789 3479 42 9659 3133 2319
468 1824 6160 5955 7945 506 5963 8828 108 3055
469 7392 7841 3026 1331 9652 8118 2248 2346 1675 2555 9134 9902
470 9696 6409 2028 3180 6926 5006 9139 4757 5270 248 9688 1147 5627 7966
471 4752 8626 9154 9028 4390 3800 8010 8715 1997 2797 1790
472 8839 3207 1831 3216 8020 9686 9209 8345 2650 6938 6780 7356 1055 2911
473 1730 5602 8133 2502 871 6343 4845 8077 2288 7090 915 8693 3125 280 3032 3706
474 3792 5649 4658 2484 4422 774 7368 3480 2716 1069 1534 7647
475 4736 8353 456 1227 4171 427 6156 2541 689 4820 8794 6235 508
476 6817 7305 745 8203 5103 3088 1329 6323 5715 5429 439 8183 5048 8153 8251 8411 1021 2239
477 9314 4102 4457 5002 1706 139 9005 7342 4273 1972 7732 3447 4472 7992 5370 5247
478 1569 7874 7780 1668 7718 359 6987 4075 5677 8272 2416 5715 8021 7351 7608 4442
479 4485 901 1383 6056 2536 1992 2379 5419 7757 8881 6676 1461 762
480 8928 9104 8032 9920 6835 6980 9559 5035 9437 4829 511
481 3936 3746 8419 3461 6860 9260 8464 4177 2035 8345 5308 7260 1726
482 993 6470 7688 936 3017 4586 9005 7694 4815 8911 5647 529 6099 3988 3093 3383 2712 4731 1694
483 2 3404 590 4463 2512 6163 7222 6168 376 506 4030 2590 7999
484 6992 7124 5845 838 5927 9319 8921 8090 282 1324 9421
485 1379 4838 938 3243 4043 8589 2766 1424 5074 5849 1594 5147 5885
486 1506 2790 4935 5673 6315 9932 1389 9903 8247 8602 6395 699 254
487 4705 5153 7940 8230 4072 4457 3341 8912 8499 1973 5754 6812 5661 5631
488 7554 7139 5443 8803 1317 1734 7782 3144 3371 8912 7890 370 3129 9754 4378 2685 7582
489 5219 9443 7651 8931 6116 8134 5864 7500 2669 4270 5391 8591 9041 1109
490 9730 3304 3144 1003 2380 9519 7729 8210 2962 3893 6423 3448 1213 8638
491 6528 8225 321 1766 8295 6634 2380 9968 4917 568 3900 6909 3743
492 9376 7456 8257 321 1474 418 4486 3657 5389 1364 5972 5397 9944 1144 9019 8157 1918 5887
493 4512 1409 7650 805 9192 5482 5194 2347 3630 5998 8879 6613 6422 761 6554 9244
494 7008 6436 9509 6216 4234 9196 9485 5326 912 2800 7058 8250 6555 5659 9886 7775
495 6624 5329 4129 1138 7011 7668 6902 4983 986 3628 3612 6191
496 8483 8580 3142 4007 6121 9 9931 1105 3954 8920 5849 186 314 7742
497 9793 117 9590 3334 2423 1320 5289 4027 4941 2270 3055
498 2434 263 8105 3371 1325 7023 143 4783 6065 4145 2741 2551 2713 9563 5758
499 8096 1825 8737 8178 4755 7699 5637 614 6136 6014
