37 281 231 87 79 271 170 8 85 162 283 295 132 191 119 111 29 254 172 288 259 260 131 43 263 239 267 32 210 40 293 289 212 124 107 96 113 180
39 184 133 151 219 50 47 274 92 53 116 222 227 137 77 114 209 104 213 296 63 234 128 3 192 130 31 203 206 205 1 220 158 204 224 126 51 277 65 69
22 48 27 168 120 44 255 34 118 100 90 214 197 249 292 287 19 135 261 15 49 70 284
0
0
0
0
0
0
0
0
0
0
0
0
0
0
0
0
0
0
0
0
0
0
0
0
0
0
0
0
0
0
0
0
0
0
0
0
0
0
0
0
0
0
0
0
0
0
0
0
0
0
0
0
0
0
0
0
0
0
0
0
0
0
0
0
0
0
0
0
0
0
0
0
0
0
0
0
0
0
0
0
0
0
0
0
0
0
0
0
0
0
0
0
0
0
0
0
0
