37 281 231 87 79 271 170 8 85 162 283 295 132 191 119 111 29 254 172 288 259 260 131 43 263 239 267 32 210 40 293 289 212 124 107 96 113 180
39 184 133 151 219 50 47 274 92 53 116 222 227 137 77 114 209 104 213 296 63 234 128 3 192 130 31 203 206 205 1 220 158 204 224 126 51 277 65 69
44 48 27 168 120 44 255 34 118 100 90 214 197 249 292 287 19 135 261 15 49 70 284 11 207 28 251 66 272 97 52 174 279 16 196 155 122 154 291 20 183 56 199 125 13
41 253 150 235 290 143 54 17 159 82 237 76 57 4 108 161 36 179 169 275 33 193 105 134 216 298 240 223 189 165 270 81 147 238 80 243 22 160 285 12 218 262
39 286 103 256 18 84 187 178 268 115 252 117 37 140 2 208 228 106 26 0 225 181 244 42 64 129 217 46 89 242 157 23 145 297 202 73 245 241 95 246
40 144 282 182 110 67 99 230 5 25 136 24 109 6 229 195 226 265 194 190 257 152 247 83 299 176 276 175 233 185 250 39 86 71 221 72 266 236 166 10 112
34 91 38 280 41 88 200 264 269 211 94 232 9 74 45 62 141 14 142 93 186 156 198 148 102 164 127 188 167 177 153 149 75 258 101
24 138 171 68 98 55 78 21 163 294 60 146 173 121 139 273 58 248 59 215 278 7 30 201 35
2 123 61
0
0
0
0
0
0
0
0
0
0
0
0
0
0
0
0
0
0
0
0
0
0
0
0
0
0
0
0
0
0
0
0
0
0
0
0
0
0
0
0
0
0
0
0
0
0
0
0
0
0
0
0
0
0
0
0
0
0
0
0
0
0
0
0
0
0
0
0
0
0
0
0
0
0
0
0
0
0
0
0
0
0
0
0
0
0
0
0
0
0
0
