38 281 231 87 79 271 170 20 118 288 239 267 32 124 67 208 209 104 11 69 48 196 155 66 272 97 251 242 145 178 52 130 1 279 2 165 247 169 274
36 92 53 116 222 227 289 212 176 187 223 189 117 37 140 16 215 228 106 154 291 297 142 206 205 257 152 181 12 173 186 183 143 262 153 149 132
37 191 119 111 29 254 172 43 263 259 260 131 174 126 51 277 160 49 100 90 146 84 269 81 76 270 229 25 192 240 141 266 9 211 151 135 293 77
34 114 193 105 137 236 162 283 295 113 244 42 268 255 217 46 89 26 175 238 204 3 201 195 287 194 112 120 98 264 31 71 47 94 233
29 33 296 63 219 50 213 250 64 199 207 28 73 258 101 282 182 147 115 252 237 292 83 248 59 280 17 30 123 278
26 177 34 56 216 298 4 139 22 203 224 243 38 166 10 157 96 45 163 23 78 197 55 6 138 5 256
23 18 74 13 253 150 235 290 276 44 107 57 241 93 82 202 128 121 86 158 70 190 265 35
15 164 127 8 85 159 109 200 102 284 245 40 185 61 68 27
14 168 134 180 261 15 285 125 14 19 188 129 21 230 214
11 232 65 39 144 88 226 156 225 198 91 122
10 167 7 108 161 286 133 220 171 273 60
6 221 72 75 249 294 218
6 54 41 275 246 103 95
7 184 62 110 24 0 210 58
5 99 148 80 299 136
2 36 179
0
0
0
0
0
0
0
0
0
0
0
0
0
0
0
0
0
0
0
0
0
0
0
0
0
0
0
0
0
0
0
0
0
0
0
0
0
0
0
0
0
0
0
0
0
0
0
0
0
0
0
0
0
0
0
0
0
0
0
0
0
0
0
0
0
0
0
0
0
0
0
0
0
0
0
0
0
0
0
0
0
0
0
0
