37 281 231 87 79 271 170 20 118 288 239 267 32 124 67 208 209 104 11 69 48 196 155 66 272 97 251 242 145 178 52 130 1 37 173 132 183 274
37 92 53 226 235 290 143 262 158 137 77 114 206 205 257 214 197 111 90 152 247 46 138 126 51 154 291 297 106 120 100 17 135 165 270 2 293 169
34 275 33 193 105 289 213 266 241 278 3 192 160 49 70 284 42 268 43 194 229 237 76 16 215 228 142 256 279 9 211 151 240 84 175
34 227 162 283 295 113 29 254 172 222 238 217 245 86 71 185 250 119 50 47 190 199 12 176 269 81 292 287 112 123 189 94 233 153 149
27 14 249 204 224 263 261 15 131 174 243 219 202 255 22 128 177 31 236 280 10 23 25 201 181 264 141 186
27 180 184 133 63 159 82 19 147 109 6 253 188 64 244 258 101 89 26 98 83 248 252 78 265 55 182 30
23 260 285 134 56 191 129 73 282 107 96 45 230 5 117 195 223 68 298 163 140 115 59 35
19 164 127 57 4 139 38 166 232 40 225 28 44 121 157 102 27 146 61 93
12 7 108 161 80 18 74 58 198 171 200 207 122
12 277 203 13 8 299 210 144 150 60 187 39 91
8 36 88 220 286 103 95 218 21
6 72 296 246 276 273 156
4 259 125 24 294
4 234 110 75 62
3 221 148 136
1 85
2 34 168
2 41 212
2 99 54
1 65
1 216
1 116
0
0
0
0
0
0
0
0
0
0
0
0
0
0
0
0
0
0
0
0
0
0
0
0
0
0
0
0
0
0
0
0
0
0
0
0
0
0
0
0
0
0
0
0
0
0
0
0
0
0
0
0
0
0
0
0
0
0
0
0
0
0
0
0
0
0
0
0
0
0
0
0
0
0
0
0
0
0
