38 281 231 87 79 271 170 20 118 288 239 267 32 124 67 208 209 104 11 69 48 196 155 66 272 97 251 242 145 178 52 130 1 37 173 132 183 274 0
40 225 57 4 108 161 219 50 47 9 211 151 204 3 192 160 49 100 29 254 172 43 194 253 297 106 154 291 16 215 228 142 206 279 2 126 233 247 169 165 5
38 111 90 214 197 263 259 235 290 143 262 158 31 236 289 42 268 222 238 76 270 81 147 109 240 223 189 293 199 12 176 135 94 257 278 149 6 7 8
34 85 162 283 295 113 51 277 73 245 241 93 186 64 244 258 101 131 255 22 153 256 205 280 292 181 120 152 229 84 10 77 175 13 14
32 249 17 159 82 237 217 46 89 26 44 174 243 269 114 266 86 71 185 250 119 195 141 252 112 265 15 18 19 21 23 24 25
33 136 182 110 227 137 40 63 38 166 264 56 70 284 83 157 96 45 163 117 190 191 98 138 55 78 115 59 27 30 123 28 33 34
29 180 184 133 220 128 177 187 285 125 224 202 68 282 139 122 207 287 248 35 36 39 41 53 54 58 60 61 62 65
26 216 298 203 193 105 92 226 156 261 198 230 72 140 74 75 80 88 91 95 99 102 103 107 116 121 127
27 221 286 164 201 246 144 213 171 200 232 188 129 146 134 148 150 167 168 179 210 212 218 234 260 273 275 276
3 296 299 294
0
0
0
0
0
0
0
0
0
0
0
0
0
0
0
0
0
0
0
0
0
0
0
0
0
0
0
0
0
0
0
0
0
0
0
0
0
0
0
0
0
0
0
0
0
0
0
0
0
0
0
0
0
0
0
0
0
0
0
0
0
0
0
0
0
0
0
0
0
0
0
0
0
0
0
0
0
0
0
0
0
0
0
0
0
0
0
0
0
0
