15 213 242 271 12 141 265 293 256 59 112 288 272 151 257 0
17 33 259 156 68 282 10 185 181 152 196 106 43 126 94 206 208 1
18 75 285 114 243 111 121 101 119 201 98 104 135 49 233 153 132 130 2
18 180 95 96 11 219 258 205 16 48 154 67 143 155 123 240 77 165 3
19 296 127 290 63 244 170 25 89 131 223 289 142 228 178 69 149 173 274 4
21 212 13 260 214 284 140 73 207 83 42 70 35 266 252 71 97 189 84 247 169 5
21 216 161 224 245 226 50 295 27 197 190 292 138 287 297 37 215 262 9 278 211 6
24 54 85 15 21 204 146 39 241 177 209 160 283 78 145 47 176 194 279 229 52 175 183 7 8
24 80 249 203 294 107 19 281 14 217 237 236 250 81 124 20 30 192 120 186 46 17 18 22 23
28 116 148 276 273 74 125 174 82 102 298 158 61 139 269 235 248 238 31 182 251 100 231 270 24 26 28 29 32
27 103 162 92 150 105 113 277 202 239 163 157 76 195 147 90 264 55 255 51 280 66 34 36 38 40 41 44
26 62 133 159 218 60 198 91 188 128 254 109 45 117 93 118 291 115 199 53 56 57 58 64 65 72 79
29 144 136 227 171 200 137 232 129 230 253 191 268 86 87 88 99 108 110 122 134 164 166 167 168 172 179 184 187 193
13 210 261 220 225 246 267 263 222 221 234 275 286 299
0
0
0
0
0
0
0
0
0
0
0
0
0
0
0
0
0
0
0
0
0
0
0
0
0
0
0
0
0
0
0
0
0
0
0
0
0
0
0
0
0
0
0
0
0
0
0
0
0
0
0
0
0
0
0
0
0
0
0
0
0
0
0
0
0
0
0
0
0
0
0
0
0
0
0
0
0
0
0
0
0
0
0
0
0
0
