38 0 54 41 179 162 167 296 220 286 103 161 234 4 108 281 19 110 174 87 79 271 170 8 85 137 236 29 254 172 222 227 289 212 124 107 96 113 180
40 33 164 7 294 36 116 92 285 134 216 226 260 53 267 32 210 40 63 204 3 136 24 109 203 193 105 125 13 253 150 235 290 269 97 251 66 272 81 76 57
35 221 65 168 34 80 184 133 249 159 127 88 225 245 200 102 99 230 68 213 209 244 11 207 28 160 131 255 217 282 182 73 42 56 90 214
32 275 75 72 148 276 273 144 187 38 232 74 224 263 239 185 82 111 64 277 147 121 18 284 258 198 259 119 50 47 9 211 151
36 246 299 62 95 58 15 261 218 171 44 128 60 241 146 86 158 166 197 237 22 6 190 268 118 238 31 291 20 70 112 26 283 295 266 240 223
25 156 129 21 91 188 39 202 14 122 157 243 89 61 191 177 48 27 265 145 16 196 155 154 229 126
25 163 298 117 195 23 114 140 101 25 10 93 201 83 287 139 219 205 292 181 199 12 176 143 262 153
24 138 5 98 248 45 35 242 250 78 264 106 51 115 152 55 67 142 228 71 270 178 52 43 231
22 141 59 104 192 280 252 100 215 17 288 297 30 120 256 206 279 186 233 37 189 293 69
23 1 194 135 46 94 123 208 49 84 278 173 77 257 247 149 169 132 274 175 2 165 183 130
0
0
0
0
0
0
0
0
0
0
0
0
0
0
0
0
0
0
0
0
0
0
0
0
0
0
0
0
0
0
0
0
0
0
0
0
0
0
0
0
0
0
0
0
0
0
0
0
0
0
0
0
0
0
0
0
0
0
0
0
0
0
0
0
0
0
0
0
0
0
0
0
0
0
0
0
0
0
0
0
0
0
0
0
0
0
0
0
0
0
