100
0 8321 4740 2436 2821 902 774 6919 3847 520 1419 6031 9487 8719 9492 4245 8984 9624 6299 5403 1435 4764 2078 5409 1826 5796 3366 4646 8742 3881 7338 2347 8619 299 4909 6448 1714 6451 8499 2996 9909 821 1590 183 9271 8122 6203 9148 7740 3644 4670 7746 6722 9026 3524 7622 8263 6858 6731 8140 7884 9934 211 4563 9813 9046 8662 3548 4701 9949 8414 3167 8545 2787 3431 6759 9448 8044 4205 5742 2671 6898 501 7928 1657 5498 9467 4733 1022
1 4992 7425 7553 2053 2566 4487 6280 906 4107 1163 3599 9104 4368 785 4881 916 2708 8084 6165 2325 8345 8473 922 9115 1564 4263 9515 2220 9645 2605 8238 6190 3760 6579 7988 7861 9269 6069 8373 4150 4919 55 4920 3128 7352 1593 700 3260 829 8126 8767 4034 835 68 1093 8649 4810 3914 5069 463 2896 2256 8273 2131 9939 6869 6999 7001 5593 7387 4571 8414 4831 6112 9825 9828 3812 5348 4324 2789 7909 1510 6503 1511 1767 8811 8300 622 6640 2161 1138 627 3956 8953 8191
2 512 6916 5642 1043 4377 8217 3865 8730 9757 7968 1570 7716 7462 5673 5674 8491 43 5419 9774 1327 559 2097 6451 1077 3895 2871 8762 8507 2628 840 9288 9546 9802 3148 78 3151 9314 9060 7012 6501 2406 619 3180 7532 877 3697 9080 2682 9851 3196 4999 3472 401 2451 9620 6037 1173 8093 4254 1182 7840 161 7336 680 6313 8875 428 3757 1453 6319 5297 4789 2236 1472 8130 9923 1220 453 969 8394 7115 9931 6092 3277 9679 6097 9941 6359 6105 6106 7131 992 8932 2025 9709 2799 8431 3828 5109 9211
3 9219 8199 9223 3336 8968 522 3089 7959 8730 1562 8987 2333 4125 6686 2847 3872 9504 9760 6689 43 4396 9260 5167 8497 564 3384 1341 7741 1090 8772 4935 1352 3144 9032 3147 4428 1872 5459 598 4182 8279 5208 5725 1634 4964 9829 7271 3433 8811 622 3442 4212 9081 5753 4219 8571 6268 5247 4224 3201 6787 9860 1924 1670 8072 4745 4490 2186 9354 1168 3729 8850 148 2713 4765 4001 5796 4775 9145 9661 3774 3006 4804 8645 4296 458 2520 5339 5595 6622 6111 8929 1761 4578 8418 1252 9958 2028 242 3575 6652 4863
4 2560 1536 9604 2309 6411 5772 1932 2958 1300 4506 3616 6304 7073 5027 5283 8611 5157 8358 6567 3623 7337 2601 9003 9644 1454 6703 4144 2610 946 564 6836 3637 2872 5562 6203 1339 5052 7740 3261 1088 1473 4673 706 7747 7494 7495 6215 713 9675 7628 5453 3792 8017 4946 9938 4565 4437 5590 5078 8922 7387 9179 6364 989 4579 1252 9191 744 9577 6763 2924 4460 8557 1646 5230 9326 4463 9968 2416 3314 9715 4979 4724 2676 6517 2677 3829 6518 3830 2553 4988 9470 5630 7423 767
5 4352 6144 6657 3083 2573 14 6158 3344 6423 7962 4124 6943 3872 545 6691 2343 297 3627 6701 4400 561 5170 5431 5698 6470 8520 334 3922 857 6236 8030 7523 7271 8296 7016 4201 5226 1392 5746 116 7029 9077 9078 2166 3446 2937 8060 6781 896 3471 656 2197 7318 7064 2202 6810 5281 4769 931 4262 5802 4266 4523 2738 8885 183 8378 3008 4032 8130 4296 6091 7116 6093 1489 6865 982 726 1495 7896 9690 3549 4318 2536 2027 4332 3052 5357 4083 9972 3316 7669 8437 2038 4601 8956 5631 2559
6 2560 2688 256 5761 3330 3843 645 5897 7819 4875 8972 8588 5901 3732 923 3612 2590 2719 8608 416 9762 1058 7204 36 293 2855 5416 1449 9129 7596 7597 3374 7472 1457 2226 5812 4277 3637 310 2230 568 5689 1723 1979 2623 3007 3520 3777 5703 5193 5833 8010 2764 7628 5068 9806 2639 6479 2511 1744 6097 9426 4180 6872 6107 4957 1758 2142 5215 6623 8672 4705 5988 5093 5990 5225 9322 7921 1906 3059 6643 7795 7413 6773 2806 1657 3321 3834 8700 2175 3327
7 1808 4112 7953 8977 3607 793 281 2843 3100 6428 3356 5664 4128 9505 8482 34 548 293 1320 3371 1068 4396 4909 3374 3631 5938 2610 3379 2614 823 3644 9790 8255 323 73 3914 3147 9549 8270 2641 9559 2136 8024 5983 1120 358 9831 9833 9068 9585 2679 7032 6523 4477 6526 3457 7813 8325 7815 9609 1674 5514 4490 1163 4501 5526 6039 4247 3480 2970 412 2212 7845 7592 4777 1195 5804 3500 5043 692 4278 6584 3771 6331 9916 7106 962 9158 968 8649 7627 8147 6102 6364 2525 2273 8674 6373 2283 2286 8430 7151 3568 241 6140 2046
8 9216 4866 7428 263 1545 4618 6924 8980 6678 5146 4890 2338 9252 5924 2597 5415 6955 2862 9520 8496 7984 6707 6709 3637 8502 9782 3385 1086 1854 1856 3393 1090 9027 7493 6471 7496 5451 7501 4174 6739 7253 341 6487 4953 858 2655 97 2150 7789 9326 8559 5488 3443 6517 6778 4735 8064 2178 7811 1927 2184 651 1163 2443 143 402 9108 3223 6807 8344 1178 156 8093 1695 5544 1704 5803 173 2478 6832 8880 4018 6337 8900 5830 8392 7368 6857 6347 2508 5070 7376 9425 977 210 2771 5082 2014 6370 4071 4330 3051 6895 5107 5620 2805 6135 4087 1015 3065 2553 7935
9 8960 7424 3845 5893 774 8710 1286 8 1806 4370 2066 9751 8472 1052 3102 2337 4386 6178 7207 7463 6444 4398 4143 9266 4405 5175 2361 7739 1084 574 4160 578 1858 1091 4420 9288 9549 5965 846 9039 3408 8532 7253 3671 856 5465 2138 4954 5214 4959 96 2401 9314 3426 6501 2917 5484 2669 1645 6255 9845 374 9078 6006 6008 2429 6014 9600 7042 4483 645 7557 8585 3483 668 3484 9376 3235 2213 2214 9894 5800 4521 428 9907 1205 6342 6855 9928 712 3796 9179 9437 4318 6879 3039 7910 744 492 6124 8175 4080 7920 5618 7413 6394 507 5883
10 6016 4355 4 6149 4358 8967 394 1546 3340 3853 1805 7821 6927 2448 787 8726 6295 4631 3993 3868 7965 6176 4515 8099 2723 3623 1063 6951 4264 9897 4139 6700 301 4781 4144 9139 7348 4789 7477 8375 3128 7993 3770 8765 4032 1089 6467 3908 4804 4037 839 2119 72 4172 9548 7116 8781 7374 7248 2768 3152 1745 8273 9554 5588 6869 3161 8153 9050 6618 91 1628 6109 7006 9824 2528 5346 7011 2788 6372 6245 9446 8294 615 3176 2154 8043 2033 5617 2417 8694 5496 9851 8061 1151 5631
11 7946 780 4627 9494 1047 9241 5658 5918 9248 6434 291 1829 5925 7717 8486 1063 1321 2091 2604 44 4398 5687 4922 8762 9787 831 8769 7489 8513 579 3144 3155 2645 3414 7511 599 8799 1889 6242 2924 8303 4978 9842 6258 7541 3448 2429 3202 3461 6789 6025 9097 1677 7312 5783 2967 6297 6813 9886 6820 2212 7590 5804 5292 5293 5037 9392 4531 5045 6327 7609 9659 4542 1985 964 7365 2249 720 3281 2513 723 5844 8920 2521 2526 6622 6879 3807 9440 4837 6630 2795 3566 8178 2554 8698 7931 8189 8959
12 2048 8448 6402 9733 1286 6664 267 5646 6160 535 7192 1306 3355 4380 4637 1821 291 9766 2598 3367 3623 3882 9770 9003 4907 8748 301 1070 2352 7735 9529 1851 5692 2620 9021 8510 5696 6209 2630 4423 4429 340 3414 2648 4442 2659 612 617 6505 8297 7020 6508 3949 6256 3185 4466 8818 893 7293 897 1410 130 1924 8584 3209 7567 7569 914 665 154 3739 9115 5533 6557 6311 8615 2475 3501 8112 435 2483 2740 7095 9400 3513 4292 464 9173 726 4837 4070 4839 1008 9200 9459 4596 9722 9211 766
13 6272 2817 1922 3202 5763 7811 3972 4484 6408 5256 1545 7566 2704 3219 9875 8214 5784 7832 8088 9113 1051 3483 3484 5661 1694 5406 1951 2976 6945 5154 4642 7076 3238 6822 7593 7338 8874 44 3501 5550 558 46 5423 6575 8752 6835 7350 3257 1593 8508 5437 8383 9664 1602 3394 4932 710 9287 3656 6856 2888 1354 3915 5837 6990 6735 7379 6742 4568 8281 5721 5594 2524 2397 9570 9955 100 3301 9321 2155 5870 4977 8179 244 3321 7803 4732 7037 6014 1407
14 5377 1537 516 3333 8199 8456 6410 7436 1552 4112 3348 1044 276 8216 537 25 2080 547 296 2857 7210 812 4652 2861 557 5167 3119 6969 1341 1091 4175 9295 1872 4179 6743 1625 7006 8544 1635 5732 871 9066 8046 8304 2673 3442 5235 3192 6779 3195 7809 6275 7811 6797 3470 1678 9104 6549 1182 9890 3237 1958 940 4018 8115 435 8372 1979 6844 9916 5308 6335 6339 8132 5065 4566 5849 3289 8668 2271 2528 7138 2018 738 5348 4327 7658 5101 1517 6128 3057 6897 4594 244 8948 5624 4602 6651 6398 4607
15 6913 2 8451 4357 261 6406 262 272 785 4883 5907 7190 1816 9244 7458 547 7459 1316 7207 2858 3378 5940 6197 8503 6973 9278 1088 1611 1870 1617 3921 6993 2641 1363 3667 4693 6237 2653 5982 3679 6241 1891 100 1129 3689 3702 633 8829 9088 3977 7053 3470 4242 6296 3992 4504 5528 6809 2970 155 2205 413 2462 5024 5537 5793 4769 2979 9382 423 2983 9387 1708 4784 7602 691 4022 2747 8638 1727 9665 1219 6086 8395 2254 6094 2516 7125 4822 3032 8409 6362 2779 5595 5084 8674 7141 6119 4583 8423 494 7151 4079 4081 8947 7412 9461 4853 5883 9470
16 2560 2817 6401 257 2818 9994 16 1300 5398 5911 7192 7193 8474 8986 6428 4383 3873 6946 292 9511 6190 4142 5679 7730 5684 7230 4927 6721 1347 4932 8005 8262 1863 3911 1352 2632 6987 3924 6742 8542 7266 5223 874 5487 8816 369 6257 115 5237 1142 2170 8570 7295 6529 8331 397 143 3219 6548 7574 8599 154 4516 7076 4263 695 7097 3514 700 3006 4031 7619 6852 6084 1221 9671 7112 5832 7370 4557 1741 5325 3542 4310 9686 9175 5850 7388 6877 3813 743 6632 7914 2285 5872 8691 2547 7923 3061 1784 3577 8442 2302 8191
17 1793 4354 1797 5 7175 10 2570 2318 2574 784 6931 7445 8982 1046 7448 2074 2587 8475 2844 6686 4383 4640 6179 2855 2089 1322 6955 9515 6960 4662 4919 6455 2104 4408 6204 1600 4421 5962 7499 5456 2129 9299 596 1882 96 9313 357 869 6247 7527 6503 4457 1901 7024 3962 8572 9598 8066 1156 5766 6026 6028 1936 3985 4499 8083 1176 426 3500 2223 3249 435 4278 5304 7096 186 3005 5056 193 3780 2245 1990 8654 3022 1999 8400 3036 479 5600 6370 1251 6627 6372 2537 2026 3307 3310 6894 757 7161 5372
18 1409 3458 260 2693 9479 6152 1801 9609 7818 138 7821 1550 1807 4367 8719 1808 1169 4243 2324 8854 5783 9751 8472 1562 5274 7322 6299 3868 2333 3487 7327 3107 2468 9380 4005 294 4391 7851 8876 1964 2607 9391 4399 4786 5043 2227 6198 9017 1722 1467 1725 5568 7616 8512 8130 8898 5188 4165 1225 8266 7243 8780 4685 7377 9428 3924 9686 6615 7256 4952 5976 6362 5083 859 3292 9950 2399 8671 2400 2022 4454 2665 1643 4461 7405 111 6005 9974 1144 4345 6522 6908 6398 8574 8447
19 2304 6401 7687 6664 776 8201 3082 7691 7692 2828 8206 3603 4118 23 9242 8989 5920 289 5420 3119 8241 8753 9010 1074 8503 825 8763 7228 9534 9542 327 6216 9546 333 7761 597 344 9310 609 1891 6244 2663 4200 6764 3438 2927 3696 2945 9857 1923 6020 1929 7563 9870 8594 5779 6552 409 3227 9116 4258 6313 2993 180 3253 2742 7094 6327 9911 7354 7612 3004 5310 6337 4801 3267 9669 9157 7629 4045 718 981 725 471 8409 4569 7901 2014 230 4840 1260 237 5102 6386 3058 3066 3578 7420 8188 5887 1023
20 7168 1281 4865 9730 258 2310 3079 4360 4616 6923 5387 7181 6159 8975 4113 2322 9749 6937 3611 795 6171 9499 6172 3361 3372 9261 6958 3123 2102 1849 3897 1850 8506 9534 2116 9801 9035 4940 7501 2638 6478 83 6997 597 9814 9562 1371 604 2910 1377 3427 4454 2408 6505 5483 1900 7535 2423 6263 6782 5247 1921 3972 7301 7303 6023 4241 659 3219 2196 9367 3995 7332 4517 4006 2985 4781 9645 1456 8625 6321 4274 8372 6581 7096 9657 2233 1723 5828 1225 5837 3023 1752 4313 6371 4071 9960 6121 4585 3054 9455 8433 8178 4344 9723 4605 1791
21 7426 1539 8324 9476 5765 6278 3078 8838 6283 7435 6796 3213 2318 9231 3855 1043 8723 7956 3476 7578 7962 9114 1563 1307 6812 7965 3358 9246 5407 3744 416 9632 6694 7592 298 7338 9899 5803 5164 5805 4654 3118 2353 7347 3763 4916 3254 1209 7737 3641 1338 4667 573 4670 8512 328 2376 9288 7881 1865 6346 4554 330 331 5708 8142 4430 3536 1488 5968 6865 2134 9687 728 7129 6618 4058 346 4193 610 1254 5735 4711 3176 7530 4849 4852 5877 2421 6774 1271 2169 2937 1785 2941 8703
22 4608 1794 6666 1035 6414 782 5903 8981 1048 2589 2078 1825 1062 42 6186 2604 2355 2364 5696 3649 1346 7237 4165 5445 5705 2385 8017 3153 9297 3410 853 5721 8290 1379 9578 9323 9067 4205 4462 2159 7023 7289 2173 5763 2947 1413 7309 6798 2961 1431 5784 3481 1945 3226 926 9630 6050 3236 935 4264 7082 1196 8628 1465 7866 7355 9662 1471 9921 5061 8133 9670 7368 1737 1738 6862 6355 6616 1754 987 5596 476 221 5085 5853 2017 5603 9699 1765 5613 3825 753 243 2547 501 6389 2040 2809 5373
23 3328 1025 3589 7435 6923 2829 526 7182 1295 9744 6165 281 5659 7197 6175 1057 3619 9252 548 6180 3878 8487 40 9256 8233 4913 5681 2354 5940 3636 4660 6196 1588 1080 2106 9787 5948 3133 8260 9541 3910 6471 2121 329 4945 1364 9305 8289 1898 8815 6255 8820 2169 891 5502 2430 8835 3204 1158 7303 8841 7310 7312 7060 3221 8342 410 1435 5025 1187 3748 936 5803 6573 4526 7086 6575 2992 6322 3252 2488 9662 712 6345 1998 7121 6614 2010 3803 6882 9189 8169 8426 490 8940 6638 6895 6128 1265 499 1529 6907 7932 2813
24 6658 260 8712 6922 522 9228 6157 8975 4369 8725 7703 5918 547 8229 1579 8492 558 1583 9519 8501 4662 3130 3644 316 575 2115 1603 3399 9290 9034 6220 8529 7507 8788 6230 5974 1883 5211 2397 7773 2654 2403 4966 2921 7278 4465 8055 7294 6785 6273 2434 8326 9863 9097 2954 3978 5002 7822 6296 666 1180 5021 5280 6816 4513 1700 9382 4518 4263 5800 7339 5810 7610 443 9403 3261 6593 5573 2757 5835 7630 975 1745 3282 6103 9690 7390 9184 6886 5607 1770 7659 9196 3313 9972 3829 3061 7930 6911 6399
25 2562 9475 2054 8206 271 6927 3600 1297 6162 8468 2326 1559 537 27 8478 8998 4908 9262 1327 6961 5427 1598 2625 1601 3650 3654 2388 1364 7765 2909 7523 6759 360 1640 874 6000 7540 4732 124 6268 4477 4735 8576 1664 6016 898 6534 4231 7817 4237 9869 1680 657 4758 4247 1946 7834 7072 4516 6564 166 8360 1194 3244 8366 435 437 2229 7352 6329 9916 3262 9920 4040 1225 5835 2253 6351 8911 208 5074 980 468 982 8665 6361 7388 9439 9952 8416 481 9953 6886 3052 7154 1523 4853 7163 4092
26 777 781 526 3859 7957 3094 5654 5404 550 5158 810 9258 2347 8491 1067 3889 563 4661 1591 5689 826 6203 8253 2879 8000 1600 1349 5959 9550 7514 6747 5467 2908 5212 4445 8286 9823 4448 9312 9313 3939 1896 1641 4714 2157 3182 5486 370 6771 6773 2933 373 3455 1670 8847 1171 5269 6553 921 2715 6559 1188 1959 8107 1707 5294 7855 3255 9404 5569 2500 8390 1224 8649 969 2249 5581 6093 4560 9424 2513 8146 3806 7652 4837 1000 745 3051 3563 5868 9964 6640 8179 6388 3066 5116 1791
27 9219 3845 1543 3848 6920 6408 7436 6927 6159 19 9495 5914 7453 5661 9757 8993 8739 8997 3366 9254 550 6440 1577 5674 2607 6191 48 9264 5682 2611 1587 51 5433 6457 578 4930 6979 6468 2889 843 5711 7504 5460 7769 6746 3681 2920 2409 3181 623 9598 7300 2436 6024 7561 4489 651 396 8335 3731 4760 6297 6042 1692 1693 8862 6818 1959 6311 7593 937 690 3762 8377 3260 1468 957 958 6336 9664 4035 6092 4560 8146 5586 3800 1496 8924 4831 7903 2785 9699 4324 3556 3049 9710 2294 4858 5115 2556
28 1280 384 1153 9858 9475 6149 3847 2570 8202 1419 4491 2572 1553 8595 7703 791 7320 7704 5786 4891 2843 924 9632 5536 4130 3491 8611 6949 166 5031 7463 7212 3118 2992 9649 7090 3763 307 1460 9016 9785 8377 5180 9404 1085 8766 7486 4927 7872 2754 836 4677 3783 4684 6862 9807 6095 4818 4050 9683 8019 6355 2646 7894 2648 8537 3161 5211 1371 9051 2012 6365 6878 5471 3935 6114 1891 8676 7781 2661 6375 2152 3053 4206 8304 4594 3826 3445 6773 9976 3581
29 1280 8960 1284 1286 263 9485 8974 2062 6159 8208 785 1553 6930 8216 8986 5915 284 1311 3874 804 9509 4133 7976 6441 9769 3114 8495 53 1335 8002 838 8011 8012 9550 1359 83 5203 2392 9052 865 2404 7525 8296 8552 2922 3693 4721 4209 9082 7034 5755 9086 641 3970 8067 8323 2181 3724 4756 9364 2711 8856 2202 6816 1953 6563 8612 8362 6314 4532 9652 1717 950 8888 699 4544 5056 1217 1219 5571 1221 4037 5830 5577 970 9426 7380 9942 5590 8663 1246 5342 7904 993 6372 8421 8168 9448 3817 7914 5103 9202 2806 8950 6905 8697 3325 1278 8191
30 4608 5121 4355 2822 3337 9226 5388 7438 6414 7695 4111 9492 5399 3353 1823 8737 549 295 3113 9774 1328 6196 4916 4406 7739 7227 7228 4158 4670 1097 8270 4175 8016 9297 7768 1624 5723 7005 4957 5215 867 8550 872 107 626 3444 6774 8823 123 9595 7549 6016 1411 3204 7046 3977 8844 6797 399 2191 5015 2470 6310 3496 4778 7084 9394 2229 4278 2487 1721 3257 4793 9145 698 1980 7360 7619 8388 9158 3016 9420 207 5584 8145 2515 8919 7641 985 5082 5854 6366 6624 3297 8675 5860 4070 9450 8172 8942 9711 6386 8179 2807 505 8959
31 0 1024 2051 7427 3588 8454 5382 1289 6921 10 4877 270 8980 7701 3865 5405 801 4385 4904 809 7977 553 1578 2864 2869 5685 3894 3895 6969 3643 4671 9800 5450 9291 7244 6990 6996 2392 7000 3164 8542 863 4704 6760 4200 3946 9839 2672 881 9331 1140 2677 1398 4215 7799 3706 3454 8321 1668 7814 3720 4239 3985 658 8082 5012 4757 1433 5023 5539 2728 5803 6318 4783 4029 4801 5057 5572 7365 4038 2763 9419 4302 5327 7120 7377 6103 4569 3549 7391 6369 2532 489 4334 6128 8434 4083 6900 7925 5109 1784 4088 2812
32 3330 6150 4361 7948 3084 1549 3345 3606 9498 8731 8222 6175 6439 808 9513 9528 9273 313 1082 5434 8515 67 7239 74 6219 1358 7760 2642 3926 5463 9306 3420 7267 1380 1897 2665 5738 4970 6507 5996 8044 3693 8560 7536 4210 8563 1907 6261 7800 9853 5757 6526 3198 7808 1921 8321 130 4995 3204 7562 5516 8590 8080 1683 7827 8597 7577 154 925 6559 5024 679 1960 5294 5808 692 6583 8891 9404 3773 5053 959 2498 7619 5836 977 7380 1494 8408 8666 5854 8928 6118 493 4590 4847 5872 8433 7158 8695 1531 8702
33 4353 8449 3074 9218 2179 9603 4740 9988 6662 4366 527 5264 1810 3475 9491 9108 3605 6808 2971 8864 32 1953 4259 8485 3239 3112 6569 3116 2607 3634 5939 4276 6582 3254 5305 314 6715 2108 7871 6592 3776 7234 3908 7748 836 6345 8139 5068 6989 1102 7887 9167 1748 3415 2519 8152 1112 2266 1243 5851 7772 479 4962 355 1638 4198 5995 8811 9451 8940 2412 5103 4976 3826 9717 8566 886 6775 6521 8571 3836 2429 8189 2815 8575
34 5633 1795 4356 7172 9220 5897 3852 2841 3620 2597 3368 4145 1330 9780 2101 9528 6712 5435 6460 5695 7488 7490 2885 1862 7242 6731 5197 6992 5203 3412 9046 1623 2903 87 1882 8794 3932 2909 8546 4198 359 619 110 1137 2932 5751 3191 7545 637 5246 388 6789 9354 3467 4748 8333 145 6802 3218 3220 4758 7576 9112 9880 7065 8091 9632 7841 8098 421 1450 7851 171 8875 9132 9644 7601 2993 5046 4025 5821 7614 2244 965 7370 7121 1759 8423 4584 2027 3564 6892 1004 4078 9455 4335 8434 6388 4084 4601 8698 1276
35 2049 4353 9985 774 7686 8455 9735 6920 3083 11 9485 2061 4882 9746 9492 8728 3864 8737 6690 5154 3875 4389 3111 6188 47 4146 2357 3898 3132 9277 1857 5955 836 9285 5447 2892 6992 4181 2906 5985 2401 8037 1382 9062 1383 6507 5997 9069 9325 879 7793 883 7548 6014 1670 1417 8588 7565 4242 914 409 5017 1438 4001 8609 4517 5030 9127 9640 940 176 4785 3251 7347 1974 4791 7866 445 6079 705 3011 8899 5572 6599 716 7120 8656 7633 978 2514 6112 8420 4325 3557 998 7398 5609 8686 9968 1524 1015 6652 3582 6910
36 6144 8961 1540 527 5905 4113 5139 531 5908 1302 8983 2583 5656 8733 1055 9764 2340 3877 4390 8491 8237 47 3378 5684 1847 4930 841 76 5196 4685 8784 7760 4432 9557 6488 1114 9311 866 5732 7530 1899 2155 8557 9583 6256 2676 2677 376 1913 4986 3201 9602 3970 5763 3716 5512 2184 5256 9356 8591 9106 2966 3480 7579 156 5278 4767 5281 2210 4515 7845 1958 9899 3499 9647 4788 5046 4278 3768 9913 1471 3777 8641 8385 6851 1987 7628 973 9421 2260 1752 7645 3045 5093 2278 3817 492 8429 4337 3825 4084 7413 8443
37 9216 3840 7683 4 5636 5384 9738 9739 9744 3090 5652 4884 5402 3098 9503 1824 8230 806 7980 5165 7985 3892 5441 4419 9028 2376 1610 8018 6227 3672 5977 7004 4959 7008 6240 354 1638 5223 2407 1128 2156 622 115 6260 7541 9333 9848 5753 1403 3451 8317 6013 7807 393 7818 8333 8337 8083 6805 3221 1430 6552 6046 7071 166 423 1960 5547 7093 9406 8639 3265 962 9667 8132 7114 7119 5329 4565 6613 471 4311 7897 7642 4575 2272 7908 9445 998 8678 5867 1264 2805 7158 5366 3577 4604 9214 8191
38 4864 1794 7684 3204 773 3590 1799 3464 6920 7945 8586 778 9355 1932 140 6157 8077 912 4372 7061 9754 4510 673 547 9516 1326 4655 2992 6064 1329 2737 7986 6580 5429 1078 1847 696 6844 2369 7623 7498 8652 8910 3150 5711 9679 6609 468 9051 1243 2268 2653 5213 3933 9695 6495 7775 5728 736 9568 7264 9957 4968 3304 2153 8041 7145 4459 3179 4204 4972 5742 7409 6258 9330 9075 628 4852 501 2165 6646 9207 6007 6520 9210 9978 2045 6525 5503 4863
39 6144 771 1923 5252 2308 2565 1031 3593 7689 266 782 1423 8338 3349 9877 5014 6167 3992 1305 2715 539 9115 7451 155 7196 6812 4125 2594 5026 5283 7459 6692 4388 550 5671 9639 4520 425 5034 6059 7339 4140 7469 3247 3888 4531 2869 53 1207 439 3128 5434 3258 1727 4673 7362 7620 708 3524 4166 6854 5319 9543 4936 6345 7755 6478 78 4046 5455 5712 3539 1492 7764 4054 344 8418 995 3172 9575 8170 3435 9965 1774 9843 1397 5365 4346 7547 8316 3583 5375
40 8704 3842 387 8198 7431 4871 391 5256 8330 2187 1804 5772 9613 9357 9870 8207 657 2193 5778 6676 4117 6421 5782 6294 5914 3483 4891 3613 8352 7206 2983 7079 5160 937 9388 8493 1838 9520 50 6840 7737 1211 9148 6975 6723 6083 6084 9030 2503 4808 6472 4424 9545 9289 5065 1358 8273 1745 6354 8146 2898 4435 2387 2902 1879 985 7899 5851 220 860 862 3423 2402 3812 9189 9701 6630 7398 4967 9705 1769 3690 5359 6643 6263 5368 504 3705 1658 7419 380 7036 3197 9213 6910
41 7425 4610 3847 4114 1554 1046 8471 4120 8472 6169 30 8222 7967 5153 6949 5157 2087 1578 9773 4398 9263 6451 1331 6196 3639 4920 568 5434 831 323 5446 6471 3402 4174 4431 5971 2388 1112 7516 2396 8798 7518 2654 5984 5734 9831 2152 876 3181 9583 6004 6266 6010 4987 7296 4736 6786 3460 4487 4749 7565 4238 6032 6804 9876 1685 149 3223 9121 3489 5284 933 6311 9639 936 8872 9388 3758 4530 6068 8118 3000 4026 190 7872 2754 7875 4550 8904 5839 6352 6101 9431 4823 5079 4824 3550 3552 5346 2788 6381 2802 6133 6902 758 7416 9977 3065 5884 5887
42 6913 8962 9220 1285 7432 6920 8458 779 6416 5649 1041 8980 1301 6677 3613 5665 1825 7714 4898 6182 5414 9002 43 7979 9260 44 4144 6964 9780 5437 321 2116 4427 78 1616 2897 9813 3927 9816 5721 5211 2652 7268 1381 869 1126 3178 3690 7792 4723 6520 9338 7034 1402 2686 2438 8582 8326 3462 9101 1678 1170 5524 4504 4249 6556 3999 1951 2467 1955 1197 1710 4529 4276 950 1718 6075 3262 8127 4288 3522 4292 5833 2513 6098 6100 5844 1493 213 9175 2775 4313 1249 3812 1258 3564 5620 1782 3831 9210 7933 7166
43 7937 8450 2052 6660 1285 6150 7689 6667 7435 8973 4622 1817 6170 3354 8226 5668 7973 294 3110 3112 6442 817 5937 1075 3380 1589 9015 6968 5944 7992 6457 9788 5949 9027 6468 6986 1099 9293 1102 2384 8784 3665 850 3155 7765 2646 3671 3160 4706 7015 9576 5736 1646 4210 9334 9847 9848 1146 4987 2180 3205 6281 8843 1163 6028 3469 6287 3471 4501 7831 408 7320 2982 8359 3758 9395 3252 1205 9912 8377 4036 9927 3528 9932 205 214 985 6877 1758 6630 5865 2539 7403 9196 3054 6639 9714 3573 8695 4346 254
44 3075 9988 2309 2566 8711 1032 6155 8720 7186 4626 2324 1304 1309 7965 7710 7712 3362 1064 3882 555 1581 4654 4147 54 3638 1334 2360 2105 574 1598 7746 9794 9795 8260 9287 6984 3657 6731 9036 2895 81 8529 7764 340 1365 5461 2133 2903 9561 7007 7519 3679 5985 2661 3433 5993 1641 2665 1899 1390 7534 9332 9078 5750 4727 4986 7036 2950 7814 6292 170 7851 432 5555 7349 4535 6840 9913 4796 1727 960 3782 3272 208 6620 5854 8416 1505 5348 7659 6125 4593 9715 3315 8693 2040 5627 5118
45 1152 7174 5766 9223 7687 137 8458 5644 7054 4755 9238 3350 5912 9625 9370 9884 1181 8094 5150 2079 8607 5536 33 5921 930 7074 803 4003 2595 9383 3495 3881 8237 9007 8241 4788 4406 6967 311 2616 2107 1852 6846 319 9791 6593 8897 833 5701 8262 4295 4424 6346 4428 9553 853 9302 5590 2904 9691 5212 6749 733 2270 5856 3429 9958 7271 8039 7784 7272 1001 8684 238 8174 9327 368 6385 5490 3444 8820 247 9464 6010 2300 9596 6908 2173 9853 7933 4605 5631
46 1024 8192 7168 8968 2059 6669 2573 5390 5140 2582 4379 7201 1315 6437 6693 2599 552 6442 816 4916 3893 1080 7994 2365 63 579 6981 1605 7495 6477 6990 848 85 6742 6230 9563 607 4447 1888 100 4709 1382 4198 1639 2408 3690 2922 5227 4460 1135 8816 4980 1652 9333 9081 1667 5764 7813 3462 9864 1930 6285 5522 7320 9627 7836 1436 7837 7328 6819 677 7593 7594 6315 6829 9394 6580 9909 2745 1465 1723 4037 9158 6857 714 1995 3019 4302 6865 5841 1492 3800 2011 9695 7144 9449 7660 2799 2031 9459 5880 7677 254 2047
47 1024 8961 1796 7431 3342 4624 8467 788 8983 5148 288 2338 9509 7466 4651 2350 1582 2352 2864 8496 818 4147 1598 5954 6467 1859 8772 9542 2118 1608 6985 9804 5454 4943 6481 853 2902 9048 8792 6745 3929 1118 8542 1886 7009 97 9316 6244 7017 3691 9841 7793 9330 372 1664 6788 389 1680 7314 7570 1941 7317 2454 9117 9121 674 677 424 9900 3500 941 7342 9391 6319 2225 2740 9140 182 3256 2492 9920 4802 7620 5833 2764 8652 3277 9425 2262 7895 9431 3036 5089 9185 3809 6380 4596 8438 6393 6142
48 6147 6150 1287 4872 5128 5130 6666 4876 5388 8982 1048 9755 28 1566 7456 290 4901 7718 2086 6187 4141 7727 3635 4923 6971 59 5700 1862 6215 9288 9034 333 2901 2905 4189 2910 3171 2916 1391 7537 118 7288 1912 2426 4220 1919 3200 8833 3970 7559 392 7051 4747 8844 396 9357 3728 5783 2712 9628 8861 3229 3745 4770 4006 9639 9128 7853 4526 3503 9136 7090 4279 5304 5819 2239 193 8391 6344 8905 8139 4556 5580 6092 8396 6349 5328 5073 7129 8939 8944 2288 8945 501 5110 4343 2807 253 767 4863
49 2048 5377 2049 2561 6663 3081 265 5897 9738 5387 4621 5392 3344 3090 4114 7701 7961 6690 1314 6947 5413 2856 808 809 5163 9008 8243 1331 6967 6200 3897 1593 72 75 2381 6477 1870 1618 2387 8020 9566 3938 3428 7781 1899 876 8044 1645 3951 3442 1908 1653 6777 7041 7297 130 7045 390 4999 1672 5512 9867 8853 3222 3991 7322 2715 3234 2212 6821 9893 8871 3752 6825 6315 9388 6577 5814 6327 4538 4539 703 1730 195 1738 4811 6351 7376 6356 3797 9178 9188 232 1257 1002 7916 6384 3827 4599 8442
50 7681 7170 6661 6669 786 1298 4117 1304 8476 35 5414 2600 8234 7467 8495 2608 8752 6706 2356 6968 9018 5951 321 4675 835 8776 6220 9038 2898 6228 6234 9309 864 3168 2400 6497 5475 6501 1895 5483 7787 7532 6764 6512 7536 8822 6519 1144 3194 7556 1930 3471 6294 8855 666 8605 6046 2464 7843 5027 6317 4014 5809 9395 5813 9653 951 3512 2489 7872 8641 6081 3267 7107 7619 4037 4807 968 2512 6097 6353 7635 8404 8661 6101 7638 4311 5848 9946 4827 2782 6367 5092 3560 3561 2541 6131 6645 6390 8184 8953
51 2561 5121 3844 3589 9734 8713 7177 6668 4623 5906 2837 6677 3095 284 8477 4899 8742 6186 3115 5420 3116 4910 9776 3122 5430 56 3640 5180 3388 3391 9794 9282 5954 7237 9292 4940 1613 335 8275 2136 8027 7515 7772 3938 2147 3428 6501 9320 4973 6510 7535 3183 2161 1142 887 5241 4219 9851 8060 7811 653 9360 2197 4504 8857 8346 3484 5278 5540 2731 9388 2476 4269 2993 7605 1722 5565 9151 9664 6593 2502 5318 3017 969 7625 9420 7885 8912 4055 3041 6883 5092 2532 1767 2798 2290 6131 9973 2295 2300 2301
52 3587 2309 8328 1162 8845 6414 5518 3599 2703 144 1554 4114 7572 5781 3351 2841 6298 6939 9115 6301 4638 5536 7456 7074 804 9252 6696 3113 3753 4137 4394 6190 8879 2991 4528 1843 7988 8118 5687 2999 184 8889 6204 5182 4928 3648 2497 9154 68 1479 5706 5707 460 8396 6732 3022 5327 9556 6229 213 215 1112 9945 6745 4186 5595 9179 1371 2395 7261 349 6877 6878 4324 5350 1511 8425 5609 7533 4974 750 9839 4337 9715 4341 4725 8823 2552 1786 4346 5498 6523 891 7164 2685 3711
53 3073 2307 8323 261 9478 1158 7430 6023 8073 1673 7692 653 6798 3342 3089 4755 3603 6547 9492 280 281 3865 8601 3742 544 2722 419 6692 9127 6312 9899 9387 815 5427 8501 6069 8757 4150 5430 4534 440 2745 3389 445 6337 7233 5059 3013 4165 8390 2503 8009 7882 5837 9165 2638 6478 4432 9169 5969 3410 8914 7251 596 9557 1751 3416 218 4189 4319 4959 1888 8544 1761 994 5603 9571 3044 5222 3431 2921 5481 1386 6635 5359 1519 496 8561 8818 3700 633 7930 7291 1789 2046
54 9475 6413 2062 8976 4369 6425 7962 284 288 5671 4905 2092 5168 7219 9269 7222 8250 4154 7741 1347 8003 7238 3911 4683 7757 7501 6736 8785 2132 1366 600 6235 7515 9820 1884 605 8286 2147 2149 6504 8814 8047 113 5493 2166 4477 127 7557 1669 3719 9353 8585 1161 9097 7049 3731 4500 7574 8086 2969 3737 9370 1435 2204 4000 929 3237 7596 1453 6829 2478 7087 177 2229 1717 2232 7611 8637 8893 7103 8129 4545 8132 9924 6341 3270 201 5583 2255 9425 8914 980 3542 3286 4311 3545 2269 5854 7647 7397 9446 5862 2279 3054 238 7408 496 2289 6641 4338 2291 6388 6906 7676
55 9856 1795 7301 3079 1416 5001 6413 2446 9998 6031 4751 7313 8977 5522 6802 5010 1171 7576 8089 2202 924 2077 7967 287 8480 4899 3235 4773 1957 3751 2599 4392 296 2987 2988 44 5164 1964 4142 8113 4657 9140 5940 3894 8125 7870 7744 3649 4034 1859 4294 9160 7370 6474 3661 9550 464 4563 6483 8020 5972 4052 1364 9944 90 4442 2011 7260 8796 2525 3293 5854 4448 3936 480 742 8550 4710 3431 1767 4328 7273 5737 5609 7019 4331 7532 7022 3830 8823 4601 252 2941 4477 4094
56 7168 6147 2052 6404 7430 5137 2578 5142 4893 3869 9759 1314 2595 9767 4649 6961 6194 6963 2363 9788 2109 4670 2120 79 8784 9041 1873 4178 9812 349 4192 356 8292 1893 1649 371 4468 6006 1399 4728 1915 636 3967 9856 4992 9600 9602 390 904 6280 4488 5514 8588 8333 4239 1169 2194 1939 1685 5782 3230 7842 7843 4003 8868 6568 8364 6061 3245 5038 4527 9649 8370 9906 5811 1460 2230 699 6846 7616 6848 2243 199 7880 3275 5070 1234 8402 9438 484 8936 1516 2028 1775 3823 2290 1011 1526 5369 7418 2298 7674 9980 4606 8958
57 3076 8708 6404 4615 2312 9481 7437 8717 4109 269 16 7444 5142 5913 1561 9243 1563 3869 3871 6176 1059 4645 3881 2097 2865 568 7225 1597 6974 1854 834 1602 4164 9299 347 6492 6749 2661 2663 2665 1130 106 5995 4722 4724 6778 9852 4224 2177 6786 1413 8839 1931 6286 6289 1688 8090 2462 6559 4000 9122 165 936 2986 4266 2738 5557 2997 2491 4029 8128 3010 8900 6341 5829 200 9930 971 721 1495 5081 3035 732 3548 4064 4835 5092 7140 4581 4070 7911 5354 3051 3569 9458 3828 3834 7932
58 6145 7170 771 524 7692 274 6678 6426 2842 1563 1819 3355 9244 2079 6176 9506 4130 4387 7718 6951 7466 6186 2603 1075 1077 6967 571 8252 6206 9800 3658 6986 1611 8526 4686 1103 4688 9297 1107 6227 6998 348 8030 6497 6755 4710 2156 4204 1134 5486 9585 8053 629 2682 9850 4993 6789 3718 5265 9107 7318 5529 2204 4508 8610 4524 6317 1967 8885 4023 5561 8123 5563 191 8389 7879 6857 3536 9426 1494 1751 5848 3033 3290 8411 2016 1251 5092 2023 3047 8169 2793 9706 4586 3818 7403 1259 3310 1263 3057 6385 8180 6393 3833 9468 6142
59 8450 7426 9735 9226 3083 12 1549 3855 4626 21 25 5403 7451 8735 554 3116 3374 2358 2617 2874 4670 1858 3396 8772 9798 4423 8520 3401 2377 1867 1868 8269 6994 4690 1620 2652 606 6494 98 2661 618 8811 7532 2924 7022 9072 1138 5494 5495 9851 8577 1670 6022 6284 8599 4759 408 923 3999 9379 7849 4269 2479 6322 7094 695 8376 6587 1214 4290 9922 2246 3019 9419 6092 8913 4817 3539 4308 4567 7640 728 6105 4826 5853 2272 1248 8929 5857 8164 1765 8421 7912 4841 7915 8173 5872 8432 4337 5105 5106 7415 6904 3579 1279
60 7428 5640 6410 6670 8982 9239 6937 8473 2844 7966 8734 5152 6440 4653 6958 7986 8501 1333 2361 7488 320 9025 8261 9541 4934 9287 5450 8011 5202 4178 3411 4962 2659 6245 7269 357 358 9578 7276 623 4978 115 7283 7285 5240 888 6525 8318 639 3968 3200 7809 6018 4994 9862 5766 8842 9355 8588 5263 656 2193 6804 9365 9113 5020 1183 9636 5289 7081 2734 5298 4787 4533 9143 4792 4280 1468 8126 1987 8899 2247 4039 9162 980 1748 2264 3552 8672 9697 8683 4076 7150 9454 9966 753 1522 6902 249 5371 2555 7931
61 256 5120 7424 6402 260 1542 5894 3079 9 2058 3594 3599 1808 4370 1555 6676 7448 8217 5405 7454 288 3364 38 4903 2088 3627 6703 8497 563 1078 567 9019 4668 1342 6977 4930 6980 1861 9286 5195 9295 4176 2129 1874 5205 2389 9563 9309 5475 8037 2917 3687 615 7787 108 4973 372 9077 8823 3963 9088 1921 6274 4994 394 7306 2702 5520 9875 406 3737 1188 421 6054 8103 686 2991 9649 5553 2482 9140 9141 4278 4029 445 3778 9414 7368 2251 4559 977 1242 1244 3554 4581 8682 2794 8683 2542 4335 7152 498 1523 1271 4857 1021 7421
62 2562 3842 5634 7683 2308 4621 7950 5139 4118 7446 9242 8730 8987 5405 4382 31 3362 7978 8491 8492 1070 1583 7216 4912 8757 3641 5692 2110 5190 6728 8272 8787 1880 5466 5211 9051 5212 5213 352 7777 2146 9826 4962 866 2659 868 6501 3173 5992 3440 6259 4723 1912 5753 5249 3978 7818 9356 9104 8081 7318 7831 9111 671 6563 934 8872 6313 177 9137 2738 3511 5306 1979 6588 5821 4798 2494 6590 7103 192 4801 1730 6083 2755 5841 9683 7893 2773 8410 8156 9440 740 7913 1011 9973 1269 9462 3064 252 6652 9471
63 9474 8708 7180 6928 5654 5915 6684 797 3618 804 4901 7973 2603 2872 4922 1604 8010 9549 3406 6995 83 7003 3676 3164 352 6755 4197 3686 2152 4459 5230 6256 6768 5233 2417 2674 3961 4476 2172 894 7551 4224 1152 4995 3203 390 2698 4236 5516 1426 3989 9877 149 6294 2198 6554 6811 6301 1182 2718 7838 9632 4258 8868 8613 935 1963 1707 2732 9135 7602 9907 7098 6588 1470 7104 1219 4037 4039 968 3017 5066 7883 5843 2013 2785 7906 8933 6119 9704 4072 7157 5878 7670 5625 3581 8191
64 768 1281 2 4355 9220 6661 1031 5389 1806 782 527 8975 3856 1811 2836 9753 282 4127 6952 9771 1332 3893 7733 5429 5176 5688 9017 4160 8258 4940 2125 8016 1106 5458 1112 4184 4697 347 6493 7517 9310 2143 7272 9579 2928 370 4211 6269 1155 8324 3972 7813 5767 9355 9870 9104 8338 7058 6035 1172 7572 9623 8600 1949 4768 163 4772 7845 682 9130 8618 9131 7084 2488 6076 1729 4289 1730 8643 1480 3786 9931 3531 1997 1234 2770 1492 8406 7640 6368 992 9443 229 5605 7144 5609 6635 8427 6641 8946 4084 2041
65 5120 8066 6407 9225 137 9865 7436 2317 3725 2577 2962 3476 5014 8599 5656 7705 6939 4893 1565 7965 2846 3743 2848 6306 6179 4260 4388 4646 5161 9129 3498 7722 5162 1706 45 2477 5037 9262 5423 1584 433 5427 5683 5174 8633 186 3770 3259 1852 7486 6078 8254 9278 2753 3137 1987 835 7235 6852 8388 5062 6983 5064 9679 2000 7376 3920 6224 9297 5974 6742 3030 5463 5211 2397 6237 1630 3679 4449 3681 2786 8163 4196 7653 4454 1128 5995 9586 9075 4471 5112 2681 2042 9853 4606
66 0 8449 6925 1039 6161 2578 3859 5651 5396 789 5142 7959 280 5403 7195 9246 8478 2848 547 291 6948 1063 6695 9259 6956 5165 1332 4916 5943 1338 316 579 4675 8520 2125 9295 7503 3159 6491 7261 864 4197 8038 615 8041 4461 4717 9581 1135 6259 8307 2676 9078 4727 2939 2683 4479 2944 8578 3203 4742 5006 6294 6808 6556 6568 4521 7850 6318 9909 7093 5561 8642 6084 5575 6600 202 8651 2251 4301 6353 6355 8666 219 7649 5601 5603 8165 745 749 1262 8943 497 2550 3320 762 511
67 768 5637 2821 8969 6922 9227 781 5390 2832 531 1813 7703 4634 6682 1309 1317 3622 7222 6712 8764 8511 1343 8001 4162 8779 8523 3915 3151 3923 4695 2392 4189 4446 5726 2912 2657 3946 7274 3435 2417 7538 8564 885 6527 6273 643 8580 3719 9097 1417 1931 651 3469 9358 5006 6543 5779 915 8345 5020 158 6816 2464 4513 674 675 1700 1444 676 1701 2983 7337 3247 9393 178 4020 2740 2996 949 6582 7866 3259 5051 8125 449 8391 5063 6601 4557 5070 7886 4047 7890 5331 469 5845 9688 9435 3550 8158 1503 4578 2536 8430 8431 9973 7161 4858 9727
68 4610 9474 4356 3593 6674 9748 3863 6936 8731 6941 4638 3358 3871 3623 9513 5162 3115 5165 3630 2350 3375 6448 1078 7735 6461 9277 3393 5955 7754 3403 2636 4949 5463 2903 3674 4187 8283 8540 4705 1378 2659 8807 9320 6250 1902 2160 9072 115 8567 6519 3704 4216 9850 1660 9852 2178 4227 6020 5255 8584 2441 1930 1163 7322 923 667 8092 8348 6560 4519 3242 2733 3511 4546 3011 5067 5837 9426 467 5847 216 8667 1758 6881 995 9443 7140 5094 8167 233 1518 4079 5872 9969 5618 3059 7156 7929
69 4608 2435 4868 3717 5257 6924 4237 1299 8851 5399 9113 8217 7449 1946 9371 8605 2207 1951 2080 6820 4389 1445 7590 4520 8105 2345 1450 8748 690 9138 2099 9652 8117 7479 185 6969 5180 6589 703 2879 9408 7745 5057 965 837 5190 2887 9544 3784 9167 5071 9424 1872 5969 5331 7251 9683 9173 7894 8662 6742 1239 7131 5723 2268 7902 5984 9568 224 2273 7780 1892 5093 5480 5992 1901 8943 7922 3316 8053 374 5497 1402 6780 8701 3711
70 513 3842 2307 4612 518 6408 9999 2842 1306 9243 5406 4639 9759 547 3107 4388 296 7472 6448 8244 7484 8253 73 3146 843 8268 6476 3662 8274 1364 3925 6742 601 858 1371 3169 617 7535 8559 1139 2932 3446 379 2687 6273 2690 8582 2438 7817 6795 395 3732 5781 3477 3479 1178 1947 6814 2208 4002 163 3236 1701 8870 6318 7856 178 1203 3507 2228 6580 2741 6075 7356 2236 4030 4033 4546 3011 7365 6860 2253 209 9683 9686 3286 215 1752 2777 1758 5344 6375 5095 2282 8689 2546 7666 8434 9461 5117 5373 5374 5631 7167
71 7687 4103 6151 9992 2570 9487 9999 5136 8723 2582 3350 1825 3364 3366 7465 1577 8236 7725 3117 1587 3380 9270 9273 9786 3645 835 3651 8519 9036 4940 7760 8017 6997 8534 5463 9308 8287 9570 9317 9070 2158 3446 4473 7546 4476 7549 3456 3201 4226 6276 2953 9099 8340 3477 2966 1689 1182 8865 8610 1455 4019 4537 7101 8125 9407 4033 9156 8909 2254 4304 978 8915 7124 9174 4310 4567 2265 6874 730 9181 3811 483 998 232 6378 6635 6891 6641 3058 7410 4595 3828 1014 1527 9975 9724 3581
72 3584 5504 6401 8068 9861 3973 5509 2438 7303 5384 2824 4361 4490 7563 9101 6157 3854 6286 1938 4882 3223 1943 8472 8089 3226 3867 8349 6559 6431 6048 2210 1827 4003 3366 556 4013 3886 8495 4784 5680 688 4272 5425 7345 1841 5299 3124 6327 5176 5050 188 4284 7744 4928 5826 6851 837 710 6343 3401 8523 7245 6094 6735 7503 7761 9938 7634 2258 5075 8788 4308 470 3798 215 5847 3672 7001 2907 5853 3937 866 2918 1129 621 6766 7665 5619 501 2042 635 9853 4606 9727 7807
73 3841 7428 2313 5899 9997 1037 8463 4113 8210 9238 2327 8472 3355 795 5916 1311 5922 4907 5421 7728 6706 8512 4929 3905 66 8774 3910 8011 3150 4687 3156 89 4953 601 8026 2396 8029 8798 3683 9830 871 2665 4457 7789 1901 366 1647 9074 9335 1411 8075 6285 7311 655 2966 663 4514 930 5027 934 4525 1199 6319 4015 2992 8888 4280 9919 1729 964 2246 9159 8394 7115 5071 977 2258 978 5331 2772 6101 7639 7896 2521 476 9694 9443 9451 6893 4334 495 9712 5105 5109 1782 6905 5114 4093 3838 6399
74 2052 2053 8966 5895 268 9493 1302 9752 7194 1051 7965 6430 2336 7968 41 5419 8751 5432 62 5183 3392 9801 9039 6735 1106 6995 2133 7765 3670 1623 5207 8793 7264 4962 4708 1896 4719 4207 5747 632 380 9853 9854 1918 8580 9092 1414 7048 2188 3724 9357 8335 656 1936 5012 8340 3737 8605 1437 4510 671 930 676 7336 8616 9389 4531 1976 186 5563 699 7615 4034 4547 4293 6854 5577 717 5838 6095 9174 5080 9946 3802 3038 9954 6884 6373 2021 1513 3312 4342 9976 9981 4862 8191 511
75 512 9986 5506 6277 5893 9605 5894 3464 1929 1034 5514 7434 15 3215 3857 9364 9108 5526 4502 3223 7192 6296 9497 1050 668 4764 932 7973 6694 6567 4391 5031 5036 2989 8877 941 559 9777 8370 3635 5555 3253 1719 823 5815 4153 7227 1725 4928 6338 3525 8262 1222 8391 1609 8137 4425 5962 4682 6091 8780 2124 4429 5967 851 1492 8020 6871 599 9178 7518 8673 9955 9187 8165 230 4198 1383 5992 232 1002 7916 5997 5614 6255 9969 370 4850 1779 8435 886 9079 7802 4091 4733 7934
76 4098 6659 259 5379 8837 773 6 7047 9479 6792 9226 5258 5006 3727 1681 2706 5907 9364 1173 2585 9241 6171 8221 5149 6174 8864 5409 6433 2340 9381 5670 7464 808 8616 9129 553 2732 9645 2606 8494 7601 4786 4275 1075 6326 7096 9017 7612 8508 4669 4925 9149 575 8899 4934 4551 1480 587 8144 9681 3286 214 344 8922 8156 5468 5725 9310 2399 3297 3042 3299 2792 5736 2282 4332 8561 9075 1908 2166 4727 1656 2041 6780 1150 4734 1406 1407 255 4095
77 9731 1803 5388 8205 2319 1812 7957 7706 9499 2333 5920 9763 9507 40 8234 9516 6445 45 3631 2610 2866 564 9531 9020 2621 6721 3138 7234 842 3661 4174 1361 7511 5208 9817 2653 3933 95 6240 8290 9571 3436 111 2417 6003 8313 1151 7553 5250 8579 5767 8590 4241 5522 4756 7574 1946 1692 7324 5533 6047 2469 4518 9642 426 7339 2475 4781 9139 7605 4024 6072 2234 3770 1722 3006 5830 9420 721 4818 8661 8917 4566 6363 1243 8158 478 7136 2275 3815 9447 5609 9197 1011 5620 1787 9467 4351
78 6400 8462 2068 5399 2841 2330 2075 6941 7455 7969 5155 4131 4900 5413 6183 1322 7722 2865 8500 2360 6968 5949 3651 7752 1609 6218 7500 1361 8017 6231 3677 4448 1635 6249 3691 5995 3436 1132 9328 6005 9591 1911 2427 9085 393 9100 2189 9615 400 6294 1176 9881 8858 3229 2721 9380 1958 9383 936 2474 1450 2734 2224 6322 6066 6326 7096 187 9147 8124 9662 7359 4292 6597 1223 6600 3529 4553 5580 973 1489 3543 2264 2265 6105 4313 9946 8155 7645 6110 9694 9957 2537 1003 4075 236 2285 8176 8185
79 5635 2051 9226 268 5133 6680 794 6941 4128 2594 7458 5671 2345 4651 1583 2864 3632 5170 8243 2355 7477 7222 9530 1345 1090 8771 5700 9288 5195 6732 9549 9805 8014 853 7509 3928 3161 2401 7525 9319 7272 2409 2410 9323 8305 6775 9849 889 9085 7549 5501 385 5506 646 1416 9101 3982 4241 4754 1171 6298 2970 1435 6299 2461 6046 9632 9122 2471 2732 4270 2234 9924 708 9412 4293 4549 3270 3017 1227 3790 4561 4818 4821 4053 7127 4824 474 8924 2784 7649 7908 2281 4329 9706 8683 3571 9461 3320 761 8702
80 1280 5636 3845 6794 4364 6413 2321 2577 4881 9361 274 2195 8851 406 5143 664 9241 793 7962 6427 7963 5019 3099 669 9629 4382 7584 3616 1056 9762 164 3111 9129 2733 7213 6062 433 9906 6451 2484 8756 182 6070 6199 9527 2747 6332 5820 5309 8256 1601 5441 4035 2373 1223 329 9802 1867 1739 5707 9293 1233 6740 5334 6104 2522 4315 9182 6238 2785 2276 4454 6508 620 9324 5613 1133 6895 9071 1393 8177 5106 1013 9207 9081 2682 8186 7290 2811 9212 9981 7677
81 4104 2825 5129 4111 4633 1051 6684 4637 6430 7457 9761 2340 292 7205 7208 7210 4655 9268 6198 9275 61 5181 6718 4418 6985 4681 1359 1109 8022 344 7768 6238 5984 8288 2665 617 362 1900 1904 3440 1651 3700 8821 1150 6784 6531 9348 5765 8840 2961 9372 9377 4514 4774 8614 8362 5035 6827 939 5803 2221 8366 6574 1717 9141 184 1721 2745 1209 8123 4545 4546 6084 2756 708 6855 6089 203 6093 718 9423 7887 977 8146 5586 8915 3028 2263 1759 3553 6629 742 8937 3310 8433 7157 8189
82 8065 7041 3589 2055 9994 9232 5777 4882 2708 6037 6421 277 9495 4632 281 410 7452 7070 7455 3872 8481 6049 9378 3875 7971 8997 9895 4008 2729 2089 6186 4396 7215 9780 566 4278 6583 2489 3002 1469 1597 190 1087 6848 5569 6210 2499 1731 7363 5059 2121 7241 4043 6604 7117 9168 9297 4562 8147 342 3670 3160 4697 1497 4701 8670 4832 7137 5859 9699 8548 1380 4069 2021 4199 872 1129 4586 4205 7022 9328 2033 7283 9715 4852 5877 6134 4856 9977 4475 2044 1405 9725
83 6405 517 518 6920 2826 7692 9487 7444 7957 3605 8217 8477 4637 8480 288 1059 8232 7977 9514 556 1583 5936 1840 6968 5953 325 838 7241 585 9547 7759 6997 9816 8793 7005 7518 5214 2144 7524 4199 5480 3182 3694 9843 118 2679 8312 6009 4219 6276 4742 650 7050 1674 3466 9611 8843 6799 8339 2965 7061 9624 1435 6812 2461 7585 6821 424 1192 6569 8363 8877 430 7598 3758 5041 4789 4538 6331 8900 5828 9159 1736 9930 7123 5332 9941 7382 8150 2522 2267 2780 4317 3806 9695 9441 995 9702 3819 3821 5616 7410 3061
84 1408 897 2690 9348 8580 4229 5638 9868 9484 2830 7952 3857 3345 5777 2324 2582 2326 3863 7577 2843 6557 285 927 1055 6944 9248 289 7457 7585 8482 8866 2083 5795 932 9892 5925 9381 9894 9638 1322 5802 1323 3116 8493 8365 1200 1840 6837 4022 6714 4667 5950 3519 9026 2114 6082 5699 7366 4681 8394 970 8654 7758 4560 6227 8915 5203 725 1240 4700 94 4194 3427 9059 1380 740 868 4199 2535 2152 4457 8682 369 3697 4338 9458 500 2548 4085 2421 8441 3452 638
85 8963 6405 1286 8202 2315 5387 7695 17 1049 2842 6170 5662 9247 1824 2851 8997 3621 819 7737 6715 2878 2115 5188 3400 1352 8776 6729 9548 6221 8015 5715 1633 3682 3427 4195 9319 9320 8808 3177 1385 3691 9324 5485 9329 371 9083 8833 901 5767 2184 9354 1930 650 397 6799 4753 2197 8087 151 2970 7333 3494 7591 2217 5801 5554 1460 1463 7095 9144 4793 9913 7610 8893 702 1218 4809 4813 3790 1743 1744 9683 6611 5846 6615 6360 3549 3550 6622 7906 999 1512 8169 6889 1517 1270 9983
86 4480 3072 6401 1921 643 5127 6409 8201 3593 2570 8588 397 8461 2831 1552 8082 2964 6932 9113 8858 8220 3741 798 4127 4647 1191 8748 1964 5038 3630 3631 7346 3890 1202 1459 2230 9400 3130 2238 2366 6847 9792 9537 6465 65 8514 9027 1347 2756 4041 1098 6604 9932 7117 590 6735 80 1872 9810 6739 9427 468 852 8405 343 3671 215 6488 6105 7129 8538 988 6239 863 2528 9701 7273 5994 1898 2413 8558 2544 1009 2036 245 5110 8054 7288 5115
87 518 521 1035 2827 6156 5902 3087 5908 6165 2328 1566 2847 7202 4398 4910 7982 563 2356 2868 6455 9018 1595 3134 4416 5955 5447 2891 7757 77 8270 5455 2384 9040 5713 3921 4689 8788 7255 4696 1624 7004 9311 9312 2917 1637 5990 9323 5488 625 2674 1909 6518 8056 6520 2427 7551 4479 4991 9601 1921 3206 135 1672 654 4756 917 5526 926 4001 8610 930 693 6586 9402 3519 8389 8391 2503 1226 1232 8656 7632 5072 5329 5586 2516 9687 6617 8412 5341 1250 8419 486 9453 6897 8433 7671 2297 3325 4350
88 1409 8962 6402 4484 6533 7045 8326 5638 9863 8455 8456 1928 648 4105 9994 6795 523 7435 4876 781 3469 6797 2831 7953 3091 2323 404 2197 4632 9240 4893 798 5278 5408 3106 1318 6438 2344 680 6059 7603 947 3638 4662 4536 8249 1597 3392 2370 4679 4553 204 4429 4817 7251 9556 9428 9812 4948 4693 598 6871 88 3032 5081 3674 2395 7387 5085 9438 8416 97 1378 741 3173 485 8806 9447 231 9580 109 3949 8302 8688 8816 1393 7793 6261 9717 8951 8312 6907 1661 255
89 2816 4353 2306 4358 5900 1039 3858 787 7701 7446 9241 5148 5151 8226 7974 9511 4907 300 301 6701 8499 7731 312 2872 826 1855 7231 9280 1857 323 5955 4422 3654 2378 5199 9551 7252 1881 5210 2651 2140 4956 9821 8546 1379 4198 7017 7019 7020 1388 9580 3700 8053 377 8826 9083 1916 3965 4993 1666 6020 8837 4741 6795 8845 5518 9617 6033 7576 3486 674 1193 4778 7596 1709 5552 2741 7607 4283 1732 1476 6090 1742 6350 2511 9680 1755 2524 9954 4836 6380 7405 2542 4849 241 753 2297 3322 4860 3070 3071
90 1795 7434 6668 7952 9744 6931 3095 3864 537 3100 8477 289 4389 2347 813 8749 7214 5423 2354 563 2615 8760 5688 1081 7226 827 5444 7750 4936 5193 6731 2896 5206 4695 855 4696 88 3169 9060 5476 1380 1895 3946 107 7535 9842 7283 1908 9332 3958 3967 1407 1666 7042 1155 2700 3469 9103 1939 6037 3223 8346 4763 8863 3999 2465 3237 6056 5288 1961 4274 2486 7863 5561 4537 6844 4543 8393 461 4557 718 5841 4818 9941 5593 219 2525 3808 8931 4580 7908 997 8425 9962 2539 1260 4592 4080 7409 244 6138 6907 5373 3070 3583 6399
91 514 5891 6404 5387 7949 1806 3090 5909 6677 5910 3608 7449 3354 3612 8735 32 4641 3874 1315 292 7460 4902 2858 7723 3885 9777 1329 1852 5951 8769 9283 6726 8265 3401 9545 8267 8786 9300 5464 4184 89 4446 9313 1890 6759 360 7274 1387 623 9843 6264 2425 6521 8827 7297 3464 7305 2444 7825 9622 5528 3480 5017 6812 157 4766 5793 162 6051 7332 1701 9905 3762 6323 3253 3512 9145 9402 3259 8637 2495 5056 8386 9414 1481 4555 972 7374 4814 1744 8663 8664 477 3037 7647 2274 7147 8175 9967 3825 9717 504 4348 9981 5887 3839
92 6912 2560 514 9731 4 1030 3595 5901 783 1039 3089 4887 6170 7453 8224 9505 5921 9258 2349 301 8238 5679 5938 4917 3125 1847 4663 4410 4926 6210 6466 8771 1606 583 1097 4425 6220 1101 8269 589 7503 6992 1617 3156 3159 5723 863 8294 8812 4724 7543 896 6531 9093 4232 7561 2698 397 5778 1177 922 9372 8865 929 9636 2732 8110 9647 1713 2225 5811 5301 9656 3516 9404 1216 9925 453 8389 711 6610 3029 3545 5347 8166 9958 3562 8426 9708 4333 5869 1263 5873 2292 6133 6649 2556 9727
93 5249 2435 7557 8326 3974 1543 7431 7 4617 9610 2699 1803 4107 1036 909 7438 2447 7952 7698 8082 1811 2325 8341 1046 534 5526 6044 1823 7715 7843 5156 808 1576 8107 556 5804 4781 7343 6451 8500 5429 1206 3383 6328 2361 4153 5436 2365 8127 3140 6726 8137 6602 5196 9552 9939 9812 5077 8278 8918 474 5210 9052 604 1629 4574 2143 9824 1633 353 2145 1762 9570 8163 1892 8421 7525 1385 4074 7787 5100 7536 7924 1399 8824 6392 120 9977 3193 5499 7803 7421 6013 5375 9087 2559
94 9728 1028 8 4104 521 4362 524 4622 2831 5647 5393 4370 9746 7443 6169 9241 2588 7457 4898 295 558 8495 4401 1329 8242 5942 9023 5697 9026 9795 5710 4174 1621 7253 8022 6744 89 8793 858 7006 7263 9573 8553 5230 8302 8053 2677 2423 2169 4477 4479 8063 6530 9094 8839 6537 3470 1679 5521 7313 5779 3987 3988 5524 2966 2715 2460 6302 2721 675 4265 1449 6317 9139 4020 3766 2999 6330 9916 5564 7615 7616 1730 4548 9157 8134 9420 5069 9680 1490 1236 3033 3295 8672 3042 995 4070 4840 1513 8169 234 6890 2027 8941 9711 8952 4857 253
95 512 7810 1666 2180 9093 4233 2441 7946 2698 9871 143 7953 17 9490 5399 6423 1688 6169 4250 4128 288 9505 290 7843 5796 2981 6949 4901 7847 9385 6057 8108 4530 1844 3511 569 1210 2362 2746 8763 7995 5563 4800 2370 1861 837 1349 69 1990 2118 5575 7880 6602 203 2125 9421 9549 6862 8783 6737 9427 1878 6743 6362 3552 3808 8673 2019 9571 612 4197 3304 9833 9838 7281 2673 5874 1396 2038 9463 119 1911 4599 4215 1656 8953 377 8954 8316 6526 2814 4351
96 1283 2315 3596 7952 6674 1811 9750 1816 8730 3356 5406 288 546 805 7206 1320 6953 9771 1836 560 1584 9778 566 7735 4926 4671 7234 6979 6723 2116 6725 1094 1351 7756 6989 4433 7765 1877 2906 7262 2654 4446 5985 2401 5475 4716 4460 2669 5999 1137 7541 8828 6271 7808 2177 8837 7568 2962 1428 149 2965 9879 6040 5017 2459 1442 8356 2469 7085 6575 6831 694 3514 2750 3519 6847 1216 6592 2241 8385 6851 6345 6601 4299 2511 2773 5847 3289 473 3033 986 987 9181 8929 5861 488 6122 7659 5356 7404 4334 2552 1534
97 2176 7937 2436 4615 6919 2825 8970 908 6541 1165 6029 3599 1552 7313 3986 3346 3987 3348 2197 7702 9622 6935 7705 2969 8473 6430 6047 4256 4898 1827 5285 7207 4007 3240 297 9770 2987 6317 3502 8879 3759 7471 7728 7475 6323 6070 6711 3258 5436 8384 448 3651 7619 4165 5579 4812 6220 6093 3917 7757 2253 590 3918 5583 9041 6610 6867 8404 3159 4953 2266 4442 4315 3934 2016 1378 8803 355 4963 7527 2280 1128 6378 4075 4715 9068 2157 9584 6001 6644 4214 2807 9720 6264 763 3708
98 1 3588 8965 7942 5640 9740 8463 8471 1054 3620 7204 1574 9768 297 8493 6446 1839 3119 4660 5431 9530 4414 2888 5963 8267 1869 5965 8283 7261 3168 610 104 8552 8809 5999 9588 372 9850 3208 9611 7567 3215 145 5525 2201 6299 670 6303 8101 421 168 3240 429 5043 3252 183 4029 2750 7103 7105 705 9154 9155 8388 709 1734 9926 6856 8140 1485 980 8404 213 4823 7640 2009 3549 221 5600 5089 227 2794 5869 5358 8943 9968 4848 5361 8178 7924 7159 5114 9211 4859 9723 2045 6397 9470 1279
99 3588 261 1800 776 7433 6668 3599 9232 4113 7185 9748 2582 8728 9242 288 4128 3360 1569 547 9764 1061 7980 8759 2616 1080 9277 5950 2111 6463 6208 8778 6218 4683 9293 8527 2640 1617 1873 2642 1366 4698 2907 8028 8797 3177 2411 9070 2420 8313 3195 2686 126 7810 1922 2693 3720 3209 2957 8086 3735 6553 8603 8092 1951 9376 7585 8099 1188 165 6056 5807 7602 4275 6336 3778 3010 3012 710 1228 7374 974 5841 7122 4564 469 1751 3543 727 7901 6878 9441 6629 1768 7403 8175 6128 5106 502 1528 2810 8443 254
