37 445 1815 2296 190 7320 945 3572 4833 8382 6069 5668 9314 5751 2696 2578 6784 2543 5782 1568 4104 9838 2601 1800 3877 4092 5502 9363 6174 9688 3955 8914 340 4182 5820 6166 101 8929
56 8703 7318 8630 1492 6110 9851 530 4665 7243 9705 7690 4115 9610 6244 300 5695 6484 1521 8028 1831 3710 5380 6548 3556 2715 1042 4878 1371 3873 8039 4001 1017 8852 4238 3649 2328 7634 6472 2562 7324 597 2067 1303 1991 6941 5846 360 6968 1522 9589 2449 4160 3929 9117 5606 3346
53 3444 1664 268 6456 6794 6457 1635 8978 9627 8351 5090 9254 3972 32 8236 9202 9466 7118 3203 462 7207 9370 2893 5040 2 6713 4279 6982 9355 3489 9774 8246 6734 7543 6324 2688 505 4822 8643 3726 7775 3206 5834 3837 7202 1663 913 1680 2806 4197 5055 6434 6518
51 9888 7952 3457 9020 7293 6654 6150 6053 3188 4502 3585 9345 7494 3778 8412 5437 649 6248 6067 76 501 9778 6772 5704 3072 545 4423 1750 7661 1828 2988 520 1498 7254 5528 1571 6826 5641 6097 7664 9223 301 6782 6676 2376 3284 3347 3514 3857 3880 4891
60 9675 2576 1993 8271 6135 5113 2106 9267 4761 854 7442 3112 1845 5766 3364 8243 1620 1257 799 2393 7381 9433 9934 9421 6920 2805 9072 9224 7321 6020 6977 9395 5367 3483 6738 8896 7360 2303 8465 9907 2058 6957 8011 3219 14 5075 4161 6594 5204 8320 3390 7303 1454 2819 6931 4281 722 2544 2627 9329
57 6115 1528 3527 1438 4885 5744 4184 7249 1830 9625 4659 823 1349 8190 5576 4724 1475 8686 4895 1799 7609 7712 7763 3077 9722 916 5243 2634 9651 7098 8583 668 1996 621 5680 8660 237 9125 8514 8056 9689 1600 9280 6207 4162 5342 8043 5637 8083 9700 170 295 1510 1569 3259 3617 7441
42 920 7640 8024 3951 3329 9401 6296 4733 2934 3616 7685 8112 8642 8555 6971 6188 7837 3133 1220 9623 9303 5289 9362 3925 683 7807 5537 3893 9185 214 3553 8498 1457 4655 346 6835 6071 8706 3876 3766 7821 7432
47 3743 9698 8149 9544 5890 6765 975 1240 2056 8219 6438 2060 6048 4171 6570 1189 1101 4247 1912 7931 9038 9015 2078 8212 122 2159 1078 8855 8821 9111 1711 6980 1917 3479 6383 2574 4466 5469 5617 4172 1969 3742 6384 1939 3218 3586 3737
54 1978 6694 6780 3236 9852 2147 3017 3200 9757 3840 8059 5601 986 8671 9846 5713 5087 2072 8075 8229 5256 8551 2151 9270 5730 744 7860 9930 8438 1965 760 2419 2232 3164 2803 6284 8408 8759 3056 4668 3143 2460 8790 9189 7165 8647 6978 1892 2964 3723 3812 6221 6467 9536
49 3988 9581 6404 5358 4437 3024 4848 4349 8133 483 1465 169 8167 159 553 3622 4969 4653 8444 7120 8225 3606 6799 239 5308 8025 4663 2996 6332 8121 6758 1409 6736 1687 7868 3467 5765 5297 9098 848 1063 1675 5338 8655 5773 944 2593 2298 1015
48 3471 7229 3333 3257 7553 9691 5517 4080 211 2787 9751 348 7916 3482 5279 4213 8800 5995 4117 8033 3765 9000 3295 4248 7757 3625 8616 9939 7962 3961 5525 2214 8930 2542 5802 4603 62 4253 725 8702 6394 6616 1938 3819 4901 5753 7391 9569
17 5424 585 1447 5227 7104 6304 8448 533 3445 4704 8445 6222 1458 5099 8494 5556 5780
45 4214 8578 9286 6316 5783 9497 9273 9481 4331 843 715 5879 897 2272 8150 6857 2729 6581 5313 3045 3913 2903 50 1671 3590 9235 7893 9108 588 1108 5056 4422 2870 4967 2301 3287 1658 1731 4305 4649 4683 5547 6170 8147 8543
52 9216 3025 3410 7198 1593 9974 7585 6547 119 7190 7759 896 8378 5861 2108 4031 8801 1944 7900 6642 9800 3672 9397 9213 4947 6565 7417 4876 1469 7536 5132 1775 551 931 6887 6408 5624 2759 3744 4061 9540 5242 9427 1586 8613 635 749 1230 1306 1805 3755 9380
46 9523 8204 19 7329 627 7357 9805 8803 656 208 3435 4034 156 4355 7445 9526 4767 9192 2444 2332 7077 9205 8745 433 1357 997 385 1502 6030 2236 3659 7306 2761 1520 4037 8924 9660 5867 2219 4977 1408 3571 6051 7215 7289 8119
39 157 8509 6656 4414 5510 200 5205 4225 3375 3398 8795 8191 1441 8737 1862 7576 5967 9720 5901 9219 4002 9022 5172 1047 8343 4970 1920 8314 2093 7608 3361 7890 5103 3768 5488 7774 4380 6183 8982
51 222 297 9901 6269 2788 6875 6265 3411 57 8128 6024 2385 3418 4328 3735 6393 342 4981 4654 3772 5262 1834 473 9112 1057 6811 2662 8016 5807 558 7919 4169 981 7850 4444 1059 5521 5949 3715 5368 108 4157 443 2152 3134 4296 4790 4799 5953 6342 7173
55 4894 6952 6044 9935 9768 9412 7975 1200 8146 6710 4020 9164 3051 376 2217 6132 629 3675 8664 9226 8799 1774 7266 8261 6625 6873 3159 1340 6803 682 4801 27 2590 6704 9344 9856 5638 3515 5965 1915 5450 8456 5871 6501 8834 2474 9493 7184 13 1377 1951 2090 2203 3619 6260
47 7913 9137 6004 4661 6536 3816 8856 9450 100 422 617 7477 3205 3793 377 3986 1431 8450 1255 5023 5715 1761 1065 9828 6560 1477 1596 591 4362 6937 9261 6109 9528 3835 6046 3252 5138 296 3417 831 432 685 980 1261 1547 2530 7252
28 273 1888 2774 7993 6735 5282 9680 830 1627 4450 3970 6407 9424 4105 9837 938 275 5559 1747 518 3689 5625 1486 6847 6827 4252 1919 5886
52 3103 61 8587 8557 8699 3067 1995 565 6922 956 950 4205 3366 4986 2652 1110 1330 4832 4087 2375 689 8748 6326 4805 1314 8873 4804 996 5655 8439 5530 2081 4933 5403 6929 9777 9426 4616 9260 4519 791 7618 3304 1983 1488 430 2227 59 6458 4145 5571 3883
46 4637 4687 2531 8736 400 9965 3603 502 615 8614 3036 3414 5628 9035 3770 4195 3901 6218 4062 6839 7823 5417 527 663 812 7741 2351 7272 4847 1578 2111 3953 9352 1556 8418 7300 7597 2886 1479 2606 3172 3543 3679 3975 4338 5415
21 6916 4829 8915 6021 1252 1245 8259 7278 4776 2412 5877 5950 5987 6010 6330 7559 7681 8195 9061 9123 9387
44 7957 7911 6189 9996 5049 206 3129 3830 6220 378 7692 3958 3513 6476 8631 4532 1348 6571 4651 2341 3027 9460 5810 3438 2991 6282 9621 6072 9618 4436 5321 2379 4283 9984 3676 4364 7350 5485 2172 3749 4091 4846 5370 6494
51 961 610 3197 271 6410 7465 2783 497 2651 225 775 6237 7048 3394 2366 2383 1967 6888 2614 3573 5600 232 6414 6205 1493 6033 7616 7923 1657 9578 3472 9356 5940 4707 8479 4551 5869 6986 1585 4611 18 7818 5057 5876 472 8527 8556 5543 939 6111 8789
39 5402 1372 2784 1313 3739 6526 7901 9165 3669 8485 1710 6562 5301 4539 4608 7259 2633 9366 8524 7461 6483 3353 94 335 8318 2489 4381 1270 1126 5178 1380 1788 265 1619 2697 2786 3264 3887 4177
49 117 8342 2603 2123 8370 9078 8338 6430 266 9037 2585 9546 2797 9151 3646 1364 6885 6120 7525 1980 4128 1534 1387 9335 8283 4276 1941 3908 7578 4385 2306 373 9149 6017 3348 123 5822 1219 1940 5345 5209 7717 5239 6147 8735 4522 298 6795 710
52 3371 6724 3168 3005 328 4935 6711 3544 9654 2999 6026 4713 3122 1725 6902 1309 6379 463 893 1771 338 575 3123 6122 970 6008 7619 4395 9969 7738 827 5574 9728 3177 5013 7827 2014 2798 7158 8223 3460 2458 1536 6876 3046 8 5455 3255 4320 737 4156 4241
42 4307 8406 2278 6139 8711 7380 4245 7882 5082 5803 9054 9789 8182 1871 194 9023 1914 9278 6874 6025 223 2552 9866 3599 4155 2295 6660 9285 3183 8678 191 2262 6411 8142 31 3310 3871 3987 7496 8265 8674 8884
50 6695 7141 6418 1609 8262 8832 7430 6338 856 753 102 1346 1511 2275 3373 5899 7915 9992 852 7004 2935 5143 3377 6833 1132 8143 6504 6802 3342 3881 3365 3823 8604 6551 7199 3800 8608 3175 1481 4375 7803 8724 2196 4823 5294 5758 5821 7601 8019 9677
38 6228 2507 8484 7230 5856 4794 825 4980 7557 1503 8989 4914 6182 9068 8118 4958 5193 8956 599 7422 6987 8826 3463 3267 618 9292 8993 2231 9237 6061 5729 3446 7072 8297 4026 6309 9892 3272
43 2986 8559 6913 2166 4648 4910 5887 1908 4973 9761 4913 8973 7010 1415 5764 6865 2315 5959 4221 3547 3328 7091 1501 8049 6707 8390 9372 1836 5905 347 1049 5826 5703 6899 1506 5683 8507 2993 2998 4996 5545 9461 9721
19 3654 5660 7745 8245 5329 5039 6810 2344 2189 8729 6543 1025 2027 5109 3769 8859 8751 269 1018
54 5727 7471 1674 6239 4507 9947 1550 9071 2181 6133 9564 9265 6279 7515 6757 8864 8072 65 8007 2599 9784 7650 928 863 8813 4874 6813 3061 6320 7945 7247 3822 8315 404 861 3964 8095 3106 4769 756 9775 6715 56 1966 70 431 794 840 994 1887 2441 2509 2597 4538
37 4984 5948 2436 9306 6206 1054 1986 6742 8155 942 7263 6698 9505 2292 523 1589 1271 196 6519 918 3065 8591 7999 2768 2413 2560 6801 3246 3517 4116 4271 4599 5264 6011 6136 6291 9336
32 519 3546 6123 8435 8203 6307 2566 8588 7554 7934 6076 4593 8652 560 4756 8585 9238 3044 1470 8988 582 5583 3907 5958 5032 537 9547 8359 1945 9055 9932 9999
41 394 4693 9274 9559 5025 5955 511 7884 7994 6399 1745 7988 6491 193 4866 7654 4821 4515 6165 282 7237 4549 1597 2016 786 2254 851 6001 1856 8531 1243 9982 1162 9491 33 8894 6796 1490 3872 5051 5147
52 5086 3294 9347 4112 8784 1111 381 9538 92 1565 1256 7456 6121 6041 4111 7490 7594 3436 6138 5472 5976 6816 173 9929 7418 3360 1298 7961 6075 5997 6646 5085 8032 1362 4864 6535 7261 7251 4324 900 1120 1288 2224 2794 2814 3185 5046 5179 5398 8582 8618 8921
39 8787 666 4029 9457 6066 9075 3843 8339 6223 543 5694 4890 1770 9435 9899 5483 2239 1405 2674 7908 5153 7225 915 1582 2925 7369 2161 1234 9797 9793 7748 898 5058 796 5900 6016 6453 1150 1212
35 734 9733 2538 4455 277 9869 6327 2881 6575 6023 3468 1968 6172 8694 934 2107 7234 3859 4072 2439 8767 5464 9026 9152 3686 4323 8779 8763 1789 7851 7980 8716 8825 9067 9184
40 3281 109 7314 3821 41 4153 7572 9042 3047 1557 4021 7171 7134 7555 2110 6746 5998 6596 2829 7647 1123 2390 3141 5565 1999 2892 870 9060 1451 7212 838 3089 8466 1742 4131 7279 440 9997 8082 8278
30 9550 5359 4717 1391 8598 776 5389 238 958 3242 974 7388 8286 2894 9895 8084 5918 3911 143 526 1086 3388 5348 5439 5596 5616 6246 6405 6650 8847
30 3555 6424 5387 5721 6836 1206 7276 4798 7037 7573 1541 2086 2841 2309 3948 6578 9780 4632 7583 5326 4082 1092 5363 7979 44 1575 1801 1825 2307 2448
38 7862 8848 5369 168 846 4656 2952 7535 1250 1738 6657 2415 9478 2972 9823 280 3722 8063 4711 9376 4942 7298 1286 8992 6286 1068 2378 6666 8172 2616 1811 1397 1268 416 3094 593 3932 9048
55 9670 4428 7677 5089 3786 284 6293 7364 8176 3530 2969 9496 4714 6674 4561 3007 7205 3550 6415 2854 4217 5309 9080 6608 6859 4850 8081 8357 2971 3401 7550 2428 1737 4304 3678 367 3166 5447 4179 2391 810 8696 6788 2193 7563 1544 8482 6881 7772 3690 4911 9937 6748 9517 976
54 489 1984 7768 1869 1267 6186 8653 3542 761 6809 380 7693 8782 7103 3790 4282 4642 1897 4843 3222 8009 4232 5548 9629 841 8161 7322 7333 2476 2018 904 6395 7067 468 7491 8208 4596 1184 4516 4226 602 8858 7026 9646 7896 4897 5458 6257 8517 1318 7161 142 9326 9472
52 3855 6361 7319 6804 6003 9549 5719 8085 6119 7438 9134 1311 1494 2675 6098 7569 7493 4167 5208 6201 5442 6939 3251 3009 6858 4429 7217 2279 2285 5827 8231 5261 9161 6972 8474 7644 4774 5750 5972 4231 4134 6914 6576 4339 2238 2243 3110 3120 3386 3969 5244 9476
47 5716 5654 3891 5507 95 5686 7174 241 5853 2661 1109 4327 2453 5465 1433 6910 6800 612 6375 678 7510 1342 9686 7966 7012 1548 9587 5772 4581 9468 4943 6028 5924 8626 5657 2094 7051 2133 383 797 828 1087 1137 1923 4319 5629 9573
49 4346 2838 4233 3426 6718 417 4028 6402 6216 853 772 64 1864 3623 1660 9729 4939 1198 7389 6806 83 3 6970 4135 260 1889 6131 43 723 4439 9053 2484 9662 3309 4574 2446 145 9340 2703 2767 5889 579 3903 392 398 1003 1247 1343 2163
54 2316 3692 3758 513 4630 4826 5477 6141 1835 4139 5409 3746 691 7903 1752 3584 2402 3216 4204 2596 9706 7552 7914 5220 701 6376 6572 7921 339 2416 8287 4576 1608 345 2588 6341 6440 5932 1482 3003 7269 5581 540 8580 9669 2608 4479 7758 3850 1559 1646 2208 2508 3569
50 24 3245 8586 1530 9806 3541 2973 3795 8681 8379 704 8804 444 4347 9031 3314 1584 9694 8814 6821 8268 7009 4698 6897 3101 4369 4258 2682 5522 5611 7656 8135 6557 7895 5755 8393 5185 6236 2624 7469 4998 4418 8282 6158 3688 4332 5230 6507 7111 7700
15 6849 1090 2520 2511 4421 5516 6645 2981 178 106 1067 8215 8558 8625 9069
32 3540 8104 3976 3068 7373 3605 7710 7253 1079 1613 2706 9156 1644 711 5064 4068 7267 5486 1424 2710 3494 2461 8258 8252 5007 4389 8668 2403 9315 3187 446 766
46 8489 2357 8792 3557 9104 8747 1491 5287 6247 1523 6367 8407 9611 7857 7967 2319 5658 1394 8545 1870 2684 2142 3756 3682 8294 500 309 2012 7695 2471 1916 7033 4609 407 8355 1893 9986 7079 7869 421 2103 1301 4203 7565 7943 8001
52 3564 6607 2512 6786 7406 6202 3632 8868 1386 7092 4017 7816 9561 9952 147 6677 2910 8534 9508 5523 9114 1031 7286 1266 4712 7250 813 9188 878 9236 9107 1241 5079 3037 1954 7055 4413 8145 8205 7905 4408 469 4126 9095 679 8396 2286 6789 5280 5720 1006 1558
26 8675 5615 3208 3849 4109 4207 6739 922 6537 4485 646 403 6587 5070 4924 9859 6898 4014 3454 7502 1037 6687 7038 7181 7348 7458
42 9411 1512 9864 4867 8521 6749 2352 2180 671 9645 8981 8214 1051 6808 2713 4219 1921 126 9163 7130 7292 9275 4831 9762 2199 5823 9893 4427 4151 1390 7359 4052 7087 3180 8488 4820 7436 1909 9827 675 1019 6479
53 4842 7186 3148 3170 5189 655 210 9464 3420 4585 3732 9138 9897 4696 5001 2568 2846 2241 5305 7384 8960 4443 9658 2129 456 3130 7528 305 8720 6169 4835 6370 5194 2932 8853 1070 4934 8092 6195 5251 5429 1683 1074 5202 3080 4554 587 818 1293 1705 3458 3985 4243
41 3693 4536 8302 7129 1100 5554 2305 172 9477 8529 9842 2930 4130 8506 8486 2467 4689 355 5306 724 4365 5184 3052 3233 9194 8247 9175 1672 9327 6054 9853 2085 2668 5315 9995 1099 6428 9502 2726 9147 6834
49 1866 1170 892 1363 4815 419 4657 5234 8955 8367 921 1422 3531 5809 1480 9817 2907 15 7341 1592 3340 4591 9554 183 2190 7551 487 4932 1370 2676 3725 3900 9535 6095 7841 312 4763 2096 3727 3971 5198 5599 5659 6461 7042 7123 7731 9097 9906
53 1269 2536 7451 2742 9890 9926 6903 6652 3190 6618 2480 1160 6579 4206 138 8023 9319 9513 1681 8590 1783 1471 1154 8673 4902 2256 2462 1485 2350 1265 8886 2918 7470 9500 3695 2707 788 1739 2734 3250 8398 3327 3520 329 3335 5508 1001 8185 20 181 1948 2813 5672
47 5598 2828 8158 6199 3196 166 7428 9316 6942 4410 9819 3057 6639 91 4792 175 9133 4677 8239 3750 3714 1814 5102 7798 6530 2685 5796 2283 4573 3563 1661 4737 1936 8658 1127 3254 9432 3576 5964 9747 535 2312 4185 4277 4348 6997 7795
26 9626 7116 6851 4194 9282 8157 7196 9962 1168 7516 2025 862 5094 151 740 3351 8129 8250 8335 4762 8170 4505 5761 1413 8570 1546
43 2941 7088 4706 8449 9087 1010 2904 3105 9557 2577 633 7162 8806 1721 8984 8505 7415 4224 8502 3174 216 9462 3139 6102 2017 2644 1827 7071 7063 2500 2003 2367 3318 7244 9365 2182 4275 9898 6701 1158 2905 3349 5254
18 5406 6502 1874 8742 2404 584 4211 1464 1308 2478 3674 1749 5217 7377 3074 3452 1329 5742
48 2559 4056 2026 2293 1527 1843 1777 2245 5678 4544 9429 1263 9394 6630 6426 8401 5569 6437 9987 4499 3443 7791 3699 3487 8539 9886 6923 104 9425 9039 9565 2380 4527 3937 2744 5145 8635 3868 2946 8589 3113 9220 2289 2922 1823 2134 3528 5173
51 6160 8086 7612 8055 2963 2711 5771 4228 2112 1863 6101 7041 6805 3904 7984 1930 2548 6864 3845 7065 7394 6602 1668 8656 2084 7556 6149 963 824 1717 3888 4889 1196 5038 6100 7308 38 6449 4391 6343 1617 8380 6998 6088 2456 447 5318 3724 136 7404 626
6 6039 3116 5228 6094 1785 7581
50 1228 8458 5060 8328 8040 4088 2639 9199 7135 7558 1412 9912 5356 1104 402 4426 1396 5582 1328 8437 9548 8672 1165 8844 8922 6215 4849 4954 6497 3209 9310 6369 5691 7523 2716 6287 4508 8341 5833 5533 1287 9014 1826 3400 8701 2019 1055 2724 4865 5538
28 9121 952 1943 8109 7755 5104 3300 3568 985 2522 5980 9509 3023 781 6867 8880 9217 5410 307 410 1636 3792 4308 7057 7968 8211 8430 9834
33 375 1794 1773 1625 5295 3066 6340 8187 7232 7840 660 4709 7808 2556 6333 2648 9328 4266 9785 7440 1513 1275 1050 6308 155 5738 3935 3577 8347 2336 9605 628 7655
51 8728 9166 8425 4511 3176 8462 69 2036 9511 3270 992 1215 5866 6893 7457 8869 4907 7366 2141 779 5473 7701 3316 1402 9988 3495 3939 5093 5360 9510 8889 3332 521 9839 9904 4306 6040 9841 7694 2266 4610 1133 6598 637 7991 7409 5436 3093 3892 9970 2276
49 9207 7188 6485 6740 9744 1326 7211 3477 7448 3393 6582 5933 2622 6641 2737 9139 9671 1345 6574 1796 5849 370 7958 1224 5906 9102 687 4708 9445 2168 8568 3100 555 2970 2877 7880 8313 3677 9446 6546 6052 4 6585 9635 1207 2770 3032 6185 8131
15 2869 5381 3697 1384 726 7346 6089 3345 7907 4634 8416 1461 490 5171 3709
30 8102 4882 7114 7889 842 5746 2605 1601 7246 4643 7191 7309 2809 8945 1176 2082 2021 774 4682 7570 1217 512 9630 7285 7179 2451 6471 1839 7728 8679
48 4855 4143 9291 6329 8566 8979 8786 439 2992 2686 2781 8882 7595 374 8062 8644 3157 7614 6451 4358 4038 7935 4964 909 8811 3508 6431 2524 6628 2162 6303 6949 3297 5151 4589 6107 5316 5839 4752 4267 2698 8372 424 8718 2049 3380 1038 6870
27 7040 2912 3655 7020 7704 5332 2984 4398 9844 6915 2607 6866 2452 6325 8565 450 9170 8354 7031 75 4680 389 1085 7481 4484 5894 89
6 5649 1970 9349 9741 8491 2758
49 1735 2313 1323 4959 9503 9255 718 3875 5602 6305 5069 9737 4872 4227 7764 4293 7045 8134 93 2959 8492 3416 6609 6540 6006 217 7327 2150 1632 9122 7671 7780 9529 8005 486 4859 9266 8683 5735 5978 662 6981 1958 2773 2839 3069 3825 5108 7058
10 9820 3276 3596 4467 6380 2045 118 1531 6515 8330
34 6843 5218 1605 3579 3029 2681 9144 8464 4376 2919 1553 1062 6850 1048 5709 6848 4628 4125 9361 5340 4906 4388 4852 9902 1072 3738 8200 4004 8651 7541 8394 9973 3548 2812
42 8758 3990 661 5996 5712 9182 1884 1232 3326 5847 8373 4496 6921 320 3534 3999 4093 278 2431 2611 4100 7291 7439 7258 2028 9041 9124 9343 1517 9814 9007 7530 5806 2683 5718 455 1327 1573 1652 1722 2659 5723
30 4873 4208 2006 8323 6409 9289 6173 6967 2187 1700 5009 9632 4937 8160 2468 5092 8692 1832 8242 7734 964 5349 7854 6691 132 1764 7526 2249 4401 1022
45 554 3409 1630 6924 4255 5285 6058 5012 2464 9127 6280 5426 2260 3146 4302 550 8830 8293 5083 256 1145 6996 7273 1053 8003 5181 1816 5199 9713 3864 8180 6335 2310 7946 5811 4735 9781 5150 729 1602 2926 3480 3589 4292 5501
47 3030 3239 8213 1784 9685 9011 435 3325 832 9617 9262 9364 2240 4965 8510 8659 3450 9298 202 561 5314 5016 8749 5733 1727 5851 1666 334 5165 3634 6668 6936 9063 1795 712 5813 188 9210 6959 7702 2280 758 906 1439 4987 6613 7986
50 8962 1227 7864 1406 2143 8309 1994 8575 1910 7548 4063 9731 2184 5907 8901 9141 2089 7148 9779 1041 5689 293 2039 2348 5870 250 1449 7622 3538 9050 5114 8600 4148 9603 6892 5290 3683 314 16 5623 4697 6685 12 1084 1972 2200 2540 2862 4716 5646
30 9090 7398 5034 8274 212 5711 3615 313 4749 5994 8667 7691 3862 5386 8326 3163 7062 6459 6714 4144 80 745 1321 2127 570 3019 7084 9580 2349 1427
51 7877 7709 9473 7846 248 9830 802 1272 849 2140 5263 2105 9981 4819 425 5915 716 4314 4085 9330 9333 7750 5872 9709 5904 4359 4512 8512 6429 2381 5863 7925 9342 2889 2533 3192 7170 5560 2080 783 7722 2730 2421 3522 3863 2032 590 795 1009 3631 7093
17 372 1883 2738 2426 5920 8637 1430 881 6896 1443 9249 3484 3525 3526 3711 7519 7989
38 6912 4285 2338 6498 8768 6825 7682 3124 9570 9132 4828 6932 2374 9420 3121 8650 8705 357 6629 7101 693 6264 9933 9422 8776 8052 6894 5206 5509 3581 1607 1044 289 4303 8251 8948 9196 9878
20 2418 9812 2630 2863 5385 581 4032 201 7345 1155 9437 8305 2347 3407 2625 3914 4691 5065 8216 8311
50 583 4475 4387 3384 8198 1997 7097 164 4615 6580 3775 6946 9272 4249 833 7894 1981 1861 4777 1307 2213 9183 6552 2398 3395 3437 9665 3774 7887 4827 3794 87 4627 4431 7947 6108 8867 3343 7413 598 9168 1570 4273 7138 4057 1962 2618 3043 3562 3664
50 6965 9406 6877 245 1221 9696 3966 8791 6985 5241 4966 2377 1595 4353 6909 7334 4209 4667 4685 680 3292 9150 4489 1551 2062 9442 7802 6620 1033 8181 6162 4816 3382 358 6254 3933 5028 882 9036 99 4791 1669 8391 2157 6118 4904 1204 5476 7115 9532
14 1040 5808 1002 1474 2732 7856 9186 5561 5850 5916 5961 7878 8441 9759
52 2020 8698 9452 5535 4875 665 5539 4481 3993 141 9684 5400 1211 8257 7794 3851 9106 9574 8547 4264 405 7707 3262 1932 7397 2274 9801 8233 6362 903 5200 2891 1039 7159 2472 5337 8579 7885 9609 4149 4731 9369 1614 8424 9558 4350 8690 343 616 2273 5586 8022
39 3147 780 3566 7193 8368 9923 8617 2515 3754 1392 4690 6085 2501 90 8601 7735 2311 3650 2584 2420 1151 2510 3096 8794 6640 8983 228 4743 650 308 844 6070 1497 9383 4451 8137 7410 5174 5504
47 6767 3138 4673 1500 1222 7019 2673 6956 8996 3469 3466 5250 8918 9321 6730 2153 2762 5167 4789 3841 5183 4234 5383 8697 1554 6720 3217 7607 5229 2723 3944 236 5831 8386 3002 6007 2259 401 8397 5474 8808 8044 8941 231 2755 6063 7049
18 957 4586 9495 5636 6473 9743 3807 2207 494 6013 5014 2220 4594 987 9167 5268 8646 9418
17 8965 5642 9242 2044 7532 1188 1934 6184 2994 7106 7886 9755 8478 3001 6759 651 2709
34 29 6649 9402 7512 8713 3833 7323 7434 2551 1369 4664 4888 5160 4113 3425 5201 9968 3753 7645 4825 728 3053 8628 7365 1316 8077 6180 9245 9588 2514 2101 8457 2195 5281
29 3249 902 8892 4836 7787 146 6647 5837 1453 1081 3785 2525 5514 1716 5700 1598 7296 4718 9103 4988 8833 7353 2632 4452 4870 4370 8632 1706 820
45 6663 6541 3311 9128 8021 9109 8940 6966 415 5557 9284 6907 2989 8620 6181 5317 8291 4044 732 5862 4335 8432 9870 2587 9009 7299 7838 9903 988 9414 6954 804 5928 8919 259 7073 1180 5388 5494 3591 1290 5666 8862 638 2225
49 4788 7687 4223 730 6012 9702 8042 6969 9276 993 9641 2885 7843 8148 624 3470 8470 9816 6298 3266 2299 9718 9153 7598 4478 4334 5706 337 8912 5231 2146 3803 8899 5129 1112 4083 8657 1728 6373 6979 6973 3652 2847 8641 759 1210 6271 1139 8069
48 5304 1113 8629 493 7255 6842 9002 9341 66 6871 7941 2867 1193 2234 7920 4772 5794 8693 2244 3016 5520 2284 5675 7605 4529 8954 96 2646 5993 71 9455 2811 5671 460 7478 8066 8114 6725 1398 3702 5044 5311 5652 5825 5874 5931 5939 7467
50 1833 2008 1407 4260 9845 8434 9769 1729 9738 3721 9537 8595 4300 2270 1299 5941 1639 9810 2670 1741 5391 8284 5052 5552 4521 6478 5136 4039 6299 3639 9367 2483 7367 7421 9094 8639 2807 4928 822 349 937 8249 1581 3853 4506 8552 7533 3994 1378 2117
47 1414 8290 7117 3334 2399 1723 6356 6538 3663 9576 5405 6832 3621 1248 9160 4394 6605 639 6366 4979 686 7153 9594 703 4740 5196 5152 2860 5066 3996 2369 8256 1028 1334 9692 5131 4463 341 6845 4976 3718 6151 1642 3656 4127 4803 9766
41 5213 8376 9595 8346 1755 3054 8615 2954 461 7873 516 1891 4734 1320 2580 5734 9403 5943 5681 4974 8732 2517 9802 7545 1440 9066 860 2005 3604 7484 4230 8369 1014 2277 234 1898 3012 3620 4432 7937 8957
44 2641 8902 4807 2442 7628 5799 2304 8272 949 7316 7830 8843 8760 2479 5692 3574 2116 887 8127 6556 34 5882 4360 6385 4727 7003 7970 5612 8769 1793 7317 834 9057 3942 7297 8581 3836 4140 6080 6241 6350 8120 8122 9304
28 9679 5902 5881 2297 4405 8546 5221 2796 9001 1656 8004 1130 4190 7582 8060 2582 7844 954 1089 1574 3324 4298 4416 5669 5895 7606 8080 8722
19 4781 1697 1223 5663 6523 1046 908 546 6904 1679 2037 2808 9083 8881 1026 9653 7930 3801 3491
41 3779 9628 6634 7686 8194 7203 8876 876 3974 4147 6566 9881 947 133 6743 3847 5911 8593 1918 9506 972 7674 4187 9825 2572 7443 9695 4110 1103 9715 8240 2823 4808 2064 8090 7863 1147 3126 1865 1472 1562
7 7224 1142 7574 5888 7444 5062 4329
50 4537 2657 9485 6984 9712 8035 7342 6672 1942 3798 5021 272 6345 2513 2228 8688 7220 3748 1235 7635 2068 3331 8584 2687 6938 7060 2387 4342 3852 4480 2705 2302 2435 1899 8836 5252 5922 4257 317 9169 5413 3405 1312 4844 4069 2408 2410 4750 5697 8874
44 4200 3050 2967 6729 5433 7245 2802 3839 7301 7078 2397 4787 9790 6708 6983 4136 2777 6387 4345 2913 4289 3704 3788 1237 7420 2778 2800 6232 7495 7902 2503 427 4995 5667 491 1278 2423 9936 9241 9560 327 8087 9638 247
19 7156 739 1192 2612 4019 4518 8165 8567 9664 9323 8461 6500 7828 8777 2830 6702 7395 7611 8879
27 4546 6752 4863 1580 2982 9065 7209 292 5043 4119 74 2702 5076 3211 4074 2104 8516 515 589 3979 7137 1351 5195 2553 2872 5774 7621
32 741 5237 2261 506 5662 4953 6196 8300 1455 8296 3691 857 5163 9436 6908 6513 9821 9079 5479 154 6709 8496 2466 4386 7511 4465 4931 5272 6193 6285 9690 9960
43 6884 7792 7580 3453 4652 2482 990 2790 459 1282 8952 4406 2938 2498 9407 1702 7007 7351 6137 5558 6469 4036 6219 884 9582 3118 765 9016 1122 7963 6275 5787 4896 2583 4905 845 1115 1758 2845 3286 4929 4955 5841
23 7468 189 6140 9994 8974 8986 333 7839 8234 9961 4945 1400 6214 1462 7426 5676 1285 1367 4354 6273 6944 7017 8654
47 2327 1637 128 5757 4602 1102 8854 2900 4605 709 7066 8827 1004 4784 5188 4566 6059 6290 8903 742 1604 8842 6777 7504 4336 5605 9991 7858 1766 8358 7765 4797 9905 9008 4434 1279 2046 221 197 6317 6177 762 1191 2411 5988 6113 7182
41 8840 1332 5377 4666 4869 607 9158 7811 39 674 6659 9264 5451 1532 7407 1012 1842 9919 684 8068 3707 1373 7652 3587 8117 2575 5126 2779 1445 2194 6065 8468 2671 2843 2940 4049 4962 5334 5390 6191 9673
11 8520 8227 4378 5175 6626 6690 6766 8723 8762 9601 9648
36 3651 5182 6818 2663 475 2126 5457 8263 2121 4046 3476 7610 2345 8933 7588 3828 7260 6763 5963 9572 5186 2047 4524 4030 3312 2469 6354 504 3302 452 746 792 1060 1633 3111 9831
9 55 6493 7372 8823 507 7464 9221 2844 3088
31 8783 2975 1564 7602 9735 9116 1693 2927 1676 4274 886 230 2264 3210 7987 5411 3894 9498 3808 4430 6829 8471 8828 9807 2331 1648 625 7845 6992 5609 4417
39 6633 9045 2235 354 4099 254 9228 2164 9882 3135 6064 5042 924 8576 8415 5168 1933 4681 4572 2672 3385 6564 6651 5677 4991 5797 1849 9391 7044 2764 2914 4729 5159 5312 6073 6492 6721 8178 9227
33 5245 1803 9512 7732 643 1937 4989 7564 9268 536 484 4012 6353 6692 356 3078 4025 4262 1124 4051 4738 4612 5397 8206 885 4447 932 6448 2318 60 763 2210 3288
42 6198 5425 1276 3885 6615 7208 751 2355 8038 2898 2206 6751 2281 5210 399 9941 7879 3973 9682 3391 7848 6636 5255 2832 5648 1807 6259 9197 6468 7423 2643 2985 3983 927 3641 6943 7151 3518 4606 3408 1020 2169
27 6168 9030 9613 3119 645 161 6597 5008 9388 9082 8099 8446 2042 3776 2765 2850 3212 4903 7960 1423 9598 6554 569 264 5392 5912 6143
28 3773 8207 3073 5816 6392 3370 6814 708 9836 7150 8953 7080 7793 8550 7627 4060 4992 453 9456 3982 6754 9518 6787 574 4548 1442 9271 3705
7 2928 6879 3258 509 3075 5026 8571
18 5466 4048 9655 7805 7817 5105 8746 1924 5670 9085 2546 5139 6774 8476 6790 3195 2739 2177
9 7401 2748 7804 6211 9783 2204 2433 5506 8402
12 5818 8774 9815 8766 5620 982 2751 7624 1395 9955 2294 6090
42 1838 1013 7172 6503 6512 6062 3648 8820 9980 3799 6722 1840 9043 5981 1629 2414 3919 9400 7982 114 1432 9081 6549 785 6797 8752 7452 5283 5580 2013 8183 6334 1295 7831 7112 790 910 1082 2271 2848 3097 3618
20 2061 2233 6455 5212 9620 6638 6989 8094 9195 4045 7812 1896 2246 6883 1911 5999 6820 7125 6129 5059
38 3826 7226 3666 1634 9180 3636 9475 2320 9809 8266 7770 9482 1264 6699 1907 4840 9884 6116 2960 22 801 4694 9416 5639 359 6091 1765 1238 2258 6194 9257 4269 955 1350 2326 3780 4040 9311
38 8739 3475 98 3220 2799 529 4555 5603 4944 6930 3278 7164 8334 112 8750 4173 6855 2485 6225 8875 2222 5947 167 6688 351 9772 3486 258 8487 6627 8385 6664 2864 6210 1418 464 1300 1410
27 5743 4404 6764 1667 7663 1537 9159 1768 7503 979 7508 8481 3967 8289 1988 1854 5419 1654 2494 2257 3125 3733 4580 7349 8572 9198 9637
24 3160 5777 2167 9171 2171 5260 6727 4824 8807 1420 7178 6861 6679 5019 6590 3296 2155 3804 1760 3558 6792 2188 73 1190
39 4877 3866 3199 4035 8298 5579 5679 1779 5219 7474 5878 1810 1876 889 7507 8549 3962 2950 7099 4619 9730 2708 3582 2496 3706 5938 7022 6092 3071 1021 9521 9434 111 6496 8452 5604 8404 4476 5376
45 2523 697 6360 5566 1873 4938 3789 6480 9070 4270 8413 5123 8237 2179 9734 8624 8431 9917 6442 8361 4560 814 4748 2183 3764 717 3810 2092 5081 3653 9051 4132 2339 6209 3681 9307 3923 1141 6465 6595 406 2130 3204 3289 9430
20 3430 3362 9833 9822 1787 5155 1590 3201 7944 999 7497 5000 7328 4754 3419 7517 6568 8322 4142 835
35 1251 8816 4705 4141 6762 3181 3952 2477 3905 7392 3474 7587 9879 1767 2861 3406 2793 9233 2712 2263 7155 3506 7910 564 2001 3226 4229 6673 9873 4633 9746 8130 5011 3369 807
27 5491 1734 7874 4558 9681 8951 9263 4699 9566 7724 865 2248 9474 1199 7630 9136 4770 6042 8817 3747 1163 5614 1610 1975 6328 8472 9519
8 2079 4196 6125 6550 9925 3854 4357 5226
44 3640 5112 1489 3403 2216 3921 8079 8609 4990 353 2314 1297 8798 2760 9724 412 8916 4851 4440 4198 4710 8360 7549 25 1505 9924 1032 8733 9857 2743 4313 3814 7740 3260 8096 7801 1148 2656 1841 7131 4553 5253 8710 4103
30 8420 7891 9586 2132 9657 2600 4854 2291 2330 7197 7361 1709 3592 2945 4543 7819 3832 547 8381 528 1618 7932 6555 8592 1274 3716 8714 879 869 1114
13 4495 9463 2074 9633 448 6474 2731 1319 592 4218 556 2038 2620
37 5500 2118 7876 7567 3740 9209 8990 8560 8610 352 5394 4921 9229 946 4746 2956 3813 9748 1535 4053 5590 7703 6276 4975 5795 2201 6852 9551 6653 1172 7955 7416 1952 8089 667 770 1699
4 6662 7325 2909 2939
26 7355 2388 30 4856 8344 2978 6773 9212 8281 6175 7973 4500 2750 3063 4181 4363 4383 5731 5937 6093 6569 6917 7356 8098 8337 9334
39 5161 9543 9382 2382 9871 2250 2077 1324 7912 7043 2115 5684 9950 365 2835 2722 688 4985 7403 1690 2834 5984 1388 5336 6532 5945 3806 9501 6050 3658 664 2165 3492 3797 4189 4759 5434 7001 7881
43 4583 7379 2754 5913 1746 5844 5031 2547 130 1203 586 3501 4033 1781 9337 467 7331 4565 3777 6267 3598 503 829 6841 9174 7514 2083 960 4412 5207 755 9301 3898 3734 131 948 2007 2516 3500 4133 4725 5020 5859
19 6321 6374 5770 8904 6146 2400 3150 1296 1291 7385 5754 6154 7767 7105 7450 8333 8685 9203 9567
41 5885 8395 9487 5892 1685 5815 8970 7513 6268 5567 3271 7149 2526 5005 3404 6712 1714 7352 125 1885 3374 3018 4514 8771 3834 9415 6781 7639 7981 9590 4288 6401 5322 5431 2592 2679 2821 8541 1579 3229 437
21 1689 3991 4703 4782 8682 1587 4636 6197 4159 3811 7383 1136 2873 3412 3730 4192 4600 5432 6606 7603 8636
36 9046 5017 5699 5756 8831 9710 7636 7769 6161 1466 6203 4043 5929 6862 510 1857 676 2447 1650 5427 1434 7128 8537 3831 1754 2392 1759 5276 4860 5141 3995 3441 436 4079 3687 8959
18 3149 7810 9920 7347 3315 9222 6238 7371 7590 7623 7756 8046 8222 8666 8861 9120 9499 9614
10 4066 3092 3381 4089 8851 1069 6838 7866 2923 7506
45 5860 6208 1655 7870 5351 4806 3493 85 2665 6716 7176 3173 9300 4121 2504 991 7626 2955 6655 1450 7699 1853 905 4373 7240 8709 8754 5643 2647 4183 3882 9373 5489 6015 9010 6035 1195 2623 86 707 1088 3478 4592 4662 8377
26 3608 9647 4552 7727 4472 4533 7547 9943 4810 3389 9732 4674 7400 5570 6988 605 2255 7358 229 1552 1594 3612 7163 7219 7235 7459
10 6159 6450 47 1949 2937 6584 3169 3729 1905 1956
31 3708 3537 552 9458 4356 883 3421 8662 3432 8963 4893 2859 1525 72 3511 7875 7897 8936 1780 9989 179 7658 4146 3720 5897 5644 4510 3298 7476 7751 7899
42 7119 9631 4246 5240 1106 1733 5238 7762 5702 7501 5134 9983 3593 9444 9490 6167 4407 3763 6776 8362 4571 8399 5330 7030 2066 919 6508 5246 1231 1802 6950 2598 2833 6635 6481 9214 6819 391 465 557 1134 2658
28 1005 5991 4498 1166 8815 736 2024 4460 3844 3214 2728 6079 7295 5325 630 644 966 1202 1403 1425 2253 3741 3848 3858 4018 5408 5682 6127
43 8179 2324 3104 3601 2455 6029 35 9190 4318 1902 3524 2395 7829 1429 1791 2645 6678 8108 2506 7743 6604 1743 1094 5739 8525 2733 478 5468 5492 1703 8455 5142 5974 3322 204 623 3533 4795 7035 7166 7281 8106 9918
21 8447 951 3783 7922 1146 613 2144 7978 8526 5339 9119 868 1083 1858 2363 2853 2878 5749 7953 8838 9765
34 7799 2335 3510 4003 4940 6078 3802 3685 4879 2174 1692 8193 6963 3992 6462 9225 8917 694 6975 877 4739 3136 9386 3060 917 9096 9672 5740 1484 3040 2747 6895 6358 1118
18 7929 8277 8573 3462 3108 4050 6000 7847 1355 8324 396 4884 7370 1008 1393 310 7175 7482
35 4170 3947 7000 1201 4024 2979 4834 3731 8159 3269 6378 1756 5880 6863 5482 7939 5421 1171 2215 7449 4201 6506 426 8985 5328 7127 3015 9200 9787 3028 7814 7996 8897 8939 9753
35 5990 9191 3317 7102 5626 9118 4607 8761 7629 3657 4857 408 7194 9299 5140 3213 1310 4919 4915 5271 6077 5448 2459 8944 5546 4081 3303 7431 6489 5121 2689 8891 6445 176 240
8 9187 8073 3396 3512 4957 8071 8528 8727
33 315 6200 6128 1963 6261 2776 4744 7014 137 285 8926 3221 9247 279 3796 7177 3397 1989 1707 6382 5496 647 7747 2826 3363 5223 7473 4462 2775 4174 1665 1812 1077
22 6961 8715 2718 2851 3630 4191 5286 5331 5438 5493 5788 5791 6477 6700 7039 7950 7964 8070 8332 8519 9545 9990
15 4150 2424 3424 4720 9297 7085 3583 5291 572 9033 5838 9763 5512 5524 5573
23 864 3989 150 7666 2537 4411 2139 836 1035 1446 1950 2487 2650 3048 3084 3745 6390 6534 6693 7568 8612 8898 8947
23 5971 7287 5710 1121 3490 935 6927 8785 4256 244 636 1045 8691 2874 4523 171 738 420 609 4015 1258 1426 1545
12 9283 7064 1024 2791 5540 9640 7312 4520 9998 9542 5320 180
10 8184 2539 2717 2173 9539 9027 7926 5909 1468 4469
14 2429 5875 8967 3856 4817 5110 5190 5266 6022 7204 7676 7938 8384 8433
8 1353 6529 6255 8285 6771 1529 1061 6960
10 7180 4154 5957 9100 1294 3451 5045 382 3230 7206
35 5698 601 2000 3338 6213 8101 867 7562 6179 3673 5519 6824 9378 9880 5484 8010 3152 600 9021 9017 2980 9959 5327 5115 7596 362 2637 7054 8454 9971 5499 0 6441 8078 8319
13 2176 2527 7275 7488 9607 2621 6231 5786 3011 5357 3980 8810 5513
22 2782 199 6425 2470 8421 4384 6163 1872 8312 5372 215 3308 2636 4486 4547 7521 3161 5149 5412 8276 8913 9294
15 9246 409 3083 9410 8597 7633 3261 4623 5824 5211 2052 4470 5278 6047 5444
8 7716 1331 2343 9584 4453 9758 5919 3560
44 9052 1186 4396 3879 8188 4344 2386 3867 458 7143 2958 7414 8883 6292 8976 283 9867 5166 8115 9447 5106 2102 8241 5430 8065 8977 6427 6049 3179 68 5095 8451 8707 9676 3787 8508 1064 2329 2457 3928 5293 5631 6919 7036
41 8020 9813 1518 6703 1496 7344 9288 3228 3946 8103 3231 3924 3154 5292 6940 3299 5080 6755 5498 4526 7294 9093 3815 620 6516 413 8577 429 6435 8849 3095 9371 9818 3719 8327 4311 805 1718 3279 4268 8350
10 6900 4352 5352 3232 5952 2667 3429 9687 1922 6753
22 7140 5214 482 7446 7579 1281 5124 9928 2921 5101 1715 1695 2148 2269 7771 7992 8012 8053 8267 9005 9309 9703
36 580 2589 1177 6420 5158 5495 3117 9972 2505 967 9652 2122 6319 7949 5041 2740 8177 8599 3330 185 1851 6315 8839 6295 9126 5461 479 480 899 1813 2211 4286 5977 6258 6364 8123
10 7227 4588 859 914 973 1375 1615 2029 2202 4557
28 1030 5829 9804 4291 3433 2653 2745 5962 5835 9089 7726 7231 2694 6452 7021 2837 7790 5908 9092 9348 9704 116 9471 8469 6531 7625 7688 9058
15 3461 5748 498 5054 4645 4366 6422 826 2924 249 3751 8741 9798 9877 7061
38 1194 2626 720 6563 3038 5584 2857 1436 4441 5792 1504 4802 816 3645 6312 800 6262 2756 634 7584 7721 5595 110 7023 6553 7332 3728 6592 1280 7074 4702 648 7052 9552 302 5661 5855 5865
10 541 5954 5120 9795 8173 8273 1023 26 4978 7773
21 477 2230 1524 428 3193 4114 6406 8031 5216 2087 6204 9683 6528 1183 5355 1036 5319 2481 8124 8802 9887
35 457 2635 6601 7282 252 6331 7081 485 6925 1561 2417 7363 3323 8725 3968 7871 4597 3521 9725 5966 6511 2088 287 2050 4751 8837 79 148 1356 3041 4540 5653 7069 8463 8490
16 6745 3938 1913 4764 2771 7933 7274 847 5074 5534 1428 6953 7090 2947 7653 9740
5 499 7479 8695 9019 1140
10 2714 8548 5983 3277 3413 4341 4640 4972 5531 5836
14 5393 2649 4297 5187 5690 3940 9948 9963 6882 2048 3498 8793 6281 5969
15 9405 7575 1096 7806 255 4067 3920 1696 7408 6935 6976 8235 8942 9243 9642
8 1852 873 1886 177 4477 4775 8111 5478
10 3578 3717 7662 7665 6251 5116 2558 8987 7075 7433
3 8426 306 6517
19 9449 3459 1804 2916 5371 304 6612 6490 4122 1829 4488 4922 4983 5127 6153 7214 9484 9909 9993
39 4058 8932 9666 7236 3565 9179 5366 1509 3532 3930 2948 1875 8562 319 5133 3182 5180 6171 7505 875 4076 3916 7500 3320 5898 158 6310 6732 6760 9840 9953 6621 6482 7888 9451 4811 4841 5361 5714
8 2942 965 7668 1647 6643 8938 8220 1376
14 9649 2899 5503 6398 6009 5382 821 4491 8603 5708 2882 5864 6974 4138
6 622 8189 2497 5593 4415 5441
6 3321 6274 3155 4773 8661 174
18 6741 1628 1460 4372 3949 9889 9101 4584 6905 6253 1591 6622 9848 1964 3142 213 7124 4736
2 9927 8596
30 933 4493 2831 120 659 2680 2875 52 7749 4675 692 2109 1516 4259 7531 3912 9945 6337 3006 9453 3668 2792 5197 7544 1144 4010 705 2976 2550 1751
21 4686 8796 9832 4930 2128 7679 2977 8027 8136 695 8475 517 5925 2789 6027 8427 4102 727 1763 9059 6499
34 209 1218 2031 2178 4595 8228 1098 397 2156 5481 3570 6680 8428 754 5801 1075 9480 7016 7076 9946 363 4684 743 5022 858 4216 9615 2929 522 8467 7836 6032 9290 9749
36 4624 326 6567 4587 5169 2362 8645 8316 3997 4892 7998 2154 5532 3145 4351 5396 3178 9708 798 5518 9173 5365 9040 5800 3248 2629 7959 5685 2594 7977 9129 2321 2880 7537 7733 9374
28 7631 6413 4658 8530 5375 2613 5701 9357 7778 4163 808 1612 4330 8872 2990 4730 1538 7047 253 7675 9047 3153 3934 4812 5037 5048 5130 5404
38 5541 596 8995 5050 5622 7169 1338 7167 2901 7865 714 733 9244 5852 5921 3805 1119 2124 8388 6671 4999 2849 891 4814 5146 5096 3957 9596 6057 5591 2113 1576 1341 1677 1931 2322 2983 5665
20 2198 8410 3114 1365 8493 2407 3782 6389 2205 9894 6798 7330 4322 7107 941 5164 4917 1821 9206 9339
27 658 8835 8991 8093 2323 2119 2076 6283 5632 6156 5323 9441 10 8105 3428 37 7326 6733 1444 3736 1533 2619 2454 6388 9399 4783 1284
28 3647 127 7113 1197 1960 7142 1071 8400 9029 1753 4950 4982 1974 525 1894 6233 2069 6487 1437 1495 1645 2628 3184 3224 4641 5891 6060 7641
15 9874 7867 5779 5674 1143 9384 4993 9331 8863 441 5463 632 1713 3889 4483
15 3865 8440 4250 5453 6272 4326 81 4858 7613 8048 8196 8365 8712 8949 9600
15 3358 23 2358 2876 3545 3820 4961 5275 5588 6278 7826 8036 8684 9296 9608
11 6558 1955 3842 9392 4617 4528 5575 5840 6623 6768 8000
8 1860 6756 8088 3536 3613 4614 4650 4818
5 5222 3049 9459 2373 2445
25 9469 782 3701 4880 4497 8018 4871 5619 2023 5635 67 9110 5651 6043 5350 9835 5793 8812 9788 9855 1401 5053 3552 5236 2865
27 6155 3910 1208 3247 9073 6868 4457 9193 1901 6249 7238 3431 1732 165 1080 1153 1242 1507 1662 2145 3035 3378 3559 4013 4047 6439 8301
16 2957 481 332 4786 5553 6226 6314 6400 6586 6890 7338 7739 7983 8943 9467 9714
13 5858 6164 9636 6475 9130 8306 8280 8885 9178 9417 9439 9771 9956
26 7546 7737 9419 1381 2595 4251 4578 7720 5607 8704 5270 9201 3132 603 2968 3033 3698 4041 4054 4310 5563 6470 6840 7146 8453 8870
19 4635 4830 7534 9234 6081 9612 9077 1539 880 7689 9593 8074 9571 1229 539 5589 850 4579 4868
40 3667 2401 6245 7277 4007 8909 8687 7924 9143 1688 894 4845 3473 8841 288 2365 6372 577 4166 63 2699 2317 3306 721 5015 4367 5927 3280 4458 7427 3627 6844 371 8888 6955 82 2677 2609 3064 3588
32 5006 9012 267 5656 2033 871 2602 8542 6243 387 7542 3963 4096 6234 9113 7340 449 6928 815 3481 3519 8846 3485 3642 8405 9308 4402 7257 7593 3464 49 218
21 9799 1879 9556 2495 4064 290 4101 3439 6359 7498 929 2359 9358 4620 8197 855 4165 7032 9663 4118 4949
18 6669 7648 3319 1352 8719 3902 242 322 748 1131 5618 5745 6355 6872 7617 8797 8925 9277
34 3291 7411 8164 6056 6103 4550 3282 6926 9727 7646 9293 2282 1673 7056 3151 1616 1895 466 1798 4284 8515 7540 1128 4337 1043 669 1599 2185 2221 3712 3860 3984 4042 5225
22 9985 442 4137 1181 2360 6737 1302 1790 9322 5804 11 1499 4569 1519 9863 2567 3379 7706 7280 2149 8041 2265
16 6068 318 6357 9044 6187 4000 5705 262 2615 5078 5414 5726 5784 5960 6311 7813
7 7849 7210 1233 8419 7284 1720 2887
18 699 3263 1686 930 4278 9896 2557 698 670 3137 6682 7018 4535 1463 227 6561 8975 923
12 8564 7108 9135 4070 495 1322 1740 3927 4239 5144 5423 8364
39 219 8209 7927 6648 6719 97 3829 542 9701 8928 7222 3127 4899 2535 8961 6778 186 1769 6812 8805 1957 1712 3109 8781 2855 652 6731 2490 3265 58 1452 1473 4424 4531 6533 7002 7714 8113 9281
32 8029 874 2780 657 7643 1459 3085 2931 4106 5992 6083 7195 771 1382 4461 198 6126 3144 3355 7336 673 9760 36 246 5935 8411 2252 2287 4779 4883 5854 6152
27 5027 817 9018 5650 1169 2640 6593 524 6793 3757 2051 4590 6486 806 1567 6117 8680 5128 2974 8734 7892 3243 2962 7859 2827 6614 4390
41 4644 3915 5627 8030 7730 514 4244 7145 9208 235 2438 6488 6038 6785 7782 5763 7797 1167 7815 7139 2071 5843 4294 7213 8144 4780 6421 9585 1847 9486 9494 7719 5923 6266 3535 6 998 1653 2055 2664 4186
32 7028 608 7086 7683 1325 969 4397 7680 2769 9479 4073 4809 4368 4382 42 8845 3091 5893 4448 2342 6624 1157 3899 4474 5399 5460 5817 5973 6433 6853 7011 7713
24 7455 5307 5724 578 4433 2766 2804 8627 5529 8621 261 8822 2004 2242 7447 7852 9204 2569 8634 2120 7144 2692 2725 4604
36 4098 6747 152 2209 379 7971 3496 4343 3339 2268 1034 4881 6142 8689 6906 7486 6347 8045 5585 5277 5378 3357 3268 4287 6217 7669 5845 9656 4785 8168 4295 6911 5819 4158 4374 4622
12 1724 3602 6856 3082 2368 9408 544 2040 8511 4263 6463 7678
23 6192 6446 531 2160 7466 5452 1179 1603 7006 5154 4582 8544 5097 2364 2700 803 3878 4946 2091 7233 192 6878 1998
6 1776 364 5302 8755 4075 3824
14 839 4613 3818 4503 7453 5597 6124 6227 6371 6524 7157 8269 8423 8866
36 7637 5347 907 7761 1947 8244 8819 6726 8649 1649 4280 9295 3004 7396 3516 7027 4598 5781 3600 3423 8999 6005 4180 4728 5551 6112 4723 9782 9940 321 962 1254 2840 7472 8054 8217
5 1778 7387 3874 8125 4317
2 4011 1626
7 3354 1508 9872 4123 2810 9346 6686
32 9944 2856 2041 8403 7746 9975 2565 6681 6235 4055 7599 2340 1125 7354 7995 9258 6037 6144 5762 324 4670 9145 5814 7083 488 5883 107 690 2300 2463 5125 7825
32 4164 8254 7698 8937 1182 508 1368 7796 8383 8906 7094 6823 5747 9699 2655 7378 6577 9745 8389 1379 7744 7268 8352 7577 702 2100 2610 3781 4490 5790 7375 9172
14 9602 4920 9483 936 5072 7405 220 1730 2427 2824 2902 4530 7343 8910
37 1640 8772 6336 4400 6297 3752 6036 9368 7651 1416 4912 1253 6947 2757 4960 2549 2801 3034 6599 4721 4534 9861 7412 8602 3529 5737 9 4927 7424 9717 778 1701 9131 144 224 1929 7223
10 7638 4629 7425 8968 7820 7855 8443 8497 8611 9465
8 5480 6610 6675 6869 6918 6934 7539 9013
14 7779 8116 872 1976 4732 5084 5873 5884 7053 7487 7833 8100 8321 8923
35 2944 8348 6270 7729 4800 6134 8721 7620 7529 1058 7265 2186 3013 3960 4176 2763 7480 681 8356 8483 5752 8765 4199 9154 1129 4570 6958 9764 2073 811 7824 263 2691 2897 8154
16 5511 8034 5036 105 4449 9754 4625 5004 8958 1850 6854 9181 2545 787 1925 8422
3 3575 3022 5091
36 8459 3368 4409 2741 9375 4371 2884 7271 7940 3761 6240 8067 8325 8969 1719 2678 8050 8757 5 2701 5946 4672 5613 1366 1149 6933 5435 438 2554 3238 3791 3838 5592 7527 7766 8480
18 5343 567 1421 4482 1684 233 3285 6397 9978 9862 4745 3503 3523 3713 3771 3884 4178 4793
33 7248 1175 8504 8665 1985 286 1417 3846 6880 2561 9583 1236 809 8513 4152 8248 7942 162 496 7200 9750 5673 3488 9555 3128 8877 1052 2337 6514 7311 7335 8594 9915
10 5341 2642 1260 8192 9351 7100 731 7753 3000 641
23 989 5107 2817 5310 1979 3372 1448 1946 2532 1566 3352 5805 1358 1214 6145 8561 4215 7954 299 562 1726 2521 2669
18 696 4107 9232 5610 819 9240 3392 6945 1806 8317 6525 5288 6256 5936 2475 9115 8255 3861
23 1135 7684 1772 5098 1011 7591 2267 5118 5505 1347 3456 4095 4509 5544 5688 7489 8279 9024 9025 9215 9396 9736 9770
6 3191 6705 4006 1682 5035 5067
10 4575 9575 2997 9062 7187 3225 9211 9398 9525 9854
31 4299 4016 7883 1239 6416 7872 2229 5379 434 1818 1670 2721 9318 2871 45 7835 7736 3131 1877 9338 5515 2879 1903 5942 1514 9977 1093 566 1359 3402 4120
10 6377 5550 2034 3186 2437 6396 3700 1187 752 9360
6 5303 2852 369 2065 8857 1844
33 1651 330 5267 3784 7339 8366 7462 5061 276 4454 5722 6697 2911 4175 3670 6611 7518 2372 4504 3703 5024 4813 1641 1095 8606 4909 9577 325 1304 2818 3021 4124 8850
7 9320 2288 8013 8744 8964 9875 9910
12 4084 2434 9440 6344 3909 7122 7201 7304 7589 7705 8238 8275
29 7711 2473 121 3767 6363 2325 1926 1289 9218 6055 4765 4513 5736 4952 5418 5177 7218 3162 9942 9808 3415 1698 3671 5395 316 3965 4778 6242 6603
30 3680 4639 9742 2075 3895 9592 5527 3293 153 243 4715 1782 6224 7571 1361 4837 2727 642 3240 1161 2136 1225 2604 2361 901 926 2492 4695 5265 5273
8 1977 5088 1583 4853 350 1317 7046 943
5 2570 3760 6995 7160 7632
5 9524 767 2753 4722 8605
12 9634 3215 7715 8051 6683 3610 1029 5420 9091 53 3917 3827
8 9951 8353 2406 4838 2563 3076 3158 4325
7 1563 2690 5156 6886 7256 3499 6190
28 789 1959 895 6346 9858 9964 4638 7754 9155 2137 9142 4647 5258 28 2405 344 4222 6837 2022 1927 2987 7485 2251 6349 8503 8717 9507 9650
38 3918 9353 5135 9678 5951 6178 8871 3079 4235 5384 414 4621 7786 1606 8436 6510 1678 604 4254 5594 9279 8756 8619 1354 911 1467 9773 5148 2908 2961 3665 4446 4951 5029 5063 7460 8171 9796
21 5562 5100 9553 6106 9006 5640 6436 2396 8387 7419 6990 7752 5215 9076 7029 8409 1076 2223 2353 3275 3638
10 6951 2896 3058 3194 5374 9028 3509 1819 5191 4420
7 9385 8037 8288 9230 9534 4168 6583
15 6658 9579 1246 3237 4501 4900 5010 6084 6889 7290 7307 7509 8260 9792 9850
15 5428 2906 384 6830 8141 9674 3244 3198 3497 8202 1526 764 2450 4700 5296
7 476 8569 8753 8900 9088 9599 9719
15 3008 3502 46 9900 2095 5608 4086 9302 5475 940 9489 5111 5707 5842 9794
25 7435 4202 1117 890 8764 8140 5785 77 3399 3660 2995 2555 331 6860 5346 3440 3941 4108 4129 5459 5926 6717 6993 7649 7789
11 1399 6505 6600 7168 7185 7241 7390 7696 8501 9568 9668
28 6454 5725 8064 1283 5249 9428 9470 8495 9957 735 6791 5759 1971 7050 4956 5634 7660 9622 1419 7136 1809 1961 2138 3107 5471 6288 8210 9916
7 135 6313 8026 1389 4340 8307 1027
2 7948 3341
32 5487 7777 2057 6619 4562 4487 5259 6846 5577 184 8829 2965 2895 9883 291 4361 8663 4676 4261 3140 1837 3762 3931 4393 5446 6087 6559 7586 7783 8375 8414 8700
11 3594 5830 9381 5914 3597 3661 7538 8270 4468 5568 5985
30 984 5298 5564 777 8743 6728 614 6891 7454 619 8015 3336 5203 1007 4240 5989 9332 3273 411 140 4994 5162 6573 6991 2502 3042 3611 5848 5944 8740
3 3202 4747 5071
30 9492 1631 5526 9324 5353 17 5986 7853 3628 968 1621 6432 3171 3998 323 2131 7776 8295 4753 5812 7310 6045 8538 6294 1456 757 1226 2586 3313 3643
4 7082 2440 2333 4027
7 7492 8533 8911 7262 4290 386 9824
24 113 5572 1904 5422 7592 6114 793 2063 3635 3241 4464 6130 470 4438 654 8522 6661 3301 631 7126 4005 6520 6817 8139
13 8536 6082 1016 9624 9157 5284 3235 3551 4419 6632 6964 7059 9520
6 4618 9979 1762 6744 594 2486
10 6034 388 8014 2541 7917 8002 8349 8633 8818 8908
1 3539
7 6352 3759 115 6962 9911 9908 7990
9 9064 2290 2043 7483 7560 8153 7520 4963 7015
1 4887
2 3554 2053
7 9949 9379 866 4312 6617 3567 5968
7 5732 9516 8788 9034 9099 9885 9931
15 3906 3102 4559 7672 134 9148 8107 9086 1611 4333 3943 6230 7242 3427 4321
15 9252 2842 8017 6447 5767 7788 8931 1572 9423 3926 3684 888 207 532 1344
13 640 4065 9074 912 9843 2749 7313 5789 6588 1890 8966 9253 1216
6 8224 3614 6391 3561 2125 4646
14 5621 3165 6386 6157 8935 103 2719 9958 1990 6464 5832 5119 9032 3890
6 9954 1277 1622 2499 2868 2951
7 2915 2518 8500 2534 6495 8264 2099
9 7785 8186 4669 4997 9697 3234 3376 9966 8047
16 3062 2054 1411 1073 5956 8473 2354 2816 3223 4023 5828 6419 6761 6828 7283 7600
15 5917 6443 9231 6948 2943 139 5645 3344 8392 1249 393 1091 1404 3189 9359
7 1797 7659 2370 7132 9643 1116 5975
5 9562 8303 8971 8972 9530
2 2425 9377
6 2573 8887 8905 9726 9891 9922
5 2422 3896 2346 8201 8730
23 9105 2212 3039 5122 7402 3010 2389 2371 3662 9756 750 3504 4757 4766 6074 6302 6368 6631 7008 7183 7673 8138 8308
23 2654 6684 4009 4237 1786 8920 7095 2097 2666 7089 1659 5776 182 390 3274 3422 4918 5077 5443 5647 5798 5857 8331
16 2394 2966 9826 1337 6542 2237 7800 8946 8162 6229 6351 1174 8677 1244 1808 3207
3 2825 7096 4796
7 7386 9667 6591 8907 9404 9443 9606
6 595 9659 3977 9767 6105 9868
25 9248 959 3070 3449 2443 9162 8442 9597 5741 451 7670 653 1156 54 573 971 1336 2815 6250 6348 6365 6644 7133 8163 8535
25 8058 281 4272 4567 534 8676 7121 5930 9791 2638 2795 6723 5354 6417 8893 251 2170 4445 4741 5047 5232 6994 7393 8770 9860
18 3981 4456 8460 4692 4660 6318 3283 5401 1623 3383 1333 1928 8132 1173 3886 4077 7951 8091
21 3936 3959 5587 5157 4210 2772 9786 2493 4923 7 1577 1708 1881 2114 4392 4399 5362 5760 8232 8363 8865
16 3290 294 8097 4768 1953 8076 3387 9591 5333 226 1704 2579 4022 8499 8934 8994
6 3227 3086 7969 7997 8230 9921
21 1792 40 2191 1435 4188 8006 1906 8417 8340 9413 1542 1549 2098 4968 5003 7784 7834 7985 8008 8057 9354
6 977 9177 7697 3694 6306 1555
23 1 3465 576 6696 5247 5073 4459 1262 5257 2752 3809 1107 1691 1694 1848 1868 1935 2836 3014 4220 4568 5449 6750
20 4403 8780 6301 2933 4688 8997 4517 5490 205 2226 1205 1483 51 7437 2564 5248 7374 8152 8156 8726
12 8574 7216 2192 1292 7305 5768 6779 2631 9269 7832 7725 9723
5 1588 5344 1817 9522 9693
8 6589 3624 5462 9541 4265 1824 4097 7362
1 5982
2 1152 5903
10 5170 1859 8809 21 2218 4442 6014 9389 6545 978
1 7110
5 8860 1476 1820 4564 7972
9 8998 1638 1383 1882 8061 7974 6086 6637 773
5 9527 2011 6460 1748 8563
2 5910 8553
4 8151 2035 7822 1339
12 454 9438 538 149 5687 2820 3087 3954 4193 4545 6300 7376
5 4541 9604 5033 3031 7147
3 2660 9312 9803
6 9251 9644 5373 3256 6509 7760
11 368 163 6423 5002 4925 3897 4671 5454 5467 5555 5578
2 1846 1159
19 7642 3434 1736 7781 5233 4626 9431 471 4771 2158 571 4926 1987 1374 3978 5269 8174 8648 9146
22 4862 4701 4316 2197 1164 8221 2030 9531 4678 7667 784 925 1478 2822 4556 5407 6323 7154 7228 7524 8226 8374
22 1487 1259 5630 129 9239 5728 3448 983 8623 3059 4425 270 995 2704 3633 6096 6148 6212 8622 8980 9176 9776
18 8110 7604 5117 6176 9616 2010 5633 2858 4492 1360 747 1185 1213 4315 4886 5536 5896 8607
2 7034 6544
4 7337 4236 3447 1000
19 559 3609 366 6522 8336 7976 8927 1056 3956 706 1878 2070 2491 3626 3637 3945 7742 9259 9829
7 2059 7315 6769 5470 78 5778 2430
4 7068 8218 257 7025
5 3305 9056 274 7718 8824
3 7221 4212 4941
9 3098 3356 2308 5416 5456 5542 5549 5775 6018
2 4971 9287
20 1973 3505 8126 1822 8299 5274 4631 5696 124 548 4577 4726 4760 4908 5224 6019 8371 8429 9004 9811
17 1643 4916 3595 8166 3455 6289 4936 1744 2002 3020 4542 4563 4861 6521 7906 9317 9938
3 7382 2866 2528
4 8554 395 5664 4471
6 2736 6339 6539 6667 7264 7522
13 2693 3359 2785 7302 3081 336 418 3350 3922 3950 4242 6322 6665
15 7152 7898 1624 1982 7723 8778 160 1385 1540 2488 2529 2746 2888 3644 3870
5 3026 953 7189 9661 5979
15 6999 5364 2175 361 2936 3337 4719 4755 5030 6099 6770 9390 9454 9711 9876
11 8523 3099 3115 4898 5068 195 2334 2617 2890 2953 3367
3 2409 3507 492
