22 6520 7985 2982 5976 3818 456 8479 9482 4179 9923 6087 1647 276 9301 9377 6547 4973 2088 2394 7566 4533 4949
26 7483 8290 4898 2090 1674 3634 4963 4077 3389 1559 6504 279 4696 3195 7765 55 4023 9092 3507 8452 3337 9487 7127 8564 6636 5441
17 4476 4693 3170 1803 211 6363 3347 7706 8702 6646 7148 3236 5049 3655 2849 2066 1124
42 5128 3427 3059 6559 4499 7024 8661 6349 3281 5729 6074 8800 1576 2777 5272 4447 2049 7820 1450 3640 9581 5236 5934 1468 2030 5808 8078 630 1075 7650 2693 3126 1451 4245 7404 4111 7170 9516 7299 3895 31 2007
20 4836 262 9670 7992 808 1088 3733 7846 4000 8998 5959 934 1788 9393 6262 2131 360 7097 1817 5284
22 7042 2688 9067 1509 3018 2521 6379 8245 5679 2767 3810 2352 4689 5674 2236 1060 9741 8482 2527 62 9459 9231
24 2654 4794 8346 2075 5155 4984 7598 2456 394 3745 3180 4555 8127 836 5669 9435 7407 8064 7113 4853 9344 2240 2384 2480
21 959 3118 6007 941 2442 2413 6227 4473 1681 1792 2980 1995 2212 9750 3686 7431 9627 7704 7439 9803 8397
26 2570 6975 3089 3058 5262 6653 995 5138 1791 7814 4025 3206 1935 688 7182 2638 2579 7338 4842 3934 5273 1378 8583 9251 5250 1000
14 3774 2402 4998 5202 8539 9821 1548 2535 2265 2486 2110 4654 299 6506
45 1038 162 6813 8745 6078 6645 3468 5055 2713 4803 2041 5188 9172 6764 9146 9145 468 2356 6304 9825 1453 9828 9906 8417 8164 5408 6129 881 3831 4883 3469 1315 1912 8653 9574 8848 8688 322 6841 7714 9380 1329 2912 9743 8571
26 1416 2966 2306 4370 7151 2552 7842 2978 3977 4997 2519 6181 5864 5419 8050 1084 4514 6557 1809 2866 3475 1860 8759 4812 9433 9453
16 4722 327 5059 6630 2646 9568 1203 7559 7145 906 6906 8620 8343 6801 7678 7671
28 7341 1690 6234 1429 7952 486 3836 637 6965 3534 3793 7380 7153 6174 5254 3809 2721 5744 5323 4970 5878 2983 3502 7001 9876 5330 2759 2573
24 9997 975 1967 9043 2351 7428 9303 8887 6065 568 5388 9588 8889 2189 3189 5108 1061 4965 7420 9314 5546 9134 1692 5447
37 8226 8639 9964 9571 640 1195 2945 9194 3379 4397 1297 1217 6739 5692 5715 707 311 25 2613 2703 8601 7999 4880 6921 9842 1728 2968 5457 5011 6459 9599 8664 6587 2732 9383 4118 1421
33 4465 6306 9412 5759 705 2479 1996 2988 1598 6077 2503 2500 8840 3431 9813 4938 4003 6098 547 5680 4395 8733 89 3119 6516 148 8950 1003 6550 9699 602 6961 584
35 6016 6665 9764 7449 5792 4529 8595 3766 5327 3079 1853 9596 7583 7624 7843 7212 1098 1057 4611 6546 8471 1071 5552 4299 3980 5510 3429 6737 3362 2184 1148 6448 8294 5697 4688
39 8266 7509 5938 195 9645 2302 3001 5353 5101 9160 3245 2735 1332 115 1521 662 238 6070 6722 9235 1976 7798 3384 7256 9041 6441 7937 7579 5391 6566 2411 5325 6887 4375 3156 3526 7808 5158 5758
26 3719 7316 3097 2048 954 6619 1510 6469 3351 5549 4820 3751 7003 8248 214 3382 840 221 1189 3122 4112 5249 1714 1091 3202 7940
29 1945 8048 1654 668 8318 2121 9967 222 4408 544 8074 1300 5221 2961 8520 2936 2753 3894 8858 8662 4516 3709 5891 5164 5564 4913 3323 2843 3917
30 3291 4052 225 7171 7627 6736 2848 170 4790 9725 9469 8162 9170 7954 3333 2748 818 8021 7394 4852 2529 9513 6669 574 9700 6088 3899 5134 1323 9619
12 359 8596 984 4538 3185 1285 2382 3327 6225 5178 6834 1706
46 3656 9428 1959 9702 9105 577 5473 6942 3336 1001 1207 9113 9613 9273 2873 3866 2868 7603 5966 4130 1673 1614 5587 2801 4761 7205 6335 957 579 2087 5086 9704 1309 4407 4206 1719 2140 4194 9128 8609 5296 6548 8441 1249 2035 8573
21 5741 847 1866 8081 226 1944 5020 3807 2792 5634 5449 7700 8088 5858 9130 1977 3785 8771 8530 9126 2123
25 7857 4843 9439 3316 5193 7778 7576 556 7275 5597 6079 2508 9446 6461 5620 4740 8488 767 2507 8323 7546 6569 8071 9109 5491
28 9279 358 866 9836 7238 8861 2237 2074 3027 8796 9862 8853 7249 3225 101 5936 6057 2175 9563 7329 731 59 7440 2891 1990 6453 5295 613
16 5821 5662 1473 4796 6644 8593 4577 9059 1742 9376 7817 939 6132 7297 2826 9855
48 2540 4714 9149 4550 8131 3743 8410 6301 8277 6250 490 3933 3029 7282 3223 1137 1151 3068 1705 732 5560 4597 1234 8544 5995 5769 8963 6789 3483 5404 7713 252 8400 9106 1709 5377 733 4226 227 6835 7545 8003 5989 3447 448 7597 2549 6320
23 5072 9325 841 8305 1487 4131 1386 3707 4086 4195 6616 6014 4187 6017 1469 150 2973 8970 738 3086 6793 203 7376
31 5352 2972 2626 7076 4968 7939 9209 4604 7926 1851 2202 8197 3489 920 8324 8533 4188 2669 1949 3446 4726 826 1881 4289 4104 1902 3615 6477 3523 913 4320
36 8753 5200 5642 3518 2243 169 4277 789 5317 8875 4901 831 9391 7087 2069 4635 5001 5719 2607 8475 6495 2047 7682 6370 2407 8697 5303 464 8701 9226 3992 3555 4566 680 1064 7464
23 9072 5525 6228 2258 9488 6412 8418 3120 4579 2670 4567 7871 8206 1812 6640 2525 2940 3650 2769 3305 9646 8965 5815
37 5681 9523 7878 8137 8658 3602 63 1427 8606 4808 5394 7521 7040 2598 4430 3154 4814 8961 5399 2260 8193 2763 7874 8036 1584 6796 2880 5146 4732 4982 8881 8978 5826 1439 7314 3365 4138
21 1411 7052 7240 1729 6503 3263 1268 2858 3888 9138 9099 5393 293 8710 3846 650 6534 2951 6397 1279 1998
33 9754 396 2714 228 3194 1365 8635 9950 1948 1336 676 9415 5337 3673 930 6150 129 8228 4031 4885 4041 7749 193 2634 1496 9189 4079 562 2919 1994 7506 867 4028
38 2098 772 7982 7619 385 5397 4719 6950 8657 1953 4161 254 6725 921 3929 1112 5034 9558 2641 413 4896 2755 3043 1053 4641 8687 6043 5884 2994 8469 6760 7292 1604 7345 6523 7986 5650 820
16 8394 7731 9100 2194 4857 2346 7813 8598 8291 1854 712 6464 5095 173 2815 5492
18 5772 5131 4925 589 2588 5341 9386 7066 2241 3261 2781 4751 8500 8054 6912 3527 3608 8821
49 7167 4356 1878 3583 6290 4266 6837 7523 4126 4787 8944 1897 3167 5501 3884 2273 7740 8549 4924 2699 8027 7602 6824 2122 5358 3648 4040 8342 3905 4021 4424 1873 7017 3750 3124 8320 3009 1916 8363 9463 286 5458 956 1892 6778 1913 4150 510 8711
32 8235 7236 5589 208 9222 4064 8378 4141 586 6983 5957 7141 2555 8789 6556 3579 1354 3828 9047 1322 4983 5883 723 2061 6480 6314 9452 2321 4098 9882 7355 4439
26 7593 1617 1043 3912 7441 1382 2325 9618 9781 9448 1163 2651 1191 6303 3041 3695 1351 1412 8600 5151 5042 4488 1135 3246 8486 2620
13 8231 8969 6960 3755 2116 9013 7821 798 1744 4321 3330 5450 8727
6 3729 884 4642 2901 2528 9579
31 2288 6980 9438 917 1560 8070 9806 6844 4607 7361 1348 3220 5688 617 3094 3456 793 5078 4221 2294 4225 3653 4946 7095 3926 4145 6779 4621 2941 7165 8813
44 5594 3624 8655 5119 5143 6853 5089 803 9552 7188 5764 4510 5436 219 530 209 2144 8117 6898 3074 3402 2601 7351 9614 9993 2628 1156 4928 3320 6601 5570 2844 2900 1601 3211 5460 9033 9491 8476 3049 1310 2837 4772 4144
22 3299 220 7259 626 16 3340 9544 8612 4268 1678 7984 2106 2053 3767 7028 4203 9966 3773 7812 7518 9280 4730
26 9895 3432 8511 5068 5652 5513 8493 9132 7286 4907 4544 5030 196 2497 5736 3749 6933 5785 6575 9867 2935 4284 7295 8165 8216 7346
26 722 5401 7490 6307 2282 5721 1325 8716 1593 6716 3887 9962 6599 3626 3832 7532 4054 1661 6859 7277 5987 5082 392 1825 306 8345
32 1541 2421 6695 9960 3503 5013 6411 1954 1436 1793 6141 7942 352 5948 9374 1663 5632 8578 7194 7413 8485 8742 3014 7595 2568 7915 112 5630 6691 6219 2029 6430
21 3028 1327 7862 2533 8095 7086 157 1633 1123 4660 4019 3870 3292 5532 4092 6651 1735 369 9429 4500 9489
38 9569 938 1257 2752 1668 4503 2408 6358 5484 473 5172 3141 122 8009 378 3232 1313 5778 4294 1443 9285 9919 1010 9485 5690 6159 6264 5127 2883 5294 686 5827 4405 8997 1131 9636 3440 2446
25 2829 3127 241 8076 6585 3103 105 8035 9240 8163 9260 5372 7294 2957 729 4570 2488 9253 6692 3269 2166 4892 6090 174 788
41 9319 4117 1200 4250 3736 2454 8200 6378 4343 9578 3066 2361 7045 1930 5954 5474 8683 507 7691 5931 9216 1028 8234 9107 2653 9217 6676 2209 3370 5629 3437 758 8198 2154 2710 39 816 8880 4592 5964 255
43 8752 5902 3545 9190 5006 3218 4805 2924 5548 2165 3883 4871 5905 1831 9054 7699 9477 1685 3248 9566 1240 6131 8218 8478 9034 2315 5988 948 2491 7524 620 3109 3657 1906 1643 9705 2256 9263 926 4548 4355 1667 1204
39 1522 9432 8444 6386 2813 9023 2387 395 1514 3556 2153 2923 3081 5875 4933 6783 5497 523 7977 5415 9914 7534 3073 3612 4600 6576 1236 5602 1899 5917 2631 3047 715 4207 1278 5668 4192 7359 1377
38 924 3892 4073 9053 5958 7831 7073 4867 1474 880 2695 7562 6742 7477 9986 3077 5704 372 3605 3651 2013 2211 2656 5874 7485 1362 3861 5885 525 4269 9440 2975 8423 2846 3909 2686 5581 3930
31 2672 9137 6273 3360 3816 8541 706 746 3978 9323 4574 7877 2600 9378 3981 2959 4181 389 9763 6384 1281 6662 48 3006 1748 8767 1291 7216 2287 8283 2336
41 8714 9271 2648 4127 6333 2692 4531 8974 8630 7652 9592 3642 611 4490 3193 5141 4564 4840 1608 8209 2956 761 2449 7199 6266 3601 3462 1235 3806 430 4267 9834 704 8993 2586 998 2928 5174 3032 5149 5701
24 8833 7835 3635 7792 2335 6405 3735 4232 7225 655 5121 1868 9742 5898 1289 7354 6709 8738 8008 1542 8302 7210 8967 6910
35 5335 4281 10 110 652 2738 7643 380 5500 9295 9957 3812 5534 139 3641 2403 4270 7018 4338 3546 9120 1806 1785 580 8215 2847 1701 7090 7943 6283 8416 278 7505 1239 1646
39 6456 4936 5384 5743 615 1074 7841 7747 6176 749 874 3298 3187 446 4980 4594 8004 2173 167 8748 405 6232 2933 9444 1292 9537 4889 2719 2386 1862 1120 9456 9509 6324 1005 7966 8672 8374 8676
17 9677 4386 2736 9392 2002 7352 5326 9158 5192 194 5100 4362 9767 3019 9141 9297 2531
23 9114 6146 4184 2286 1221 7664 8430 2946 5504 3691 3802 4376 1580 980 3267 3140 6917 3539 9021 2539 6269 5063 8808
46 2498 5031 7958 2886 1095 9551 8279 6293 7904 5627 4665 3966 1783 1524 9633 843 8041 1083 806 3976 3191 4478 8765 7617 2200 2823 3017 9952 6981 6389 1525 5088 2097 4619 7861 3586 9949 6795 5613 4617 4183 5781 7157 4640 6528 3570
29 6747 7106 1513 2760 4768 7247 1818 5471 2226 5405 206 2223 7378 2452 76 8264 81 8204 3965 4554 1181 8516 9849 6935 1738 7019 1979 240 9732
23 8870 1957 4212 5924 6418 3847 6458 6790 4176 812 694 5102 8565 742 9733 9177 2163 3647 4811 3247 5434 3817 3990
40 2625 1198 6579 8920 4080 3490 1032 4049 4006 1087 3423 6838 2447 554 6369 4782 4935 6615 8989 4862 2730 4866 4565 1342 9715 2004 9017 7531 9835 9820 551 4159 2909 9311 3243 3486 5113 7223 2685 5801
29 4481 4755 7860 9911 3439 3760 6521 2576 2313 1073 7175 8610 8557 7745 128 9812 8666 5766 2623 6973 2802 3593 1680 2367 1847 5432 6125 8096 4435
34 3176 2640 6938 6869 2993 3458 3125 9187 6514 8975 5997 4745 2749 2327 5392 2444 2338 6545 6745 7139 7251 9069 6934 7328 1360 5258 9364 5670 1127 3383 156 2264 8518 1751
18 5593 2343 124 2496 7117 4877 1433 5382 28 5780 5190 7647 9307 5163 5896 9079 4329 8135
35 8713 8860 131 718 8023 3604 5698 9400 371 1875 2070 8784 6207 2977 3435 390 7757 854 5914 1119 2128 2490 9133 3840 5185 8051 4596 5716 1789 7882 5755 7402 5244 991 3181
38 5942 4182 6656 6955 9052 8782 8222 2666 8938 5133 4923 4222 4402 4323 7867 9401 8626 2393 5439 6807 6786 628 8750 7494 2825 9557 9583 6236 1650 2108 5366 1129 5678 6380 7392 7993 3265 8670
17 6274 7921 9225 1762 7335 375 5084 3778 3178 7164 9545 6031 6006 141 9465 7734 9221
38 796 9735 3088 3071 6541 4484 8836 3954 357 7197 1255 3645 5027 745 192 2942 142 9326 9472 292 7386 2156 5542 9720 6393 5842 2896 5283 3712 8097 2881 3997 9724 1254 5410 5787 3271 8274
23 71 4316 5932 3799 7099 1132 6883 6376 8151 776 7342 7651 9739 4495 6911 1215 4557 3338 2989 5154 8623 4389 3718
34 5676 4400 4623 9674 1517 4978 5356 1639 4326 7852 8818 2985 485 6752 8191 5120 8118 5338 4593 8503 8409 2341 1952 9268 4710 6879 7291 9040 4337 6211 5740 8188 3457 8852
23 4485 2750 9169 8841 8741 6180 8121 1708 9878 9582 5319 7863 1269 6462 8507 717 1844 2330 1470 7672 558 4123 7550
32 7469 2304 2984 7411 643 7674 734 1879 8694 8799 2565 2445 7630 2596 400 9630 960 4324 103 3493 4841 4360 153 9276 862 6895 1012 9594 7751 8517 9057 2944
31 6189 9708 622 4214 7128 5064 4004 903 9698 5015 3621 56 1194 3430 2201 5311 3580 7186 7195 4496 7460 2914 3477 7584 9694 9936 3226 792 2550 5742 1111
26 4777 1440 1171 9176 1887 4383 197 6350 4373 8125 813 8562 4861 7271 451 2859 3426 2292 3730 6607 8885 7389 2619 8077 5982 4773
30 3506 3322 88 5586 9567 2192 4445 1618 6555 2089 4420 4361 4678 7964 3420 3920 7570 52 7221 6204 6625 6325 6226 3407 6049 2819 3971 4178 9607 5693
43 9575 4725 6905 4119 7719 5911 8262 6425 1391 5702 5860 5066 5339 2518 4990 8964 1624 5711 7610 7422 1843 97 5971 6580 1686 928 1138 6285 9298 8519 5110 865 4177 2155 9481 2481 1480 9407 9900 4434 6186 9184 8614
33 8468 7288 200 8433 6830 168 4633 256 1055 2451 618 1128 9104 7142 3311 2420 1507 6193 3919 958 9249 7071 7442 7752 9938 2458 1937 4175 9953 2853 7100 3891 7644
32 987 9541 1773 7241 1099 6840 592 7561 1004 2099 8572 6819 3985 1237 1740 7727 728 1493 5720 4304 5714 2592 1463 234 6160 6773 7331 1265 1426 4074 5940 8408
42 236 5238 3722 8865 3034 9829 2298 6804 3678 265 2684 2056 4237 9076 7900 7590 8617 8515 2301 3172 4780 3956 5132 5653 3328 6940 720 4032 3962 2057 5075 561 9451 5475 7002 8020 5547 3687 5621 3968 3904 5489
33 5257 5406 3672 3372 9894 5140 2027 442 488 3138 8637 8715 443 1015 9648 5046 9651 5941 3897 6914 4494 5065 1314 2195 2170 7865 7300 7312 4132 2997 2378 9515 3149
24 9777 427 2811 835 2132 9782 9389 6291 6489 8705 3950 370 4616 5511 6979 8874 7850 7705 5292 6964 7829 3664 7632 1546
37 7929 4480 444 5705 8160 2188 8543 5980 9372 3325 5301 1561 6251 1975 2117 149 9266 3391 5354 6638 8179 2694 3303 2754 2376 4581 2705 6359 3953 6502 4045 4870 3231 2274 6209 2536 5220
22 7101 5830 7793 9442 2526 7913 5359 7202 1054 67 851 8966 6104 7429 7011 7931 3434 8492 3632 7293 4793 2439
31 4647 5685 911 8898 7908 744 2397 1648 9830 6496 1965 4546 9035 8354 1359 1986 8010 7815 8663 8915 3728 4589 6755 6524 3063 6351 6330 5730 9759 6544 1670
30 1415 9473 7893 2136 5103 8988 2037 182 9365 8877 7737 682 2277 4865 4989 6990 1697 6015 3754 1732 7933 4349 7384 364 8973 2164 4421 1832 809 7928
20 2093 6707 6513 833 7061 8108 6756 5024 996 3637 5967 1938 4915 4219 702 2702 8640 5853 1956 5417
42 1445 1951 3798 1157 9991 1144 1379 5153 953 6421 3143 1501 6413 8341 7476 4352 8024 2698 2704 5816 8779 3474 8424 6198 5643 399 3744 3148 3484 5090 3 9468 2046 4313 1896 5838 3540 6855 7116 2065 7138 3528
17 902 811 6268 9736 9340 699 7873 2009 6481 1926 6886 9125 6512 7972 1582 5886 2284
33 6401 2547 760 1886 445 8187 7313 5805 5834 8379 7767 5739 210 856 5892 8985 7320 534 7179 4357 2267 3569 4201 1008 8495 4736 864 4239 1613 2364 5528 2960 6517
23 3536 5687 3504 2261 2804 1256 5312 7098 6788 4869 6428 1447 6402 2060 8489 5304 1337 1595 8597 8729 4988 1023 1623
46 6443 7996 5876 6992 9888 3522 9792 7709 8839 914 8368 2417 533 1388 3492 9961 191 2310 3408 6951 6632 5144 5315 8388 9193 3574 2898 7679 6154 5927 5210 9333 5633 4372 5148 2157 5770 8133 3441 8322 644 7781 3374 4844 2290 2372
15 2295 4791 2861 7949 3192 3819 708 1687 3359 7809 3207 1836 175 8032 5067
20 3629 6497 8724 8968 8332 4886 9479 4728 5302 6192 6493 9022 5135 5364 3661 1637 4066 4944 4679 7206
19 9609 4585 7367 4700 2084 4384 3354 610 6433 407 1796 1016 3864 9600 8903 9505 8238 310 3297
33 6382 7491 4518 7215 7822 9056 1104 2925 4446 2432 3975 8906 1107 7373 7725 842 8671 5514 5639 7427 8879 5260 4165 2169 2216 9595 6612 3617 7526 9157 2513 666 6066
22 8251 4560 401 2534 3824 2186 5677 6828 6213 4893 3144 6116 8172 1173 5819 5580 5817 487 1465 6884 9346 7947
47 3205 3214 681 1567 4198 8981 3957 9573 529 2614 7311 1503 9278 7543 3442 1274 2279 6563 3955 5723 2492 178 123 1419 4609 7200 6152 8862 9692 4955 6256 2244 3697 3662 2575 3582 3204 8589 494 1033 9213 2455 8321 9625 6985 5118 1554
31 6952 1326 6190 1 5289 6734 5112 4224 3853 2627 1758 5191 7685 9937 536 5243 804 6033 504 9823 1158 6858 7681 9721 726 1653 6153 7149 515 8992 412
41 4171 1036 824 7486 6446 6891 4618 4904 4547 4651 6135 5651 9729 7248 482 8457 6948 6011 4522 8768 8647 7970 5472 8126 9108 985 8778 8804 8011 5223 7287 829 2396 511 3931 84 1122 4655 4231 8247 9287
31 362 3666 9085 90 5530 6100 8093 8835 4380 472 5386 7262 3324 6072 4151 132 6592 4552 4535 9941 2127 9955 5486 6958 4994 2229 2557 1216 8038 5368 6720
25 9196 2747 9760 3215 1764 1942 1552 1345 711 9612 3201 4274 5126 5453 3139 7168 5116 7626 1798 8328 4789 5991 7962 5053 4146
31 6552 8882 8458 1533 8684 4411 7924 6522 519 8272 5123 7478 8072 5599 1372 7868 4630 3000 4971 1611 1628 9422 2833 3567 500 5097 1622 2841 6586 3013 1634
31 267 1369 7849 1164 2109 3352 9195 9066 9312 8792 4301 5756 3873 3087 4172 3906 2314 852 4292 9437 8352 2428 6622 428 6666 5868 2612 1413 3901 3317 8838
27 8509 4318 7231 3498 4417 3986 1914 2473 3159 3110 478 2012 6424 6491 7864 3588 7960 4848 863 3552 7466 87 7799 5833 8058 8947 2591
7 932 1192 4948 6362 1858 6115 6849
31 8523 7410 9843 3876 1366 5923 2603 642 5841 6005 8102 4492 559 3164 5601 9775 429 1317 4379 9587 2118 2371 57 1069 9360 3848 4288 3459 4895 2774 8525
21 5713 4153 5261 9753 1575 7721 8563 5813 5490 7318 3607 2965 7763 8819 935 5913 5179 6908 68 3974 2740
26 7074 9254 2590 5903 9798 2187 1253 4720 6001 1455 8524 3471 632 6577 7419 9070 5888 6641 9863 6315 2404 6989 1275 2484 9119 5431
17 4756 1051 6762 4242 8327 2581 5062 1108 2663 5370 2765 108 1671 9238 2664 7623 4191
47 8464 7560 8087 8548 5862 4154 8338 1927 7844 9593 263 2659 7830 6223 6967 4287 8462 3053 8907 2812 3198 5176 2854 689 439 1013 9945 4081 9543 8470 2185 6317 6383 4136 1298 7154 9958 8574 3392 9375 1282 9604 4958 9585 3478 3942 4043
44 7187 601 2902 4691 9631 1625 9229 5437 5094 5843 9080 6810 4398 280 281 1969 2474 5661 5019 8901 1150 5999 5746 8746 7890 8618 2126 1335 6717 8829 4012 2495 8477 1784 2453 9757 8175 106 9620 9653 6836 7542 2276 4858
22 5459 3203 1982 8892 4160 199 7433 9921 2931 5882 7880 447 9026 8954 6847 2174 1068 2422 6584 1898 291 1183
35 7229 9639 6258 152 5962 1905 6713 4416 9044 17 6289 2487 6594 2687 3082 6881 7172 4698 3409 7851 5686 3776 7306 9968 247 7732 6092 8644 5939 1398 5944 4459 4056 4428 2388
13 1555 1085 7078 4257 4110 2938 1136 1361 4235 6687 9467 7613 8891
42 3878 4605 2731 6588 4100 9503 2658 7119 9011 573 3860 9622 6082 7173 6766 4615 8550 239 9262 9664 2469 5229 1718 5396 8086 9916 8278 3242 2639 4702 5558 9738 5986 1039 9343 7004 780 3903 3649 1852 5899 4753
44 7569 1153 5488 9208 968 201 6168 6196 8161 1318 522 5324 3270 7260 2179 5493 1610 3388 1940 1176 8587 5793 7746 1966 7107 8186 1224 9492 6253 3500 5187 7366 787 4072 8828 2391 1219 9350 8747 2068 1134 3031 1876 3638
9 7519 1757 8314 3782 3258 3321 9152 8437 7362
37 4666 4872 4094 1066 223 1747 8039 4162 4442 4342 403 2785 21 5557 4532 6603 2461 2493 6648 8930 6926 1034 4881 8959 6300 8913 146 3611 2262 5299 6688 381 7038 4847 2629 5567 303
20 4786 4339 693 7620 5908 9854 333 9844 2064 8504 74 450 7611 27 8403 6686 7854 8576 477 7522
31 2031 503 7053 8124 3670 2225 418 8438 1865 1258 4327 4701 1919 6355 951 5582 7718 6733 8498 6678 9055 8991 8170 1331 6794 6214 4068 3877 8946 4363 5684
23 3262 5763 6494 8758 5282 962 5114 8646 9864 8780 1484 7498 4082 4303 9624 5402 8770 8213 6823 1642 8079 9784 5887
15 5348 3142 8253 3788 7771 3300 2830 3399 1475 9031 7482 1186 743 1939 2771
32 3820 8150 7660 8184 4017 7242 1040 251 8911 9462 8777 5321 2344 692 270 431 6212 9649 1841 1826 7111 6500 783 9016 6878 41 4894 7648 9707 30 2214 4995
32 49 859 1244 8273 5799 4815 7397 6704 1280 739 8707 4612 4644 9199 3944 9850 1893 6581 2715 3146 3783 9046 5943 9127 7618 9466 7211 4902 8369 8472 9519 7280
38 1991 7120 6332 1454 3849 7217 647 2943 2471 6986 8691 9637 6068 5362 634 5156 7129 6854 3723 2845 9232 2197 4674 7797 469 651 4367 8528 6996 9449 7264 9598 6618 305 1070 1538 2910 4697
17 9101 6342 1067 4603 7327 7103 2130 7417 3268 2950 5080 2926 6718 6316 9693 6904 7609
46 6319 1908 417 9893 5614 5234 3443 8142 4088 1405 7755 8850 9771 1179 3062 2675 9904 3096 9641 1294 8461 9277 9331 5708 3485 1917 7072 5583 1045 3479 6637 4707 3042 9211 6922 6029 85 7891 3134 453 2079 258 2349 9204 664 9980
24 232 4882 3067 9778 398 698 9933 3914 2483 1974 7971 8641 7804 9366 3575 6407 1583 5949 6137 8943 7290 648 5054 6744
21 5463 9533 8199 7722 8795 3273 9434 8233 3795 8156 6286 8034 9824 6900 4823 883 6101 8044 4002 1078 1143
34 6248 2246 2787 8739 4591 3277 983 7224 6621 4218 8625 9807 5637 6659 868 5414 9140 2558 5707 9657 918 5056 6537 7527 762 4135 5173 9426 3660 5308 9086 9430 4295 7075
38 5498 6551 7902 7233 5750 3254 481 9272 2152 2999 2724 3438 2398 7790 631 5823 4749 7160 1316 313 8628 2024 1304 4493 8421 5907 3880 8075 3332 5747 1840 9884 7126 6229 356 406 832 2145
39 1779 9971 5605 7319 9713 8732 5625 2689 8364 2124 9341 6404 7489 2366 415 231 5288 404 5309 6658 7349 6543 1117 7633 1162 3274 9369 5577 6044 7965 4063 564 3921 3960 7612 6340 1590 7684 5008
32 9981 3663 8546 4996 2542 3721 1097 9020 6655 1500 5052 9665 3294 1472 4297 1495 2831 449 7108 4475 5840 5426 1662 587 8360 9818 4067 6510 7123 9634 4261 8412
32 9944 8239 4230 7043 7283 889 6759 3842 95 5297 3008 7711 5448 1921 140 663 5482 1042 2991 4712 7250 9969 2040 8015 3171 6021 7176 8872 9171 3257 5578 6582
14 7886 4403 9866 6969 1756 9348 2998 7347 229 1093 9638 5096 6321 9471
35 8155 1973 7436 1076 2431 7631 4598 8112 4859 8217 2517 460 3151 5963 7180 7191 2974 4134 6729 1553 3999 2323 7802 8219 1165 7696 6561 4637 7770 2569 9413 2337 6 2181 2022
25 6696 7089 7093 6971 1277 4229 1477 7927 594 474 8933 2025 8693 6431 8180 4583 1049 6048 1248 8391 9747 2430 301 5646 7599
29 7553 1549 8446 1102 8304 9252 6972 9212 6700 6091 937 1461 5516 6222 134 4517 9330 5048 6000 8624 9476 5893 5531 9259 3511 45 7363 3770 2324
34 4825 8220 1407 4401 7487 7669 5217 4969 6215 5609 3669 5572 8370 1155 3940 509 923 6620 1616 6608 4278 1121 9510 4215 5519 898 2092 8237 9744 1227 1802 7209 5083 6423
23 2247 2522 6093 7980 9461 2151 6868 8330 6173 2572 6977 2158 8270 6542 6697 5246 9050 8176 93 9880 8115 624 1399
21 8319 5003 4455 7499 459 345 9939 72 6484 3056 9869 1408 1597 9458 11 571 4704 7385 9197 8980 9927
18 933 9404 7158 6498 3020 6610 3837 5496 8275 2632 3411 7777 910 9419 9912 7159 7432 1245
33 1086 242 860 2205 6893 2554 6860 2434 3727 5214 9947 5380 3491 524 5208 2890 2594 1301 6371 5890 1029 9690 3045 4034 6277 8335 8990 4783 3098 8945 3021 4046 7278
38 4247 9336 6777 7150 6276 6435 8776 5910 8607 3467 4897 7452 73 6874 3326 3175 6856 1141 5181 5950 1615 4115 6652 9457 4575 9154 8815 5365 4568 1492 1932 3415 15 8289 7884 1442 2556 1997
29 2385 1205 2318 9299 2071 1184 6080 4903 7853 1321 1320 4947 8558 408 3911 2020 5673 3665 6110 1736 8605 3030 9356 9833 4427 8109 176 2000 2350
20 6937 9001 8656 4873 4264 7325 5782 8396 764 7675 5150 7178 2878 4830 1721 2254 3805 1660 1741 3748
8 9723 2678 9954 2548 5928 771 8937 397
23 3104 672 7760 8344 654 9111 6800 8362 457 264 388 2134 2805 285 5603 3183 9051 7096 3531 1682 9751 2283 8699
33 6903 1780 8487 1811 4917 8772 7418 1396 484 5023 8631 3623 9006 2252 2347 5695 3451 6149 1909 2363 8851 4705 1340 7824 8303 4952 8496 9529 419 3405 7508 5383 3076
35 6155 5984 6595 7393 5994 5667 7537 2353 1699 8825 2482 4347 3095 5540 3038 8085 7007 9416 7574 993 4779 4368 2895 2726 5036 3497 8878 5616 7198 4148 1715 5866 8385 3948 9956
28 9418 1539 4124 7134 9662 6661 1958 7237 2423 2952 4334 98 2319 4385 8592 6119 6470 4275 8326 7125 4559 1594 3371 1645 8873 6770 7533 9403
32 2589 6724 50 3346 7068 3829 8445 9258 7174 7064 1499 9024 3288 6230 6596 5847 6460 5160 5300 2148 7140 9680 3004 2326 6711 475 5286 8668 653 4377 7654 658
34 3106 6664 4443 8535 1375 7136 3115 3166 3510 6995 5136 2739 5889 7232 2083 8914 340 665 861 4645 137 4536 5442 4391 1494 9164 7463 2014 9851 3165 1874 6684 8864 5970
33 5800 569 3625 8005 2538 5506 4282 4855 4826 845 1393 6758 9290 1730 1178 9839 7794 6892 9339 2125 9718 8531 7409 2464 4200 1497 4954 2149 5832 6239 3023 2725 1819
33 1543 6047 6244 3508 7930 3599 1306 7776 8698 8092 8358 565 8643 349 6751 8456 2827 2816 8055 260 4750 4864 6741 9310 1319 9436 7092 1423 5004 3716 9215 1506 4939
39 1021 7638 7358 714 118 7081 7855 4767 8065 3843 8349 4369 8429 4371 5245 1725 7701 244 5844 8793 8893 3524 6706 6726 4709 1452 216 9603 944 2416 3177 7009 5538 8059 7010 1946 5227 9787 9082
33 5446 6260 4055 8401 6162 1027 5081 5316 4205 1238 6474 4626 6818 1657 4752 9827 4676 6343 3005 6590 6178 9989 109 5738 7374 4037 1324 6338 5255 8244 4335 5374 6694
30 8361 5666 6880 528 6923 3896 8718 2003 9667 4508 9652 3222 4908 4721 777 9062 5810 2561 99 3683 5691 3600 8810 7641 6593 5618 9992 2970 1880 5334
36 7687 1532 5454 4821 8293 7645 6451 5197 1526 5541 1228 1672 2077 8025 2618 8120 7472 8971 7184 2250 9074 7640 9155 6902 6002 7272 6167 1302 819 6309 6329 2673 9256 5825 2953 1022
14 6184 775 8060 7786 781 9560 8018 4425 2616 2311 2709 1961 8824 6953
14 3696 9848 755 539 6839 4636 1666 9706 7779 3791 4 3040 2414 5071
27 1722 166 3400 4711 5346 8667 2778 6270 4926 5731 6746 4422 6931 3197 2272 8526 4128 8817 7035 7941 9318 8447 9148 8428 6784 2751 4449
43 774 4659 6885 7301 8660 8128 3732 6507 3761 9871 100 3633 19 204 9635 1401 807 8721 8033 9701 2855 502 846 5935 3711 1992 9010 3349 7455 1409 3559 797 92 8956 992 2509 7279 9270 2796 5387 2762 8499 9504
31 7910 583 6864 7104 8673 627 6008 9003 3855 8931 6701 7895 1225 667 2905 8040 9454 890 6374 7935 8225 5240 3737 7307 5390 5070 9897 4950 548 1776 1763
38 3996 2063 581 5212 3823 6821 8080 4746 7398 12 3690 5479 3472 9617 2743 2215 4387 7430 6118 5735 5641 6968 2217 8645 7667 5508 5201 6139 7554 4833 9405 9852 1536 7434 9982 4850 9078 8730
34 3752 3616 4521 4216 9390 4414 8258 7558 1464 3369 3052 3746 6311 6063 2016 6668 2875 4595 1999 727 367 2696 3789 2897 42 3833 9826 8823 320 3516 8622 9611 9181 5979
19 4255 7214 4058 895 1502 1727 4962 422 8866 7069 8329 6377 799 2138 7254 5554 8296 8665 2043
40 5517 1263 9305 2222 3935 8398 1807 3927 9549 4804 8267 7406 3988 9288 4797 9368 8298 7337 9296 9846 1656 1290 5435 8463 9421 9004 8822 7437 8922 2862 259 4309 3387 9507 6254 8582 3287 5461 9913 9925
27 687 3090 9329 38 4300 1063 2783 9447 8347 8577 2661 2799 7219 24 5328 5105 1358 8395 8152 2595 6866 282 9870 6754 9025 7581 5157
34 7303 6295 3854 1573 3453 9526 6202 9354 8844 1185 3239 8007 6394 5553 8726 1312 3821 9902 7230 4344 9228 1787 314 5544 329 8286 3212 4413 5093 104 1754 7989 1835 1936
23 850 4071 2300 8586 4223 973 9402 1700 5795 9351 5 7909 1737 2681 3422 9239 7769 6099 2818 6987 6749 4467 5829
13 4471 2913 2679 5727 5333 9822 3970 377 4824 844 8143 7621 8019
44 6396 5871 3886 1456 8419 6728 8521 6671 6339 3412 3533 2995 7946 6267 9005 4657 6765 4762 815 4451 8857 5085 3850 3050 7339 2742 2291 9972 91 9605 324 8393 8090 1702 784 5779 312 6045 7637 5535 8921 495 2147 2882
22 1586 5904 9946 9783 6081 2418 2133 1352 6763 8940 5965 3401 2906 7185 531 871 5749 6833 452 4016 2511 4765
27 9576 493 434 7955 4951 4562 326 8123 8355 23 7535 945 9423 3717 8136 4155 1828 8952 3972 1025 2597 2033 463 4030 6907 3708 8803
40 6631 8709 8508 3659 673 9761 3993 6265 8380 3584 1166 5812 7079 7323 9282 741 7694 7983 6673 8559 9094 296 187 5765 2427 3419 700 1002 3685 8181 5951 9342 8972 6941 4684 2259 4974 6341 6010 7500
47 8783 6056 1765 3494 3928 8434 325 7827 3416 471 8868 7395 1201 5624 4406 5010 1458 7677 8608 7826 354 4090 6050 7415 4085 4463 9709 1716 6183 4390 8786 4330 7887 5060 5445 9926 9730 8909 2502 4396 8243 3105 1760 6257 8797 7036 4029
26 4005 3705 2987 6774 3308 6272 9036 4739 2602 9486 5523 7973 1962 2045 6976 4351 2606 5237 4365 814 6499 7258 2042 8111 7736 5551
39 7343 8316 3979 3312 4586 6171 3844 5745 1772 4580 3889 5918 7193 6255 4899 4677 2379 8720 9663 2850 2949 2911 2235 6221 3982 795 2193 946 674 6003 6305 994 53 2369 4246 8467 9815 3852 1797
42 6628 1305 2523 4572 7689 3529 609 7702 3480 5768 2208 5856 3622 4392 5057 9841 6352 9029 1374 6069 621 7591 393 7987 1380 9322 8749 4922 612 351 4089 3885 6479 5648 1800 2269 3256 922 9590 433 4271 6591
18 8809 3995 7981 9935 4620 3217 1577 1964 1888 3514 4479 9096 3250 3253 1894 6059 978 5098
30 5429 6982 1106 1761 9837 8466 8460 2248 1557 20 1960 7606 8045 1528 9710 4196 9257 5480 425 6194 5079 757 9332 9517 9264 4891 5900 730 7903 8167
33 9327 8381 2494 5915 4806 7906 9712 4147 5363 7828 5306 5342 6071 3865 8633 245 1146 4921 8101 977 5852 9179 1551 5672 5881 5909 8284 9801 7625 261 8376 8494 7919
41 5005 3676 7488 1210 2150 6144 7605 2026 9640 4525 2278 4920 5411 4828 1834 154 5476 9206 8207 6927 4158 2728 5675 8719 4940 3039 6187 1971 3309 979 6073 2307 3132 3501 4912 6457 6852 2358 5456 6626 8481
16 2893 8047 1113 8634 7738 7782 8402 3227 171 6485 3252 1431 4168 4792 2780 5645
19 8977 7516 878 6567 5452 2577 645 5022 4506 5754 4069 1190 6416 5845 1231 7788 3221 8773 7659
21 2501 4489 5870 3628 163 9359 2532 9562 1082 3505 382 9872 518 6288 9417 6302 3069 4763 7196 872 3286
26 9642 4624 685 1518 5314 189 4981 873 7046 3085 2011 5385 3111 6297 3553 520 2996 2085 3596 4888 6605 5329 1805 4472 5663 6583
33 2005 3289 5524 4856 107 7208 1808 7635 1368 8427 3093 3800 6179 4601 6224 4934 2317 5076 2701 886 6772 144 7607 5355 4350 1810 3525 2809 7938 5591 943 8147 9540
37 151 6538 4036 3589 6924 3016 8449 9703 747 9265 6750 3689 1545 7916 7950 6820 202 3445 8704 892 7333 7102 2741 9012 725 2275 2817 2239 2459 6346 5973 4047 3945 5139 5195 830 8435
38 1448 9075 3350 7305 2227 4354 4448 4524 7298 8106 785 5655 3264 5647 639 4173 1983 591 9942 7896 3943 2856 5451 4943 3704 9885 8928 4453 3703 4001 1621 4108 5978 2139 8140 3147 2207 3158
14 8846 9554 2543 7754 4483 7368 2927 2339 1037 1689 5381 6133 3808 7110
26 350 1827 6614 5000 756 7810 1233 3260 6243 6826 4143 7450 7568 541 1218 8249 4584 7951 308 5287 5658 950 5518 6452 4683 6408
33 9394 5478 6372 6089 8307 6768 5550 4551 6727 4662 5657 5503 2468 6108 6163 6932 4457 3160 4613 6353 205 4976 3259 1981 9819 505 8680 3487 5590 557 9117 3313 7666
34 6518 2918 172 1846 1373 3244 8177 9185 6483 5972 8678 2828 4263 5604 2948 8312 9494 165 4311 1724 8084 3448 2457 6478 5145 480 8522 5920 3022 1223 4444 7990 2370 2105
30 6690 6554 9147 6740 1252 3240 5607 8843 1175 3341 2038 1652 3771 304 2578 2101 8242 7473 1220 1830 9654 2839 9408 5017 6767 6693 800 8899 6235 3145
26 8722 8736 7088 6399 5784 9688 5851 2112 7399 6851 1602 8554 981 3801 6689 6145 4462 5322 9682 9805 6515 607 4163 779 9796 4429
39 3304 2142 2146 2196 6034 7723 1781 8159 7953 1508 7703 763 9610 4296 2899 1641 4715 8451 754 6553 549 3224 6161 3237 3099 1925 2835 9758 4816 8512 379 1933 461 5177 659 8616 1923 8996 9398
30 2795 1659 7764 5611 9261 3255 6271 5773 4333 7530 8594 5576 7885 1629 4758 4628 7400 3827 8031 7616 5804 8089 3363 4433 4802 6385 1353 2775 6600 7387
40 2888 853 7875 625 9632 4020 3772 8474 8615 5074 4093 7905 5421 6558 4393 7866 7961 4523 3163 5953 3958 3572 9774 6674 4561 5194 2904 2271 778 6667 7879 6123 2308 7892 1877 6467 5777 3153 7586 4588
28 271 7360 7014 9501 8288 217 2228 5050 1311 6991 2954 6808 5424 9032 2021 4639 6925 5469 8832 669 4778 4966 2210 3251 8132 9077 2176 6348
51 441 9464 1587 6364 5266 2392 1815 4293 9668 2425 750 8883 9924 423 1044 6743 4625 6571 6831 9427 1395 5009 6030 365 4253 8912 6564 6832 7257 6036 8309 3610 7823 3249 9678 3339 8863 6643 4509 1187 1632 3137 5241 9797 3121 1089 940 1572 6956 1094 2605
32 6578 6792 2470 7503 6894 7112 7998 9755 8411 5559 136 1488 2723 9602 5418 8178 8404 9230 1512 582 2143 9810 4942 961 5814 7876 6672 8513 1885 599 7122 9293
30 1550 2922 8046 7536 8384 4050 3293 5040 5912 7514 5051 6814 8788 6128 4766 572 7525 6501 3902 7203 969 6199 5389 9396 6598 9808 3543 696 2340 4027
29 7000 6040 8148 1848 2399 3566 9124 7423 2807 2544 6617 1596 9304 6151 2745 5002 6781 6915 374 6531 1816 9309 3168 7239 7253 5748 5209 753 9483
13 183 462 899 9671 7720 1330 6368 2887 7391 8254 235 2564 2981
33 2198 6388 1768 7356 3162 4631 1389 6312 3984 467 6946 127 5331 8236 7690 8257 8814 5682 1406 1260 8153 420 414 4227 1417 3306 600 8976 8359 5802 3064 656 8306
23 2368 3777 2779 670 5922 3725 2964 3619 4992 9748 3394 9524 4441 9773 61 4916 6920 8936 8845 7006 9514 1140 6217
21 1563 9337 6238 9063 7899 3779 198 7309 9243 8560 3951 1569 3959 7646 8195 597 5425 9779 1420 1746 3375
10 8365 416 2412 6999 2505 7889 1626 7403 1206 6287
23 6218 4649 1523 3952 409 3173 8431 8951 9313 7268 2633 1726 6336 908 6102 7897 8886 4468 8224 6259 5762 2718 5239
32 1863 1007 7163 1077 1519 7608 2305 6345 7039 3969 5565 7284 9886 3740 7310 4039 465 4466 323 4527 4781 7811 8762 3229 184 4096 6731 3280 2406 6719 7511 1381
41 6993 8465 9722 7918 5129 5073 9874 3521 5771 6086 8340 8849 8545 2903 5850 9669 3568 5809 605 9335 1558 1428 1125 7371 7183 2270 8185 2190 4960 8414 5598 7082 491 5757 9493 8250 9857 5846 5992 7 9381
12 3155 9999 6012 2204 7468 2836 5981 8982 5619 5280 7730 9973
50 9788 9122 4190 8706 543 4076 1790 8895 4735 9443 2375 3913 9892 6876 179 5592 9776 8690 4381 4087 759 7114 1241 8555 3157 9002 3814 4667 2609 7614 1988 501 4440 6422 6083 6799 6715 1230 4060 5344 2806 458 8366 2400 8905 3186 6871 7761 7911 5894
48 3867 4727 4460 8353 1222 1232 1019 6417 538 545 4801 9786 716 3276 3130 294 3548 3433 4450 8413 782 9589 1116 6843 2062 83 8642 5423 6360 3947 7369 838 7726 8830 9831 338 575 3554 69 5099 7137 6482 1607 1031 1460 6398 7265 4358
35 1578 965 9525 4103 344 6909 143 4629 1691 5961 5536 3925 7636 1859 6442 9192 3230 7847 925 7698 2674 9769 7246 3646 2160 1410 1334 9917 9095 8556 6284 5956 5271 1759 1339
31 576 2768 1343 6177 916 6220 1720 7634 567 5152 2876 7512 5440 7443 506 4189 6705 3112 4549 6026 989 3918 9511 64 8149 6708 5147 7181 887 849 517
44 7296 897 6191 5767 6337 2052 6094 8986 4534 2328 8854 8896 4276 3983 2249 2599 4244 9696 6157 6850 6298 3667 6188 6216 7557 2051 5428 7642 1479 6994 5021 4839 8057 2834 1907 1540 6798 8807 9959 2832 6680 6042 2113 4102
20 7538 8158 9697 765 22 492 6109 3470 4042 2515 2711 4741 9679 790 5035 5529 3413 1058 7688 2660
30 7031 1505 8104 2879 3331 7324 7020 4142 4878 6882 7084 3366 1422 7375 4713 1430 9097 3565 4699 5507 6356 9883 8387 9726 5168 964 4211 9387 4686 8561
43 5230 2329 6242 6280 2624 9840 1814 5047 6918 8141 1199 1168 190 1527 6206 3334 9586 3796 6611 6897 4769 9616 4513 590 7425 2784 1394 3731 907 121 5413 9102 1177 9548 9068 8916 1288 646 2441 4681 5199 7945 1869
41 6263 3152 1414 6682 8026 7539 3380 4169 2231 8154 9766 1676 1989 2080 1250 5270 1267 1286 9772 2362 7695 342 3949 2512 3169 6058 7708 5568 8751 1592 6200 3061 6698 1635 6647 2662 8016 1020 6890 5122 6527
21 2516 2865 4220 2708 6018 2583 4062 4078 6085 6654 8325 2213 4319 4809 982 5007 9198 9518 3403 9357 1947
21 9800 2159 9038 3815 2054 5016 2499 9042 9173 7898 4419 3117 3395 9740 5318 4286 2475 3051 5505 4048 3444
45 8110 8791 8629 6565 4208 7274 8389 9371 6112 7143 2289 3871 4185 2073 949 4977 3364 8802 3858 3764 1346 8588 2650 6019 2348 2514 6677 1845 9306 8212 1711 9909 2793 7105 3213 7474 1585 8955 9931 4456 8030 2808 2438 683 7025
19 6947 9770 7787 4167 119 5438 1193 1170 43 9455 2604 8116 1435 4961 6434 3726 823 3654 1444
53 32 2023 6165 3084 1434 8299 7975 3652 8568 8448 5617 3643 9496 4382 5933 6827 3055 9685 9089 1571 5774 8432 1600 3517 735 2671 9695 1769 9683 4558 9556 2233 4388 273 7803 2971 7901 1467 7281 3550 9984 7152 8654 3361 1704 1993 8406 2621 6231 1081 8382 5835 3603
30 7204 7686 3414 2437 2643 7435 3184 7062 4799 1750 2 7729 5857 1266 8000 8083 2571 2433 8764 2253 4331 2690 5470 690 9811 3234 8599 2242 3515 6064
29 6486 5104 77 4336 8098 3542 341 4474 6649 4399 8553 7050 5219 7870 5732 6322 4716 9088 5347 1270 5481 9202 4771 3353 855 1515 6471 2303 3578
19 7657 1534 4590 334 8308 5664 4849 1612 7308 8002 6375 8923 8246 563 2058 5596 1079 6426 4717
30 7421 9746 5946 4204 6634 3131 966 8537 1397 8029 9084 1046 3179 3512 6845 9650 1511 4682 5585 1404 3070 3116 1795 6842 1229 1160 5919 1486 6896 7495
43 3436 2791 8287 1370 7144 9355 7665 7712 8580 7507 8811 1476 1264 8728 6013 9048 7228 3345 8551 1723 7662 4884 5092 4673 1566 6147 3473 8377 2365 161 4760 5171 1823 7922 6444 817 1328 5275 5660 7426 7336 4972 636
41 5044 1483 9983 5061 4919 1197 4987 4959 5205 6702 5543 9425 1535 1579 516 2044 9237 8351 7774 7741 1092 1985 7484 8297 6323 3591 9321 8902 5737 1712 5638 4412 876 8837 9219 3688 1169 9218 9441 9037 5649
41 7365 7564 9203 5038 9963 2746 275 9379 8540 7588 6365 9686 900 8001 4672 8196 1599 635 5822 1080 2869 7364 5929 7540 60 5796 5468 695 2566 1883 9347 2822 6106 8918 3080 4364 560 3428 7883 9799 1246
24 8734 8689 4251 7957 9672 8566 5753 499 2797 9658 8339 508 5350 1636 8006 8700 1011 3219 1955 7155 1491 7837 331 4423
29 1891 4366 7414 9832 1402 9205 5626 8501 1287 5811 8785 974 3174 4953 5608 7956 8442 8827 1544 3393 526 8491 3998 3092 7920 302 1114 3923 2285
35 9660 8139 4810 7791 6867 7022 2281 2786 6670 3881 3161 2119 6508 6318 1356 1041 9234 3757 5831 1466 671 2889 1056 7161 5790 6525 1363 9687 661 3841 5285 5115 4256 6246 5332
19 1024 770 6602 6296 7571 919 2096 3307 4663 4164 2355 3417 4606 9910 3898 6117 6429 6143 6650
35 5573 737 6959 5124 6703 7692 160 8336 5041 1100 6809 7639 801 9151 5794 8790 4283 5789 1753 740 3587 9168 2655 5717 7454 9689 7596 2955 8774 9666 8268 1734 6061 8949 9153
24 7276 8192 2440 9395 4491 2821 8826 1707 4306 6775 3699 2932 4906 6943 355 4328 7818 8787 1978 9780 4834 8929 1459 2255
23 7124 2635 9049 2979 9081 4432 2520 7383 3012 8987 6806 1147 7963 2700 3967 3342 553 346 2921 1341 8453 5561 1159
13 2642 8166 9115 512 9817 3496 1050 5983 5867 8105 4670 6597 9411
35 2114 5848 8696 3702 7285 5029 1118 288 9420 2872 825 1837 7235 8674 7693 8348 5298 8271 3398 532 454 2524 3046 8536 6450 8953 4587 9244 9838 3680 4764 3692 6815 8900 1861
29 5069 3100 2478 9814 330 9353 3738 8189 2584 2788 6472 6889 164 8013 8422 8230 9269 7816 14 7226 1710 1693 927 8372 2608 5412 40 1006 8632
46 6529 9727 6113 2115 5277 2976 4795 5775 7856 8182 9180 8538 9286 8082 7784 7733 7615 9274 8834 5269 5600 4348 8685 1801 1212 7914 3780 4502 266 3694 4734 8510 9388 786 9150 2574 9214 6038 5569 4511 8490 9675 3150 5455 2072 2006
20 4675 2015 9928 4900 1794 7245 3674 9591 1017 9564 7872 2800 7446 7563 5373 6249 9534 6635 9520 3488
25 5032 1276 4437 9528 915 7800 9188 6532 102 9970 675 791 8847 6122 8926 5028 4556 4827 9791 7773 5247 361 2055 5975 7742
47 6400 8473 4932 4776 9561 5211 2028 1696 7848 2219 1918 1035 4638 3851 7577 9804 7496 8295 7091 9532 2963 2460 2838 1752 9623 2293 8621 4053 3455 5671 5416 9521 7572 5398 3595 8506 6455 4845 8259 4249 2537 1272 8383 4519 7580 6292 2476
20 5895 8042 8781 3355 2617 2251 2182 8731 7783 2560 9166 5216 2990 8579 3065 7147 9547 9300 1376 5734
36 6476 5863 5849 1574 649 2776 9490 2001 1755 2463 6170 5631 58 1387 5259 6449 8205 2871 4731 4315 7504 1884 5159 4009 1606 2870 3563 5926 1620 6366 7845 3915 4733 8904 3060 1855
33 7037 5901 7728 7266 3530 2546 3803 9898 3592 769 9255 4273 5807 4340 8390 7806 4576 6022 8333 1139 4272 4238 9499 677 5360 1350 5320 3710 3425 2429 4038 5235 9118
24 3734 9007 748 9498 9334 5969 6391 6791 4305 7192 4931 2757 8505 37 3499 6140 1565 2947 7133 1424 8311 2180 1922 4113
48 5465 9979 4890 955 3826 6519 8957 3813 4180 6275 1829 703 4671 9929 3598 2967 402 5502 4262 3830 9920 158 7350 997 7135 18 2419 5215 2916 117 7758 4013 3845 1684 9161 8420 335 6095 802 1115 2050 6055 6105 1101 3698 3989 51 4345
28 8570 5925 7807 7458 6735 4985 284 7438 6420 1333 8022 5313 4831 5045 3585 8337 1130 7974 6387 5228 6944 2401 7739 7077 1867 5776 8114 6062
20 3344 8740 6208 3310 6357 8919 4770 5877 9661 8229 7065 1934 1644 8356 3762 126 2177 2436 7453 2867
21 6367 6816 2962 9121 1174 7668 54 7083 373 2851 2082 2545 5025 9474 7372 7118 3786 8547 6604 9899 5268
24 629 5947 585 7267 1180 5407 9328 1446 5189 4941 7261 1504 6247 33 5369 3123 7967 3314 7869 5595 2162 3630 4817 4298
37 5659 9460 9116 1243 7578 8169 4754 4537 2218 834 4139 3285 8638 8939 8585 337 5422 2309 5487 466 9123 8994 6782 3209 6210 4259 6390 3295 3024 7697 7408 2863 8145 455 2764 9175 4868
33 5733 4497 1609 135 5656 3541 2238 4911 5683 6121 70 421 5109 5494 942 2717 2067 4415 7762 1482 5367 1154 3404 9093 8842 6797 8735 9875 8650 3908 6663 6848 5968
17 5615 1694 3113 3519 4011 5839 9996 6530 8357 363 2504 7326 1640 2086 7717 1349 2744
18 5837 9292 8717 3644 186 2720 2409 3681 7227 9647 1308 9908 9245 4095 2081 8483 7858 9531
29 1562 6875 9977 4930 9210 7555 7189 8066 6963 6865 2649 3188 6130 4114 4498 1630 603 3558 2008 5264 9475 3946 9186 5206 6505 9948 4083 4910 3235
38 1110 6787 315 4563 810 9248 4501 6606 1384 230 2354 7556 4470 8067 4106 4875 894 6281 5477 904 7461 4279 5752 9129 5207 9484 1283 5130 4505 5872 3450 1786 2380 7968 6771 9384 8958 7833
14 9480 411 8755 2334 4788 7575 768 6169 7839 2443 1775 4964 1105 3758
40 8129 7567 3196 4706 6861 9580 6570 3822 8100 8569 1014 4186 4129 7515 5700 6175 9527 5310 9165 6780 3932 1385 3301 1295 7016 9009 3682 5537 8174 537 9861 4798 253 4152 4265 7015 2680 4308 9163 7005
39 2615 1188 7146 6454 4353 9201 6928 2697 9644 5820 3210 3679 6660 9039 1213 9891 5718 6913 6166 6988 619 9626 1273 4252 4125 7552 5761 9 1820 8210 8675 96 6627 1605 4307 1665 9577 2559 9139
22 9546 5403 6347 4166 8317 4197 2530 7348 130 4008 9643 4290 1047 1293 7109 4317 272 9345 7836 2677 257 3868
24 6463 1226 1777 5509 6245 5788 1717 1713 1485 8962 6949 8 6540 2107 2937 2610 5395 5545 6409 7528 6509 9028 6334 8232
45 4133 7707 8960 6822 2299 9223 604 5798 848 2824 1822 3002 1910 870 2374 8386 9932 976 8682 7587 3449 5018 8202 7207 2199 2622 9018 2257 4410 990 9284 7094 3875 9324 2381 4057 7023 7080 2790 2234 3857 9045 2466 8138 1695
30 6197 633 6970 929 4512 1556 2857 386 8801 212 5462 7622 4236 4599 5571 6812 6539 6870 7796 2312 3128 931 2331 8012 5728 1062 7317 1929 5444 5467
26 5291 4929 5791 2034 1655 6327 2018 82 224 7753 4622 8173 9159 4800 1904 2756 3386 1196 6939 6410 8240 3015 4957 9905 719 3631
31 9500 8269 6294 2322 2553 606 970 8263 8103 6572 9275 4464 5803 7026 4120 4774 7447 2820 3315 498 1209 3869 9601 9060 1588 3763 8049 5960 34 773 1530
23 2593 7322 4813 7513 3329 5865 5699 7481 535 6158 8908 5562 657 5420 7680 2129 2435 5014 3557 6936 4687 3715 368
25 9397 5142 912 6414 7357 6032 7520 424 4332 1432 6978 496 8280 4541 7582 9065 5556 1262 5495 9719 2798 766 3720 1850 9565
21 9090 9922 9110 8769 80 6526 6282 7834 6966 4914 5859 6241 3961 9847 2220 4520 5252 8613 7978 7444 3759
23 7759 7058 684 6863 489 4680 527 6009 8017 1821 2877 6075 2722 1103 2892 4312 5521 4378 8091 2794 5952 2939 3396
25 1631 7944 7190 147 1438 5955 289 9144 6124 2405 4967 2465 3835 8712 6252 7912 9071 7601 3839 9030 9445 6492 6432 249 4539
8 7936 6873 9684 9553 4874 5836 8227 7780
38 7252 2039 7263 384 1367 4280 3283 3037 6419 7683 3275 1627 7332 5694 1048 8276 6679 4014 882 1972 691 736 6041 9877 7456 8063 3296 8924 9865 2814 4174 3418 5251 697 3571 9934 4213 9470
32 8439 9135 9349 8935 9762 6997 5566 5376 4757 7479 7121 9502 1152 9859 9367 4010 9940 6279 3282 185 3036 215 3452 7048 2852 2733 4234 3007 3108 3792 3859 8201
17 4454 9976 1390 2885 2894 5226 3072 1872 1970 8619 207 4507 2485 9320 5998 6473 967
46 9495 9676 3378 1870 4775 4260 2032 4986 9073 1371 7070 1799 7412 8214 9512 8948 8014 5706 4137 7934 8805 181 6148 7994 7894 7243 7497 5665 287 1675 2104 8659 3302 9691 6811 8995 9915 5182 6134 3003 8932 3747 3075 6533 6732 9597
44 1782 9802 2884 8480 2986 1403 3784 1882 4632 6046 0 438 2637 2908 3057 7529 7676 4846 339 9943 3368 8113 7548 7222 4526 7805 5797 7819 7021 3278 5644 3101 8183 9656 9522 4669 724 1145 3357 4694 5974 8942 7510 7056
12 9361 9794 5828 3481 5281 6120 7716 4426 6857 1457 828 7130
19 2652 1842 2316 3675 9358 641 1030 4241 9162 7628 6437 3768 1383 4515 2389 8334 1833 7658 7013
16 3941 7467 5575 86 8315 2930 7475 7585 1344 1400 3742 578 5231 9014 9506 6475
33 9267 9890 3343 6802 1619 4024 113 2842 9889 6675 8211 8636 2462 9535 5930 3397 6466 1529 5628 6738 6035 9903 8455 5606 3561 9728 8190 7492 2668 4105 4199 7724 8168
24 4545 4061 8934 7748 963 6748 5233 1284 4569 432 44 869 614 5623 8373 5225 9559 2426 5349 8941 8405 3872 1261 5091
23 8552 3576 8743 3775 7220 8426 616 6805 9000 1018 3900 2682 555 7049 5640 159 7573 3765 952 4664 307 2010 2729
17 2958 2415 822 1172 9550 9424 4469 3048 4695 1355 5993 3538 3199 608 3606 7370 3381
36 9250 6310 4648 2737 4504 5427 1603 9247 2489 4708 3636 4217 343 9308 2770 6052 1895 5724 436 8590 7131 125 8756 316 3054 7315 3994 3756 300 2390 2467 8454 8708 9856 8056 3560
16 35 5203 9302 1980 8399 7289 2716 66 5512 9542 5861 250 6427 5175 6039 4116
28 9918 5464 8859 8876 6899 6172 4832 4291 6573 1026 2332 8529 3535 7923 3924 5293 4233 6785 7054 8649 6111 1669 8281 4818 8028 7405 6313 3476
33 9629 116 2683 4248 8292 8099 6536 2860 155 9978 1338 8134 2168 2091 6023 4837 4374 5343 3406 1167 2137 298 7416 8514 7057 9508 2172 8812 4026 9414 1126 1214 9530
17 26 6817 5786 971 5256 4835 9316 6107 5361 133 6004 3790 4097 4851 1581 7948 9098
45 8567 5170 3863 3862 5584 5783 7034 4807 4542 7055 6373 4022 2111 5087 2551 7344 78 3547 7825 5166 1658 1683 1462 2178 2810 9858 5276 4608 9191 3373 1767 1688 4945 3618 1570 2840 9246 709 2076 751 8652 7493 8425 2245 3562
45 6326 5806 1133 2359 8061 9659 7012 94 2383 4540 5340 8301 7592 8591 2585 9224 5579 5485 1963 4975 7888 5610 9289 290 6803 1418 188 1703 6639 4109 4602 6957 1677 6126 5351 8310 1943 319 827 8146 9385 1489 283 2019 4170
25 4658 8282 7270 9373 9734 7448 6233 6916 7932 8692 470 7772 9291 1698 8763 9178 7991 1247 2333 4937 2266 5563 7501 9497 5371
6 1303 8052 1481 5137 4887 1651
35 7801 4643 1856 6203 4991 679 9103 3208 2120 5274 3026 879 2360 5635 8677 1211 3907 8695 8484 4652 5526 9064 1142 5654 6361 8648 3549 9655 5336 3102 9795 3367 4759 6683 7710
37 8107 5218 7462 1931 5307 4614 8331 7244 1950 4819 2969 570 4543 4461 6037 309 1096 4571 348 1259 5037 1638 7917 5977 2667 3190 909 9087 9008 5345 3769 1149 7997 2373 317 47 593
36 1839 3114 6657 3463 7321 7785 9363 6681 2510 7653 4744 8415 7396 6984 8285 8157 9538 1090 376 4436 4723 5167 5106 3035 1849 2567 3910 5161 6549 7166 4404 588 2611 6846 9131 9236
22 3509 888 7470 9930 7169 3544 5186 9182 986 4653 4156 4528 269 5985 7995 8766 7390 6560 598 8261 5522 8602
36 885 7925 2377 7177 3532 4341 8534 3091 2263 4149 8265 5357 5520 1824 7744 4258 4254 2450 3797 4610 5253 213 6490 5916 7063 295 9608 4573 1307 7051 4438 440 9907 3135 2782 75
24 3464 2582 5515 3838 2917 837 2171 9965 8627 521 4202 660 6699 3284 6633 3973 1766 1242 6535 3794 5430 1208 6097 5879
31 1589 8073 9714 1271 5710 483 6998 3513 2657 8260 8761 6403 4656 2992 5162 1900 1392 9539 2472 3335 6468 4724 2506 6825 6487 4927 2296 721 7661 3238 9873
25 6308 2183 1161 1490 999 623 3706 8679 9220 7502 6685 6392 8043 5499 3424 9853 7840 7457 8737 114 218 6589 1009 1774 476
6 7044 336 9200 3936 3614 7033
28 3701 9975 6757 2448 9845 1664 2477 6445 4876 7334 7969 8371 6136 6240 5880 2563 6328 1347 8831 4747 3537 1915 4685 9136 7715 7663 7218 4325
37 1987 3890 3216 8122 9281 5378 3011 8884 4346 3033 2017 6439 8725 4033 7766 7445 1072 6829 5263 5305 9112 4107 4059 6067 8604 277 6237 3753 1745 542 1296 7388 4661 2676 2036 7544 7027
25 4650 6164 6723 2929 2541 9478 4075 1838 7379 5198 3376 6195 5722 7673 5169 1471 540 513 1591 3266 8917 3590 4487 8350 936
38 3200 9382 2345 7132 8171 3938 8252 7030 6076 4486 2915 7382 893 4578 7589 9768 3882 1890 7115 891 4051 3025 877 7775 4101 6051 1202 7451 65 6261 9555 8760 2203 5533 9628 3318 6901 29
32 1564 9896 8575 7201 8313 3713 9409 9809 7377 2141 3520 821 4452 5854 8856 7459 410 4394 2734 3385 4322 6919 3781 9985 9974 7340 3460 7838 857 8816 4070 2706
23 9994 9717 3937 8443 8527 9242 7600 1251 2587 7565 4240 1857 3482 6103 1449 5213 9352 5921 2758 3421 3377 3964 8459
16 3700 9406 1520 8855 8890 7330 7907 5058 2357 6156 8502 3991 4863 6447 7471 4065
30 4091 2191 9410 794 318 383 8867 387 2232 5400 8053 4193 8984 2167 5824 5689 1928 5180 1182 9731 6185 1498 4718 1364 2645 6024 8300 1679 3741 6753
17 2772 9752 6331 9283 8603 4854 2297 5184 7059 9015 4703 7795 9765 36 1968 347 8255
31 1864 7979 3804 9156 3684 8681 5165 4553 1731 5433 4785 237 3133 8871 6962 5224 5043 8584 3811 2094 3581 5897 3874 7655 6511 4209 2078 1743 4302 8241 7517
26 366 4099 6574 1778 9338 805 4015 3668 8069 8194 6624 2761 5039 4918 7743 111 4458 905 1749 8203 7032 3620 3454 3879 5077 7756
26 6060 4228 701 7255 972 2280 8037 6613 4784 3597 5279 7424 3963 9673 2102 180 4738 9785 7832 3787 5204 145 1537 4310 9988 9450
49 5906 3495 6438 858 4737 321 4243 9951 638 5855 2665 9091 3922 5990 5574 5443 5033 5726 6623 6025 8869 5612 6142 2103 2424 2095 8223 8221 6761 7604 1984 2562 8910 6440 9233 6354 2691 3233 1813 9615 7881 2864 4748 2766 7859 2410 2059 4860 6381
32 2395 678 1771 4956 9058 2636 3083 7304 7213 8208 3465 6436 4634 9711 353 8119 9681 7976 4007 7649 3916 437 4210 7234 9570 4582 4477 839 8436 7156 2320 4829
17 2907 2644 7401 8068 9431 3182 2342 9868 3136 6776 9879 2268 3461 5466 5117 550 4431
33 2727 947 4668 2773 6053 3613 6406 9737 8686 2712 5278 875 3348 5107 6945 4044 9998 7302 8375 8256 3078 8754 13 7085 3834 5379 7269 6714 138 3856 8651 233 268
40 5712 9317 3724 7067 2630 9183 9536 7629 6201 5622 2230 1649 1903 5125 8806 6562 3577 5703 46 8440 5937 5725 9749 5290 7060 4140 8611 6954 9027 1052 3639 8925 514 3671 8392 3319 6138 3987 9990 3272
42 5183 9315 5869 4627 7988 4035 2161 5636 2100 5265 497 6415 7465 5996 4729 9399 5012 9370 6629 3279 1770 5375 4121 6278 246 6872 5696 4993 8450 546 7750 9881 274 6084 1531 9227 6609 9174 1065 5232 8094 6769
34 7047 5873 8542 7789 5751 6642 7008 3410 9167 8581 5527 8888 1437 9207 2789 9572 3677 1924 3893 5248 4743 7551 7381 7029 6114 9887 6096 6488 9793 120 1441 7162 6877 248
25 9756 9901 1299 6930 4999 9584 6730 6182 3241 2206 4314 988 6127 297 7353 8669 6028 1871 3825 2874 552 4909 4838 1478 9790
30 177 6027 8927 3290 5409 9606 435 4742 595 243 8999 8894 3356 8130 3627 2224 1547 6465 896 7480 4157 9294 1357 3551 2934 3044 6721 6929 5242 9241
30 6205 5709 328 7594 4409 79 5111 391 8983 4979 5222 2135 3129 8703 7541 6344 8775 8407 6395 4879 9143 4418 332 5760 3390 1568 596 8820 9019 8794
28 9745 713 8757 1889 3714 6020 2647 9083 3658 1804 6299 2707 6054 9142 1425 4530 5483 9789 6712 9716 7670 9860 7959 5539 3564 4359 4482 8723
21 426 4822 5555 5588 3010 1059 9816 5945 1920 2221 7768 3594 710 9061 6888 7273 7735 9362 7041 3358 3466
31 1739 2580 9621 8744 752 1516 2920 8897 3573 4122 9995 5026 3228 9987 566 5196 1109 6710 3609 3693 2803 5818 3107 8144 4285 8979 1941 8532 901 5267 3939
15 1901 8497 4646 7549 4084 6862 7547 4690 7656 1733 8367 4692 3739 8798 1911
6 6974 6568 4018 4905 8062 479
0
0
0
0
0
0
0
0
0
0
0
0
0
0
0
0
0
0
0
0
0
0
0
0
0
0
0
0
0
0
0
0
0
0
0
0
0
0
0
0
0
0
0
0
0
0
0
0
0
0
0
0
0
0
0
0
0
