23 6520 7985 2982 5976 3818 456 8479 9482 4179 9923 6087 1647 276 9301 9377 4476 6435 8430 8862 5011 1173 9759 3631
32 3043 1053 4641 4516 3709 5284 7042 2688 9067 1509 3018 2521 6379 8245 3749 6933 5785 1788 5338 8145 7644 3039 6187 4779 7315 7469 6014 3010 8847 3838 5666 805
31 7158 6498 3020 6349 3281 5729 6074 8800 1576 2777 5272 4447 2049 7820 1450 3640 5048 6000 8624 9476 3225 101 5936 6057 2175 8790 1258 3730 994 7649 9243
31 8560 5746 8746 2287 8283 2336 9428 1959 262 9670 7992 808 1088 3733 7846 4000 8998 5959 934 4226 227 5457 1048 3000 4971 4963 4077 3389 1559 9201 2448
40 7483 8290 4898 2090 1674 3634 2527 62 2682 2446 2829 3127 6835 7545 8003 5989 3447 448 7597 2549 6320 5072 9454 1953 4161 4444 7107 8186 5671 2097 2655 8201 2579 7338 4116 9918 8443 4350 1360 1662
35 8476 3049 1310 2837 4772 9702 9105 577 5473 6942 3336 2748 818 8021 7394 4852 2529 9513 6516 148 8950 1003 6550 9699 602 6643 8363 6854 3723 2845 9232 2197 4674 2322 7760
33 211 6363 3347 7706 8702 6646 7148 8445 2216 9595 6612 7101 5830 7793 9442 1818 2209 7735 5412 362 2488 8226 8639 796 4928 2936 6221 8683 8232 6229 7261 9577 9776
34 1395 8966 8870 1957 4212 6098 547 5680 4395 8733 89 9750 3686 7431 4281 10 110 652 9059 1742 153 3763 5171 2693 3126 7386 3440 910 3688 4778 4916 3063 1892 9931
23 4155 1828 1078 1143 2110 4654 299 6506 1038 162 6813 8745 6078 7595 7380 7153 6174 5254 3809 3310 5629 9849 5894
9 5086 9704 1309 6225 5178 6834 5250 1000 5891
35 5164 5564 4913 3323 2843 3917 3291 2184 1148 6448 8294 5697 4688 8266 7509 5792 4529 3503 5013 1203 7559 7145 906 6906 4030 5758 3719 4240 7606 7517 8674 9396 4993 4803 1439
25 7003 8248 214 3382 840 221 1189 3122 4112 5249 1714 1091 3202 9231 2654 4994 9467 8626 5364 759 6461 3871 4185 1055 5244
31 2686 5581 3930 3432 8511 5068 5652 5513 1416 2966 2306 4370 7151 2552 7842 2978 3977 4997 4751 8500 8054 1166 5812 7079 2618 8120 7472 8971 973 1293 6934
28 7328 9264 4891 6759 1758 6917 5141 4564 4840 1608 4726 826 1881 4289 4104 1902 3615 6477 3523 913 4320 8753 5200 5642 3518 2243 4793 8572
37 7352 5326 6131 9960 8595 3766 5327 3079 1853 9596 7583 7624 7843 7212 3195 7765 55 4023 9092 3507 8452 3337 9487 7127 8564 6636 5550 7835 3635 5986 6588 3287 5461 731 59 7700 7519
32 1757 8314 4407 4206 1719 2140 4194 9128 8609 5296 881 3831 4883 3469 8684 3899 5134 1323 8153 3339 7983 9592 3642 1996 2988 1598 6077 2503 2500 4639 3664 7632
23 6547 4973 2088 2394 7566 4533 4949 1706 3656 5935 1153 5488 2659 1646 4333 7530 1378 8920 3484 4925 5127 3080 757
19 2639 472 5386 7262 3324 2007 4836 9099 5393 293 8710 3846 650 6534 2951 2486 8332 7 480
21 725 1982 8892 4160 199 7433 8397 2570 3525 9541 5321 2344 9176 1887 4383 197 6350 7402 3819 3684 6365
37 9686 3980 5510 3236 5049 3655 2849 2066 1124 5128 3427 3059 6559 4499 7024 8661 2977 3435 390 7757 613 5821 7665 6064 5456 6626 5732 8106 4780 3956 1115 3312 3848 5144 9203 4741 5037
25 8467 8193 2763 7874 8036 1584 6796 7603 5966 4130 1329 2912 9743 8571 25 707 3023 8209 2956 4892 6090 3028 1327 3153 2363
29 3665 9026 8954 6847 9169 8852 4485 749 9435 7407 8064 7113 4853 9344 2240 7675 5150 7178 369 2325 9618 327 5059 7713 8526 5618 4865 5538 5669
21 9407 9900 4434 6186 9184 8967 3774 5570 2844 8427 3093 5404 4337 4332 5974 8942 4215 5916 2273 7696 4732
41 4982 8881 8978 5826 3167 5501 3884 2613 2703 8601 7999 4880 6921 9842 1728 2968 8759 4812 9433 9453 4722 9781 9448 1163 2760 4768 7247 2526 9257 8048 1654 3259 7776 5051 7964 5125 8275 3662 2786 1558 6439
36 4182 6656 9820 6146 4184 2286 1221 7664 3735 4232 7225 655 5121 1868 9742 5898 1289 7354 6709 8738 8008 2670 4567 7871 5353 5101 9160 7841 7747 6176 1825 4765 9491 3001 2983 8994
25 6630 2646 9568 7211 5599 1372 7868 6756 5024 1517 4978 5356 1639 4326 2540 4714 9149 4550 8131 4027 6644 2030 9196 3713 3346
50 2047 9279 358 866 9836 7238 8861 2237 4984 7598 2456 394 3745 3180 4555 8127 836 5069 564 3921 3960 7612 6340 1590 469 651 4367 8528 1604 7345 1368 4683 6408 8381 2494 3423 6007 941 2188 8543 5980 3431 8183 5720 8386 9932 976 9461 3172 2508
25 9446 3258 3321 7671 7341 1690 6234 1429 7777 2739 5530 6100 8409 1151 7459 6145 3683 555 6788 2193 8156 9674 1641 6853 2880
37 5146 5258 9364 5670 1127 9033 2045 6976 8096 7295 8165 8216 7346 3475 1860 3726 4217 8714 9271 6943 1459 1722 7869 5595 5010 7878 8137 1792 8168 1732 5294 8163 4186 4129 2208 1336 4378
24 335 7200 3207 4052 6868 3119 7918 673 7446 4127 4500 9489 9997 1291 7216 4951 6417 4316 181 6148 1951 9971 5046 6828
23 6213 4893 3144 5042 4488 1135 7940 1945 1119 5492 5772 5131 5401 562 4568 5489 5257 2307 3132 3492 8196 6080 2170
45 7865 3580 5934 1468 2743 3524 6706 6029 85 9472 292 3554 2294 4225 3653 4946 3650 2769 3305 9646 6263 6513 833 7275 5597 6079 4391 6778 1913 5179 6908 68 6603 2461 2493 600 7910 8895 205 4976 6881 4079 4678 7123 5859
43 9318 7011 7931 3434 8492 3632 7293 169 4277 789 5317 8875 4901 831 9391 7087 2069 4635 5001 6803 9052 3787 1782 3678 265 2684 4074 5940 8408 236 5544 1878 9794 1726 1909 3626 2492 5470 690 9811 8582 899 8925
30 1783 1524 9633 843 8041 2933 9444 1292 9537 4889 5878 1318 522 6760 7292 6996 9449 174 8235 534 6992 3412 3533 868 5414 2650 3984 662 5435 3035
37 1849 2128 2490 9133 7297 2826 9855 873 3468 5055 2713 993 2830 3399 8646 8597 8729 4988 625 1854 712 6464 5095 8278 5634 5449 3110 5395 9126 132 6592 2312 7625 8898 8802 3858 4783
54 3098 9307 5163 5896 5627 7749 193 2634 1496 9189 5816 8779 4270 7018 4338 3546 9120 1806 8197 3489 4453 3703 4001 8045 3261 5728 2113 4102 3354 1544 4131 6317 6383 3812 5534 139 3641 9725 3568 8132 6683 8154 9766 2253 1573 2258 9488 4165 2169 2152 78 2410 7348 3033
32 219 530 8486 2620 9109 5491 4118 1421 4465 6306 8268 4787 8944 2965 1171 4748 5978 2139 8140 5900 7758 1191 6303 3041 980 8949 9764 7723 3097 1730 8267 3586
40 9949 6795 5613 4617 5532 4092 6651 1735 2878 4830 8606 4808 5394 7521 6065 4615 8550 239 9262 9664 2469 5229 1718 4896 2755 6543 2156 5542 6635 5580 5817 702 1824 7744 2182 1526 6700 263 1708 5273
48 2740 7915 112 3351 5549 4820 3751 3905 4021 4424 1873 7017 3750 3124 8320 3009 1916 841 8305 1487 3393 7126 2750 2165 3883 4871 5905 6863 7711 5448 1921 140 1398 5944 4459 2044 3835 460 3151 3880 7008 5063 8808 2628 1156 3975 2130 9354
32 948 7329 4947 7141 2555 8789 6556 3579 1354 3828 9047 1322 4983 5883 723 2061 6480 6314 2945 9194 3379 4397 1297 1217 8109 176 5462 2853 7100 5195 1574 9910
25 6793 5884 2994 8469 720 4032 3962 9566 1240 2289 8034 9824 3330 939 3357 9432 4040 3012 1638 3040 6568 603 8463 6300 9404
38 4877 1433 5382 28 5780 3292 5637 6006 9415 5337 3673 930 6764 9146 9145 468 4675 5408 1841 1826 7111 6500 783 9016 6878 8577 234 5834 7437 1581 44 1290 1958 2252 3892 1540 1285 8046
23 7817 3701 2782 8562 4861 8318 2121 9967 5744 5323 4970 5415 9914 8493 9132 7286 4907 8062 3666 2417 8503 9025 7581
21 2480 959 3118 6838 2447 554 6369 1709 5377 733 1954 1436 1793 2314 7719 5911 4329 3755 5508 1202 2321
33 4098 9882 7355 4439 1935 688 7182 2638 459 1415 4211 3360 6312 8242 7473 1990 6453 9124 2950 1762 7335 3322 4864 1798 4531 8974 5930 6489 9398 2795 1659 5555 9069
32 7195 4496 7460 2914 3477 7584 9694 9936 1661 6859 7277 5987 5082 392 5715 1027 9754 9919 1812 6640 556 2070 3206 7593 1617 1043 8218 9600 4922 4311 9661 4268
22 1678 7984 9813 4938 4003 5924 6418 3847 5602 1899 5917 2631 3047 715 6304 9825 6262 2131 360 7097 1817 7813
25 8598 8291 2848 170 4790 2403 3474 8424 6198 5643 399 3744 3148 9138 5864 5419 8050 1084 4514 6557 1809 2866 6397 1279 1998
38 6384 1281 6662 1228 1672 2413 4689 5674 2236 1060 9741 8482 1611 1359 9747 7977 6676 5471 2226 3797 698 3926 4145 6779 4621 4611 6546 7393 4554 5591 9749 3214 2873 3781 7395 2318 2361 5524
35 4856 107 7667 2116 9013 7821 798 2767 3810 2352 1213 2856 9916 5648 5995 5769 8963 6789 3483 3800 6179 3799 7099 1132 6883 6376 8151 776 3861 6152 2080 49 859 1244 7192
26 1991 7120 9729 7248 482 8457 6493 9022 5135 1673 1614 5587 2801 4761 7205 6335 957 579 2087 1832 820 3246 2421 1207 4509 6355
46 1513 2556 2277 6669 574 9700 6088 5380 134 4517 9330 2292 4041 1237 1740 7727 728 1493 1937 4175 9953 960 4324 103 3493 4841 4360 7303 6295 2282 7454 3864 8478 9034 3350 7305 2227 4354 4448 6095 675 3031 879 7069 1829 4962
30 1492 1624 5711 7610 7422 1843 97 7186 8836 3954 357 7197 1255 6228 5083 6423 4151 5346 8464 7560 8087 8548 5862 5325 6887 4375 7538 4237 9076 7621
31 5352 2972 2626 7076 4968 7939 9209 4604 7926 1851 2202 9532 393 7987 3407 6049 2819 3971 4178 9607 2145 4548 1087 8658 9878 5788 9850 1404 8850 9771 9956
17 3415 15 3232 1313 5778 4294 1443 9285 5136 3608 4965 7420 7546 6569 3870 5190 391
43 2431 2244 3697 7188 5764 4510 5436 195 9645 2302 375 5084 3778 3178 7164 9545 9681 7963 2700 3967 6938 6869 2993 3458 3125 8029 2376 4581 2705 281 1969 2474 5661 8301 3690 4911 5560 4399 8078 630 3064 4760 1247
28 2247 2522 7157 4640 3894 8858 8662 8687 6043 8839 914 8368 8575 3638 1949 3446 7740 8549 3508 7930 5108 9048 6830 5416 2953 9439 6433 797
44 92 8829 4012 3074 3402 2601 7351 9614 9993 2498 5031 7958 2886 1095 9551 8279 6293 4144 3299 220 7259 626 16 8657 6608 4398 3593 1680 2367 1847 5432 1096 8825 9690 2980 3543 7831 7073 1536 2961 5646 644 7611 231
50 5288 404 7440 2891 4347 3095 1939 7040 2598 4430 3154 4814 8961 5399 2260 1839 2134 2805 285 5603 3326 7300 7312 4132 1362 3990 2625 2672 709 182 9365 8877 6964 4538 3185 2420 1507 6193 191 2310 3408 1961 5328 4769 9507 1343 6177 2868 3413 3286
29 3138 8637 8715 443 1015 5679 1744 4321 9072 5525 3645 5027 745 192 2942 5801 3109 26 1131 1623 6443 7996 5876 3218 2658 710 8704 6997 9390
43 2341 8666 5766 2623 6973 2802 280 809 7928 2093 6707 2075 5155 5062 1108 5138 1791 7814 4025 5593 2343 124 2496 7702 9822 3970 7694 6149 7722 628 3814 785 2283 4753 333 2544 4570 1846 6084 336 845 144 1136
37 1361 4235 6687 9187 6514 8975 6935 1315 1912 8653 9574 8848 8688 322 6841 7714 9380 6256 4373 8125 813 5152 6773 7331 1265 1426 9986 7954 5798 834 3627 9212 8712 4188 4897 1312 1562
46 8821 7167 4356 329 4616 8818 2985 485 6752 8191 5120 8118 126 8752 5902 3545 9190 5006 3500 7877 2600 9378 3981 2959 4181 389 9636 3815 6528 3570 3327 3289 7054 4364 3711 6725 3897 1172 3115 616 9217 406 729 1086 5269 1653
22 6153 7149 515 3539 984 7313 5805 9555 531 8058 6619 1510 5865 4859 6823 1642 8411 8618 664 7252 6111 2563
47 6328 5089 803 9552 4686 8663 5701 8833 4551 7209 6615 8989 4862 2730 4866 4565 1342 9715 9962 6599 450 3019 9141 9297 3528 902 5676 4400 4623 2463 8828 2391 1219 9350 1056 4081 6589 7943 8174 2013 2211 2656 5874 7485 9117 3313 1254
36 8027 1112 5034 9558 2641 413 2347 5133 4923 4222 4402 4323 7867 9401 2568 1268 2858 3888 2246 6581 8640 5853 1956 3071 3559 9857 5846 7184 5577 259 623 226 6358 3184 5828 9525
13 5742 6980 9438 917 1560 7314 3365 4138 7376 446 12 9753 9536
34 8141 727 367 2696 3789 2897 6794 6214 4068 854 5914 129 8228 4031 632 6577 7419 9070 2393 5439 8009 6678 9648 1541 6819 1382 3235 3661 6045 3369 6701 4598 4075 9049
42 7139 7171 7627 6736 8213 8993 2586 998 2928 5174 3032 5149 244 1408 9939 72 6484 7534 3073 3612 4600 6576 1236 6458 6790 4176 4513 7154 9958 8574 3392 9332 3526 3715 4501 8589 1858 3229 7356 5873 1157 1602
20 8554 8758 2533 8095 7086 5832 6239 4405 8997 3034 9829 1480 1298 7010 1946 4103 6330 7268 2633 1555
24 3338 2989 5154 8623 4389 9251 589 2588 5341 9386 2630 4647 5942 6754 7717 2409 1906 1643 4149 8265 7032 7051 8716 5175
36 9599 8664 6587 2732 9383 3953 6502 4045 8617 8515 2301 4478 8765 7617 2200 2823 3017 9952 6981 6389 1525 5088 2831 449 7108 7291 9040 8891 1542 4747 758 5596 5410 2276 1663 8499
20 9504 5858 9130 1977 3499 6140 60 5796 5468 3909 2427 3419 7350 2028 304 9891 5718 5961 5536 7950
25 8880 4592 5964 255 2038 1652 7809 2330 1470 7672 558 4123 7550 9964 9571 640 1195 3860 6948 6011 4203 9966 581 1185 3288
41 7630 2596 400 9630 9792 7709 5056 1738 6575 9867 2935 4284 9767 7781 3374 5971 1451 4245 7404 4111 7170 9516 7299 3895 31 7904 8607 1373 3244 8921 495 9624 3728 6294 6390 1210 4904 6246 6492 1837 5571
24 2356 27 8403 6686 5815 5681 2218 1063 705 2479 611 4490 4762 815 3242 1618 6555 4057 4492 559 9290 8558 9484 5988
27 4885 2742 3773 7812 7518 9280 4730 9895 424 1117 7633 4697 1134 5882 7880 447 9106 5413 5677 7751 8517 9057 2944 9708 924 8947 4301
8 3430 2201 5311 398 7476 4352 8077 5982
32 1411 7052 7240 1729 6503 3263 7074 3383 8835 4380 1720 3300 2525 2940 7095 8135 7023 3058 2804 4668 1462 1126 4427 8398 2046 6494 8522 4622 3670 2225 418 9281
32 6206 311 8274 71 6070 6722 9235 1976 7798 2726 5036 3497 4016 6937 1235 3806 430 4267 9834 1164 2109 3352 9553 9843 3876 1366 5923 1514 8119 3887 4310 7586
39 7464 6189 5885 525 4269 9440 2975 8423 2846 1275 2484 9119 5431 8876 1103 7256 9041 6441 7937 692 270 431 3978 9323 4574 2666 4534 3189 2334 4357 2267 3569 1683 7978 9024 7358 8770 667 1288
41 7961 4523 7028 2154 2710 39 816 9734 6466 463 1886 9362 188 1755 1365 8635 9950 1948 8644 5939 663 5482 1042 2991 9578 8676 9677 4386 6047 3914 8385 5422 2199 9351 5897 3681 4473 4671 2326 1972 4348
22 1080 2869 7364 487 1465 6884 7561 1004 2099 9763 788 4631 9095 8556 1481 6505 3595 2610 4047 3945 9005 4795
18 7163 1077 4154 8338 1927 2439 5151 6116 742 9733 9177 2163 3647 8345 3387 3081 3504 8762
33 9806 6844 4607 7361 544 8074 1300 5221 4712 867 4028 7650 4998 5202 8539 9821 1548 2535 2265 884 131 4991 8525 1133 9369 8217 6 1020 6890 5122 2764 8501 7112
37 3183 9051 7096 3531 1682 3187 6855 7116 2065 7138 5887 9055 6362 7411 643 7674 8621 8980 7906 4403 2909 9311 3243 3486 21 4345 9230 4915 3736 2454 888 8315 2509 2155 2964 3619 7953
37 2752 1668 4503 2408 7574 9906 8417 8164 2799 7219 8471 1071 5552 4299 3801 8160 2442 5237 8795 3273 9434 6316 9693 722 2815 4339 5157 1150 6507 2606 70 3522 1636 7374 2905 4474 8169
31 4754 256 8709 8508 983 494 1033 9213 2455 2449 7199 6266 3601 3437 8600 3215 1764 1942 1552 9862 8853 5754 1582 5886 1129 8084 3448 4662 3712 6768 7568
24 541 5246 9050 8176 5304 9113 9613 9273 943 9732 7894 9710 4196 2998 2298 8907 2812 3198 995 3906 1021 7771 1035 3792
14 8851 4705 1340 764 2384 8394 7731 3265 3046 2138 9590 189 9451 8319
13 5003 2387 395 11 2513 666 2132 6960 7071 9168 1391 4912 4417
23 3527 1479 6994 528 6923 3896 6227 6965 3534 3793 7613 8108 5592 5822 1621 4108 8874 8006 8700 1011 5474 3359 5467
19 9724 5569 9375 1282 9604 4958 9585 3478 1474 880 2695 7562 6742 7477 251 8911 9462 8777 2591
32 8231 8969 9782 9389 6291 3397 2400 8905 3494 3928 8434 325 377 6066 8251 4560 149 9266 3391 5354 3143 891 4051 8490 8222 5459 2671 6052 2280 7251 143 6032
41 2457 4219 3575 6407 1583 6958 209 2144 8117 6898 2495 8477 1784 2453 996 2825 9557 9583 6236 1650 680 1064 8514 8110 1472 4297 6858 7681 9721 6622 9329 38 8491 6774 7426 5316 5463 9533 8199 2813 7410
31 6521 2576 2313 1073 7175 8610 8557 7745 128 9812 3691 3802 4376 1580 3695 2792 4358 8161 3509 4148 8516 9815 1477 9125 6512 7972 1085 7288 4900 5953 3820
18 5490 9100 2194 4857 2346 3729 7947 7669 5217 5753 7044 3248 9304 6151 6693 6487 1677 5775
33 4816 8512 3490 1032 4049 4006 580 8215 2847 1701 7090 6664 4443 8535 9336 3 9468 6017 1469 5657 5252 8613 6846 8943 7290 648 8206 1454 9486 635 2308 4996 20
33 1960 6638 8179 2694 3303 5110 405 6232 1083 806 3976 3191 6697 1835 1936 850 7885 5417 1445 5573 7359 1377 855 198 8126 5242 9938 2458 295 9608 2550 7053 8124
44 8827 2987 5871 3886 9154 1111 4777 1440 1848 5866 9522 2615 7882 5755 6387 6667 6786 3904 2778 6270 4926 5731 8531 7409 2667 8616 4250 5118 1554 3837 5496 5949 1435 4961 6434 3380 1280 5647 2271 8327 8461 9277 9331 1699
3 7206 9579 3491
18 208 9222 4064 8378 4141 586 6983 5957 3761 9871 100 2053 9569 5044 7039 9517 5065 746
20 4278 1121 9510 7229 6269 8444 6386 8288 4162 1326 6190 3767 7280 2814 6016 6665 1594 6444 7676 3048
44 6627 9102 5793 3965 4527 4781 1010 9485 5690 6159 6264 4700 4805 2924 5548 5368 6720 9156 8180 4618 2150 6290 4266 6837 7523 4126 5707 1216 8070 8810 1533 7083 373 2125 1274 1797 7973 1962 4425 5077 1805 4142 6750 6323
34 3591 9973 8786 4330 7887 5060 5445 9926 9730 9195 1122 2444 2338 1075 4530 4361 607 8868 6332 937 1461 1008 8495 4736 1836 2707 2862 7371 1865 2373 432 7241 3274 8569
36 8224 7590 2002 5784 5454 4821 6425 5558 2295 4791 2861 7949 3192 8534 738 3086 3297 928 9110 6704 4169 9208 2946 5504 6968 3985 5104 77 8717 1622 2894 3911 5918 1356 7133 1120
23 9456 2491 7524 620 4481 4755 7860 9911 3439 3760 5384 2189 2328 6278 9861 8340 8726 2821 8091 8057 9770 7105 1823
28 7922 4094 7392 7993 4924 2699 2872 5625 2689 8364 2124 9341 6404 7489 2027 442 488 5197 3584 5781 6093 7980 5067 229 1093 9638 5390 316
17 3625 8005 2538 6115 2547 760 7363 225 703 1376 7194 7413 2796 3479 6637 240 7264
20 6990 1697 6015 3754 4545 8286 9137 6273 9387 1104 2925 4446 2432 4593 1001 7001 9876 5330 2759 2573
33 6910 5335 4085 4463 9709 9833 5614 3211 5460 9319 4117 1810 6975 3089 408 4811 8416 4382 4917 8772 6962 4202 9096 7786 781 2827 2816 3388 7089 7093 9970 3562 8744
25 6791 4305 8938 5695 3451 683 7025 9392 3331 6814 7794 6892 6001 1455 8524 3621 56 8985 7160 1316 3955 5723 351 2502 835
27 4214 7128 5064 4004 903 3422 2592 1463 7542 5787 3271 5954 6982 1106 6311 6230 4325 6684 681 8100 9854 3517 1974 9088 3637 9726 6690
18 9393 1453 9828 5600 691 5332 3149 9777 427 2811 3652 8568 1190 1940 6260 9374 2593 3134
49 453 2079 258 2349 9204 2126 5331 8236 7690 5708 2938 5673 5113 7223 2685 142 9326 5714 9239 8233 3066 9299 2071 1184 6993 8465 969 4480 43 9455 1049 5209 2627 9650 1205 6235 7774 2692 4576 6022 8333 1139 1926 2372 2724 8959 6339 9259 5293
52 9772 2362 4684 7215 7822 9056 2687 3082 9924 423 1044 5314 9870 7849 3290 7339 500 5097 9221 4408 1348 3220 5688 617 3094 3456 793 5078 4221 2397 1648 6989 7848 5692 2497 5736 694 5102 8565 337 4261 2186 8972 6941 8076 6585 8532 1919 3741 3931 5361 7281
29 3550 7526 9157 571 4704 7385 1074 3245 2735 1332 115 1521 3226 792 2360 5635 7152 3996 2063 9044 17 6289 8322 9642 7181 6342 7825 8865 4374
19 9171 3257 5578 5359 7202 8335 8990 3764 291 4843 592 9346 8162 6533 6732 441 3558 1938 790
18 5035 5529 7721 8563 9021 2800 5893 5531 1212 8860 2922 8625 8 6991 7337 9296 5173 8908
29 2507 8323 1061 7929 6199 5389 7693 5919 6462 8507 717 6682 693 7620 5908 5191 2224 9904 3096 9990 9010 3349 6691 5956 163 1238 6315 5973 795
28 9844 2064 8504 8727 6274 7921 9225 9263 926 1779 5397 4719 6950 7838 7917 1606 331 6860 7537 2353 8380 75 4484 1579 1277 7539 5977 8648
31 3549 6008 7103 6580 1686 6382 7491 4518 5823 4749 4273 4932 4776 2303 8915 5967 5842 2896 5283 3935 8374 9118 3734 1231 1506 4939 2534 3824 8147 4189 5493
30 1610 1369 4327 4701 5852 9179 1551 232 4882 5698 9400 371 1875 9175 4868 5498 6551 7902 7233 5750 3254 810 9173 7898 3856 944 7349 9639 6258 1261
3 5091 7678 6285
19 9298 8519 6026 3045 4034 6277 7061 8973 2164 4933 9668 5607 2422 5511 6979 167 8748 6368 2887
31 1325 40 1006 8918 6856 1141 1930 8992 4355 1667 1204 1522 5372 7294 2957 278 7505 1239 2230 2859 2205 883 5621 2616 7408 9509 9214 8838 8611 504 7390
45 6491 8010 7815 8913 146 3611 2262 3485 1917 7072 3204 7406 533 1388 6231 1081 152 5962 1905 6713 4416 6594 9237 1566 5168 9880 8115 1448 3944 8724 3481 8377 6126 4393 1665 1019 58 5839 9589 3238 4606 6351 3780 966 5275
31 5660 9079 8262 8293 7645 6451 7599 7553 1549 8446 1102 8304 9252 2284 6401 2051 5428 7642 1116 8211 6894 8608 7826 7388 3857 6775 8552 3576 8152 3698 7589
37 1269 8038 9594 6984 3752 3616 4894 7648 9707 30 2214 4995 4682 481 9272 1330 2054 861 4645 1320 4577 1893 8991 8170 1331 3582 4343 7271 451 8771 4609 2251 3536 5687 6616 2820 8939
39 1170 4663 646 61 979 2300 8586 4223 8937 397 3104 672 2241 7272 6167 1302 819 6309 6329 2673 7367 9519 6548 8441 1249 2035 5274 3026 9535 5931 5725 6726 804 4419 4303 8885 1082 5672 7855
36 4767 5704 372 3605 3651 8456 851 8927 1024 8518 1751 3311 6798 5381 1625 9229 5437 5094 5843 9080 6810 6212 9649 6129 5997 4745 2749 9384 8142 6209 7591 7257 6288 9417 6302 3069
46 4763 9011 8321 9625 6985 4804 8697 5303 464 8701 9226 3992 3555 4566 2108 5366 6173 2572 6977 2158 8270 6542 2059 5129 4342 403 2785 1358 900 6191 5767 6337 7790 631 2259 4974 6341 6010 4451 1894 2157 9714 7968 1306 5443 8308
29 5664 3013 1634 4183 2542 8272 5123 7478 8072 9837 739 8707 4612 4644 3181 7755 1482 6915 6824 2379 8178 6405 6614 5813 6621 4218 4220 6889 1374
25 6069 621 2536 5220 3617 7861 8326 1908 417 9893 8088 4773 3506 3237 3099 3405 8442 2643 5148 5644 5162 7002 770 6242 1425
10 6364 5266 1305 8670 1546 8780 4292 2806 1599 7795
46 5185 4794 8346 3839 8643 349 6155 5984 6595 8906 1107 7373 7725 842 8671 5514 5639 7427 8879 5260 6561 8592 7180 106 9027 5329 2033 9103 1383 2604 8116 6137 5972 8678 8337 1130 7974 9827 4676 4456 1437 8369 4759 5543 4553 807
15 5739 210 856 5892 6222 2288 5103 7734 6949 9807 6604 3511 45 3142 8253
21 8024 2698 2997 2378 9515 7924 6522 6036 7467 5889 4462 5322 3903 3995 7981 1696 36 9775 5363 1225 6136
25 2704 7172 4698 3409 7851 5686 3776 7306 9968 247 7732 6092 8324 8533 4014 9258 2589 4087 5757 8306 932 4626 8948 4614 2554
38 9913 196 9969 2040 8015 2833 3567 1420 1746 98 2319 4385 8129 6734 5112 4224 3853 223 1747 8039 6118 5735 5641 9961 2810 4257 4110 9727 6113 289 264 9915 9241 7955 9955 3929 6623 7527
33 762 1773 409 3982 8103 3952 8086 5451 4943 9705 2256 4246 8540 7588 396 2714 228 3194 7712 2569 9413 2337 2517 8841 8741 6180 8121 4878 2048 954 121 4752 9803
28 1879 8694 8799 2565 2445 3788 5932 6068 5362 634 5156 5586 9567 2192 4445 955 6827 4541 8012 1403 4785 7673 9573 3107 1226 5476 1950 2210
24 3251 2927 2339 1037 7854 8576 477 7522 2031 503 5268 756 9697 7886 1780 8487 1811 7697 5423 5348 2196 5339 2441 8371
35 1018 6952 3624 8655 5119 5143 3495 9778 4739 2602 7699 9477 1685 4660 4019 2428 3687 1657 4461 9660 6668 2668 3771 8541 706 8372 2608 3480 4702 4725 1898 4846 2617 2238 8594
46 5576 2971 7901 5702 5497 523 343 6272 4870 9170 3077 800 8899 526 5630 7455 1409 4948 9503 2084 4384 6839 4636 1666 9706 6020 7443 3070 4535 9941 2127 6194 5079 1547 2725 1952 1739 7317 1929 4721 4945 3618 1570 2840 224 7739
32 7077 1867 658 3106 7746 1966 536 5243 3036 8735 8185 2190 2043 5517 7075 3986 1914 2473 9601 5763 3707 4086 3832 145 9123 6545 2747 7951 7888 5159 8638 638
27 5970 5800 569 6108 6163 6932 4457 3160 4613 6353 4029 4005 2881 3997 8631 3623 7176 8872 3113 3519 3685 8181 507 7691 2619 6972 2528
28 1670 5837 8025 5096 9981 3663 8546 7966 8672 111 5608 4351 2222 2690 4468 4191 3256 6310 6986 6944 573 637 755 9220 2822 4242 1575 2824
38 2669 5756 1158 9738 7792 2335 1679 9474 7372 7118 3786 8547 267 8055 260 4750 7221 6204 6625 6325 6226 1380 9322 8749 4902 4633 7068 6495 1152 5057 3587 6702 8365 6955 298 9885 7708 2221
35 5 6474 5589 313 8628 2024 5453 3139 7168 5116 206 2223 7378 2452 76 8264 81 6385 1353 151 6538 4036 682 6380 9493 8250 9874 3521 1895 5724 8904 6631 1727 6075 1545
18 3325 5301 1561 6251 1975 2117 401 6911 1215 4557 4844 9501 9808 8480 2697 5370 4296 5547
20 3942 4043 3320 6601 2402 1721 2254 3805 8343 6801 1 5289 5588 6929 5020 3807 5430 5040 5912 8824
26 9609 4585 3319 1057 2941 7165 8813 5594 4442 5073 7883 8177 9185 6483 7131 7567 9115 512 8634 7738 7782 8402 5616 1147 6518 7228
40 3345 8551 3333 2411 9872 518 519 3721 9492 6253 9475 5585 2842 9889 8205 6359 9348 6537 6501 3902 622 4666 4872 3306 6648 8930 6926 1034 4881 5140 6560 2612 1413 8845 4799 7800 5373 6124 748 9215
17 3168 7239 5426 2388 5875 4421 1607 1031 1460 1776 2166 761 8956 992 1175 3341 8330
28 4017 8614 8468 3732 1965 2274 5234 1681 6412 8418 3120 4579 3878 4605 2731 8414 4279 9982 4850 9740 3791 4 5836 794 8964 4987 8884 8269
27 6333 2787 8739 4591 3277 1379 5153 953 6421 8004 2173 8189 687 3090 428 6666 8047 5475 5447 2331 238 538 8641 7756 1691 4766 452
42 5650 24 7514 2179 3565 1417 3660 5308 9086 9430 4295 508 4390 4532 3974 3014 3222 4908 7323 9282 741 7827 3416 1532 6562 7436 1076 3317 1278 2151 7847 925 7698 9405 991 3056 5610 2637 2908 9172 9181 5979
29 8102 7250 7035 7941 9032 2021 6192 8098 3542 4521 4216 6809 7639 9576 493 8040 8090 1702 784 5779 7466 2229 2557 6692 3179 9206 2450 2005 1022
11 5008 9197 8133 6517 5653 1478 7368 6354 4723 4341 590
25 9288 4797 9368 9912 7159 7432 5282 962 5114 6033 8863 6961 584 933 2291 9972 6727 9989 9841 6352 8136 6343 5478 7343 9719
30 6660 9039 1341 2664 7623 9312 8792 3705 6900 7844 9593 6030 3672 3372 9894 3438 2398 2052 6094 486 3836 9161 9372 8344 654 3702 8893 6723 5485 3378
29 8750 7494 2475 6091 9305 123 1419 7004 780 7365 7564 2775 6600 7347 6904 4061 2721 8523 7729 5857 2485 7185 1351 8999 171 9308 3850 6999 4091
27 3152 3843 8796 6122 1550 4056 4428 7895 6762 3826 7320 7236 1192 6154 5927 1669 3598 1743 1495 6524 8834 242 860 9739 4067 8044 9999
36 2984 3053 3602 63 1427 9751 7971 4940 1324 3849 2487 3516 8622 9611 3604 4770 5776 8114 6620 1616 6852 2358 7529 5181 5950 1615 5947 5047 6918 9643 4886 1983 5841 1705 8195 9637
43 1807 3927 8289 7884 6319 1660 1741 5391 6566 2766 1827 7421 5355 5620 4740 8488 767 7490 9357 8026 361 8254 6840 6920 8936 8389 7046 3085 6481 8668 653 7959 8166 3217 6050 9014 1497 9560 9765 4275 6606 7302 6675
31 529 2614 7311 1503 5066 9310 1319 3629 6497 3813 5247 314 5238 3722 6661 1253 4921 3260 4177 7279 8349 2574 8240 2597 2518 7235 4192 5790 5877 8654 8210
23 8675 3295 3024 5933 9746 7110 6378 587 8360 9818 5427 8690 4381 8732 5604 6867 595 4432 2864 3084 5726 2890 5434
42 3817 7342 7651 6940 4115 6652 9457 4575 1456 2404 6719 7511 6248 341 5705 1725 7701 7829 7287 829 5819 1831 9054 8065 5016 8721 8470 2185 3912 7441 2889 3441 3250 4466 323 1442 3488 8633 1698 5407 296 4013
31 1815 2817 9937 2681 8060 7217 1484 7498 4082 8667 319 6411 7019 1979 7577 9804 4810 8605 6184 8313 6211 5740 9542 6394 9250 9007 7615 5253 1230 1137 2103
40 7327 9003 1028 8234 9107 2653 7150 412 4171 1036 824 7486 6446 6891 2057 5075 561 1572 505 5405 7626 6741 3262 5452 4322 3765 1628 9422 6442 6183 9366 207 1094 6072 2333 1009 4823 8331 302 6717
29 47 3829 233 4475 1613 2364 5528 2960 5347 1270 380 5500 9295 9957 4136 8410 6301 5946 6679 1596 9758 9984 7659 136 1488 9210 898 5606 8923
43 8019 6396 8362 457 2147 9104 7142 8784 6207 305 1070 1538 2910 4815 7397 1786 982 7689 3529 609 4711 467 5033 429 1317 3022 570 4543 9791 5747 4692 7308 8002 9074 7604 8350 7905 4506 5302 3633 9676 4817 3275
33 2607 8475 4944 4679 1245 5177 659 3384 1198 6579 4319 4809 708 1687 8150 7660 8113 9053 6886 8871 3344 8740 6147 5683 8849 8454 1161 1822 3002 5312 3679 8001 5398
31 9801 6271 9418 864 4239 4093 8148 5023 7967 4063 3100 2478 9814 330 9883 8387 5845 6733 8498 6241 8983 7893 2136 7258 9580 321 1234 1760 6257 8797 7036
28 3877 8946 4363 5684 1724 7570 52 2505 9012 9155 6902 4362 9925 7960 4262 6267 2876 999 8358 407 3335 8756 3922 7753 8083 1149 204 5545
37 5638 517 3770 2324 4825 8220 4207 2416 3177 7009 4989 9598 6618 9921 2931 9065 5556 714 3231 6554 8815 5365 7057 7012 5429 312 7896 3943 3301 1295 6617 1183 8931 9669 3716 1633 9909
17 1386 1272 4002 7897 8886 286 5458 956 6836 1626 524 9802 6591 685 3727 3934 7989
32 2677 9158 5192 194 5100 9452 871 5749 2751 5081 5004 7137 6482 981 2594 1301 6371 9994 9408 7520 2003 9667 4508 5469 9605 324 1333 8022 8123 3140 8384 8375
18 5090 6777 9419 1346 743 5540 8933 2025 8693 5693 9575 4039 2149 6205 1529 2264 2590 5903
18 7962 987 2809 7938 7515 5969 6297 3553 116 2255 7124 1483 8341 7892 5204 1400 1092 535
36 2883 5867 8105 4672 4620 3680 2911 3371 6641 9863 5032 7198 9447 8347 41 9244 5559 1511 8679 9897 732 9470 8439 2882 1586 3158 8846 6107 8139 6792 6388 9443 858 3987 7304 1931
17 7449 5938 419 3622 4392 9881 274 6426 3808 9134 1692 6658 6515 2678 9954 1452 8612
24 8774 9666 1800 2269 4135 9846 7704 7439 9619 359 8596 8819 2365 3309 5002 6781 3003 2609 1703 5505 5814 5111 828 2055
15 5975 1186 8588 7754 4483 4952 8496 9529 6899 3742 3283 9745 6104 3643 5563
28 8239 4230 4936 9798 2187 9888 308 5287 5658 950 5913 173 7743 5565 7284 1539 4124 9423 1385 5820 9248 7161 5910 3769 1731 8299 2029 4315
26 9464 1587 6866 282 1494 9164 6905 4119 6348 1345 711 2648 1155 3940 509 923 9839 9835 5085 1964 8805 9028 5176 8764 2708 6018
38 4449 774 4659 6885 7301 8660 8128 4713 1430 7196 5827 3959 4522 8768 8647 7970 5472 1915 7944 6797 385 848 2719 7845 3915 158 9500 6490 465 9534 2022 6696 3889 3356 5230 2329 6322 7834
23 6471 1142 1530 8329 6377 2074 3027 3038 4680 9094 4458 8014 3037 5761 9 1820 6688 6995 7146 9253 8778 4271 4729
39 5791 2034 6663 4143 7450 137 4536 5442 9412 5759 3951 9473 7136 202 3445 852 9720 6393 3208 2434 7021 9441 6826 9218 3278 2926 1304 9426 5349 466 3948 1375 9294 8307 8751 7030 6770 7533 2709
45 6582 4899 4677 1486 6896 7495 9427 6784 1013 9945 9043 2351 7428 9303 8887 3772 8474 4594 9948 567 4656 2438 455 7631 5915 4806 2083 8914 340 546 2906 9343 5333 2423 7038 7932 4460 4735 3234 2133 7863 8941 9131 7766 6185
28 4782 4935 5158 5794 8830 9199 6671 521 9556 326 1014 9260 7654 9037 8807 9959 2629 5567 7058 7686 3414 2437 5231 7415 3136 5486 8247 9287
21 9152 8437 7362 9933 8916 7531 4229 3852 2037 7797 5276 1704 2091 1390 5342 160 8336 7049 5575 86 2746
14 275 9379 2430 4603 6046 7387 2888 6034 7452 73 6874 3827 6650 7307
41 1891 7000 6040 4798 5015 7429 6718 5741 847 1866 8081 9460 9810 3163 7778 7576 927 2855 9718 6746 4422 6931 383 8530 7043 6766 8722 2918 3247 3150 5455 1600 9373 1337 3464 1748 9097 1347 7641 5198 4197
28 2530 1885 599 7122 5965 6653 9193 3574 2898 7679 2663 3762 4272 4412 6276 6478 5145 4955 647 2943 3087 4172 2836 9063 7899 3737 3804 7173
24 6479 9929 8281 7391 6873 1756 849 6927 4158 2728 5675 8719 3227 6102 7803 5187 9673 9356 3060 478 2012 3983 2249 7909
32 5825 9524 4441 9773 1796 1016 2122 618 1128 2875 4595 1999 4231 8438 7183 2270 8256 1577 3537 7050 3361 8400 1808 548 4632 4927 2679 9597 3514 4479 3021 0
37 3833 9826 9581 5236 4255 7214 8823 320 6850 6298 2407 7662 2261 5262 3401 6144 7605 4651 4076 1201 5624 6324 2903 5850 5951 9342 5691 3600 3718 811 3994 4540 3224 4691 8497 737 6870
26 7796 4409 1271 5418 9853 7804 9471 5223 5696 7705 5292 7737 3589 4596 8689 4251 4625 7818 2032 269 4122 6063 4670 3535 4757 5682
20 5240 5480 301 8399 4497 6219 6737 9338 6914 350 1334 6391 1446 3676 7375 4243 9061 5224 1658 3950
18 370 3332 8510 1023 1123 1787 8788 9148 8428 1603 4727 9788 9122 7607 9787 5334 6895 7789
15 8227 6953 1405 4288 5519 3298 3548 2098 416 8619 2354 8677 557 4156 7836
12 6188 6216 7557 6849 7479 7121 3725 9360 5782 8396 7824 8303
26 895 1502 7140 5297 3008 8458 5941 775 9506 4369 8429 4371 5245 6181 4942 6081 6880 6431 3644 2976 9178 7991 51 7601 7416 4022
41 2382 8604 1422 6966 9761 9662 2107 8383 2482 5210 9333 5633 4372 7688 1040 4981 7852 4227 1693 9353 3738 1241 6715 8859 22 6496 5999 6027 2765 108 1671 2406 9991 1144 1645 6468 3280 4298 5659 9591 4042
25 9436 7092 3166 3510 1508 4335 5374 6694 8361 6037 309 7203 6510 3240 3426 6133 5848 8696 8855 5562 9760 6055 6105 9531 7482
23 2548 5928 771 5810 2561 99 7232 6110 1736 4205 9359 2532 9562 9339 4055 1467 9399 5259 8311 7144 3252 165 9887
27 8587 4728 908 5424 378 7062 7006 865 6243 4134 6729 1553 3999 2323 7802 9640 6624 7283 889 7907 2582 8284 2350 1925 9465 9381 6610
38 502 846 5849 3958 3572 9774 6674 2279 6563 2651 6970 6202 3790 4097 6430 6659 3782 353 6947 5958 6751 8843 7081 5863 890 6374 7935 6758 3164 2317 844 964 1569 8570 6166 6988 2499 6073
38 5605 7319 9713 6740 9784 2531 9114 551 4159 9988 8260 3186 6871 9494 1716 9977 1512 582 388 3061 9135 6574 3706 6127 1763 1933 6564 7500 7022 4498 7026 4120 1473 7029 2019 2010 2114 4157
19 6922 4153 5261 172 4890 9631 8699 6903 3221 8773 9848 2433 1882 3868 7496 8295 4010 9940 6060
14 4379 9587 9651 4867 6527 9082 5446 2041 5574 1688 8769 5789 1753 1284
13 8412 9944 2605 6578 4673 8351 754 5840 6689 4624 1785 3748 9723
34 1737 9983 5061 4919 1197 4163 779 9796 4429 3304 2142 2146 6728 2315 6460 5160 5300 2148 118 3890 1816 9309 9539 3145 5098 8579 5770 974 4556 8567 421 3223 2773 2839
38 9565 2272 1428 1125 113 1838 4708 501 9036 1834 154 4707 3042 9211 7027 8422 7736 5551 1629 4758 968 201 4954 2459 6346 4590 334 7718 2723 3279 6233 9635 6978 5806 4972 7310 5438 1089
9 940 2198 606 7442 7752 9514 1140 5829 4471
24 6101 6327 9663 2850 6739 8952 67 7811 8244 7703 763 4336 1656 1457 3998 9302 5385 3111 2370 7201 7332 5895 6019 4563
39 1768 7204 7634 591 9942 9572 967 9002 1870 8082 6287 6218 4649 5795 2622 9018 9672 696 2340 2793 7787 4167 8130 6106 7265 9293 4198 8431 4681 5199 7945 6845 8472 5318 4286 8451 1772 4580 3863
37 3862 5584 1187 6833 8207 4265 5172 3141 122 8901 9376 1041 863 3552 2578 2101 1208 8031 7616 5804 8089 3363 2058 9340 7055 6373 6959 1588 7859 1174 8405 3872 5854 5029 9334 6919 6400
19 2418 2913 8255 8011 7189 1989 3610 6028 5526 9064 4454 307 5251 2553 2096 7244 5855 7115 7405
43 6313 3476 9388 786 9150 6475 7828 5306 6372 6089 2835 1046 583 6864 7104 7231 8593 8728 6013 882 402 6832 2094 1328 3462 6987 6749 6969 7890 5699 7481 3102 9795 3355 4716 4368 2895 6573 1619 7919 496 2779 641
12 4824 7191 2974 1067 425 5076 2701 50 2443 8000 9831 8013
26 7587 4502 168 2320 6951 6632 7952 3030 6767 5768 6238 5981 8982 5619 5280 7730 4241 2290 1765 2879 8527 5494 18 3455 410 9865
32 4931 8354 8448 7788 8682 7463 2014 9851 3165 1874 4365 814 2396 9762 5388 9588 8889 7435 5484 1850 6552 5265 9337 426 7565 8455 7056 5392 8837 8080 9922 9227
17 8212 772 7982 7619 3603 4317 1715 8328 4789 911 2203 4744 4069 7503 7187 684 9520
35 1992 8020 491 8698 8092 6048 1248 8391 1986 5142 5590 9832 342 3949 8167 9327 3270 7260 1723 1535 7720 5139 817 1520 5963 1941 3620 6217 4431 2257 3551 7986 4252 5960 1367
16 6452 5685 5991 1431 4168 5512 5109 7637 8433 2242 8066 8473 3923 5831 936 6817
13 1113 9817 4586 6171 4842 7889 2661 2015 7535 7979 5005 6059 978
17 6541 2947 2662 3487 985 7516 878 6567 6012 605 9335 9799 1246 5225 8934 4542 3128
35 6336 4152 7207 1154 2451 822 9240 686 8803 5730 3811 4020 5099 1971 3717 3747 1352 6763 8940 8325 6531 9586 3796 6611 6897 5105 7543 972 7047 4438 4572 5248 6249 3588 7784
33 568 8225 1256 8401 6162 7063 9691 6811 4977 3364 9316 5009 6117 6429 6143 3050 5291 6286 9632 8436 1466 870 9780 7850 1585 8068 1476 1118 3630 9898 6250 7976 9198
26 9518 5583 1045 7862 7174 7064 8742 7914 5464 8585 3176 2640 2771 9151 6907 8348 379 7125 4559 9006 5521 4193 8561 5665 7242 7969
30 5286 9830 7775 1252 612 5844 676 141 4180 7942 352 5948 1414 3453 5054 6744 5518 977 7276 9622 6082 5760 4095 8388 440 9527 5811 4054 8053 7289
26 4125 615 3294 9951 3249 1039 8334 1689 4037 1321 5000 4282 1601 7082 7532 7267 4128 8817 1557 8730 5239 7084 2962 4771 2172 7997
34 1444 32 2213 7596 2955 1165 9020 6655 1500 5052 9665 5295 2112 3088 545 4801 9786 716 8781 963 2841 6586 4849 1612 887 4512 4505 9223 9371 6112 2266 6499 8230 4308
20 9163 2217 8645 7208 6584 5444 6831 8988 4657 2235 9946 9783 8620 6360 3947 7369 838 3873 7770 773
34 799 473 1099 235 2564 2981 3515 2583 4062 3386 1196 2386 7274 8976 8359 5802 3502 1029 6469 5277 186 5421 7326 2871 4731 1859 3171 3854 8669 6035 7733 6051 479 1801
36 3607 1897 5028 8159 9544 5654 8763 2183 6009 4147 9292 9610 6532 102 6971 9582 5319 6282 1432 1002 8481 3704 4934 114 9683 4827 4187 2753 2870 3563 5926 4956 6539 5264 4140 8636
28 1311 3316 5193 6703 7692 6449 6440 3571 9934 4213 91 7540 3137 1458 7677 9188 5743 7552 3193 1795 9722 8297 3689 8353 7600 7487 5130 669
31 7916 6472 7474 261 3105 8544 7129 9463 8705 4121 6399 629 2180 1922 4089 9655 2901 9101 9866 5039 5993 3538 7748 8043 4313 9756 8986 2733 2865 54 437
33 8736 4597 2412 1227 1802 6123 5235 8842 7572 2675 3459 4895 8421 5907 6540 6128 1955 7155 7592 6292 2476 6470 7571 919 5617 912 6936 454 6210 8352 4813 3417 8138
15 1695 6416 7340 9325 929 7682 6370 3170 1803 363 2368 3777 9029 2381 3367
12 474 6799 8555 3157 1283 9653 7325 576 9358 9615 4918 4599
40 8035 2545 5025 9626 1273 5207 9561 271 7360 7014 668 9902 7230 4344 42 183 462 4914 4832 3173 8981 3957 5169 8393 886 2635 6347 2807 3213 6318 3155 8483 1759 8276 9269 9162 4650 2772 3076 9499
31 4440 6422 6083 9270 8485 1499 3822 8097 7253 5748 597 5425 4715 3540 9479 8172 6459 8023 5879 3669 5572 9512 3501 7769 6099 2818 2228 5050 874 2541 4929
19 665 9688 5851 19 355 4328 9884 7666 5700 6175 9647 1308 6338 5255 7741 3560 2516 3505 8122
18 6825 8413 750 8883 4208 1862 3816 6805 9000 1181 4720 5983 6109 3613 4573 1007 9004 2902
17 2954 6808 3117 3395 6925 7417 3268 7423 4166 3394 9521 3366 2177 872 3898 8280 5147
26 2741 5214 9947 9823 8085 7007 9416 907 2105 6698 1635 6647 5481 2483 1168 4150 510 7512 1079 1752 9623 7132 6268 5546 5689 1855
17 4494 1200 4050 3293 9495 6245 575 2808 7684 8809 5320 8202 9616 747 7833 8957 8775
25 2784 7366 787 4072 9147 7318 9001 8656 4873 4264 7484 8187 3578 7635 869 614 5623 2440 736 184 5609 8685 8221 6761 438
17 2207 5904 7573 2716 726 4071 7661 6450 8953 1880 7031 1877 6467 3390 3941 8538 7742
17 6930 5668 9409 1159 6161 1393 6504 279 4835 3308 3368 127 3161 2204 594 5631 9317
38 2744 7728 7266 3530 7399 6851 3285 2017 2000 4195 516 1518 6743 4845 8259 4249 2537 433 830 2657 2195 3648 4519 7891 288 9420 9093 5186 2425 1819 2757 1296 9736 7544 6334 1923 7767 4695
14 96 8079 3779 1515 2885 9927 5762 2995 7946 3400 8755 7059 8900 3264
7 5632 8578 5441 6509 679 6158 7881
33 2512 365 4253 2539 560 2919 1994 7506 1058 1355 6649 8466 4100 9657 918 356 520 2996 2085 1813 8776 4146 5080 1519 5170 3759 5115 185 5774 8718 1987 9875 5030
24 4435 7296 9797 2250 1447 6402 2060 8489 93 9153 6818 3972 1025 1114 1169 4694 5745 3062 8460 4950 9755 257 8282 566
20 1799 4642 382 7403 1206 1381 2515 3842 1632 3210 2584 384 2863 3581 6613 1242 9703 2929 1350 5561
22 9886 3740 6058 1830 7864 7663 4884 5092 2056 8158 6413 543 965 4472 5663 6583 3659 6071 7336 2219 6406 218
9 5994 5667 1523 6572 9275 7227 9644 6170 6419
31 2239 3573 8791 8629 6565 33 5369 4053 7398 3067 961 3891 6237 8143 7900 8051 1101 4807 3708 4433 2877 9892 6876 179 7269 735 8356 8249 8910 6445 8453
18 8873 9255 3146 3783 9046 5943 9127 7618 9314 8184 6680 2160 1410 14 2621 9245 7923 7773
14 3444 8104 853 7875 8018 2899 1052 7857 1339 2683 9129 3825 8392 3284
24 1777 5509 8395 338 1844 1814 8258 4491 6882 1571 4903 7853 5053 9547 1640 411 8056 2011 9877 9659 8061 7772 5937 8238
23 310 2026 8219 9300 3443 1307 3121 2717 6085 9785 7832 6454 9917 7273 8673 4418 3472 3296 6086 885 2770 5117 1713
37 1845 9306 1371 5998 9395 7558 1464 7255 1054 8059 7614 1988 4619 3433 4450 8599 8767 740 5403 2645 2680 7780 3282 5797 1229 8734 5058 791 1059 5752 540 9200 3724 7783 1418 2691 9860
43 5465 9689 802 2665 3112 8822 8713 3329 4504 7628 6437 3768 2851 2082 2304 9437 2167 9548 9068 6168 6196 7497 4990 2039 2248 9320 4920 5411 4828 3175 3315 4244 931 7492 5640 1567 4083 3460 4589 5506 3015 5232 4133
18 7707 7468 5350 1578 6486 4486 6130 4114 4860 1262 6195 3561 3882 1287 2371 471 6872 8171
41 699 7873 2009 8188 3457 6862 5358 2780 5645 8977 7957 6967 4287 8462 8857 4073 150 2973 8970 6530 8357 5872 3450 3199 608 593 9498 2232 7866 4164 7461 6344 2001 7819 2435 778 7377 5203 4236 2595 5376
25 1644 7425 3340 2174 1068 7879 8093 1438 2838 4583 8277 3592 769 4096 753 9483 2642 3348 4234 1769 9978 2191 6005 6782 6721
39 9748 8317 458 8366 7806 1684 3785 3429 3201 4274 5126 8447 876 4648 9928 8099 66 3968 3131 3370 6357 8919 7480 3272 2768 2004 9017 7034 5215 598 6748 5233 642 5270 3932 5022 971 2389 9711
22 8155 1973 4366 7414 130 2392 5655 4401 946 674 1030 9321 3006 6042 6420 2834 657 5925 6508 7462 4669 1344
35 7657 1534 9497 9089 2745 1734 6061 6114 2119 3276 3130 294 9612 2472 645 8935 1423 537 9445 9502 5228 1856 2268 3920 2168 9717 8651 135 1397 5612 6769 5515 1928 5499 7166
23 9349 5211 9062 5477 4992 9899 9116 1017 9564 7872 2137 2560 9009 6165 6062 7418 1396 484 7856 4738 4026 4464 766
26 4353 1491 8309 4628 7400 639 4173 4493 2774 7020 5502 553 346 7646 1012 8766 1069 2715 8536 4106 4084 4340 1162 5396 5344 9530
24 8342 938 1257 7556 6519 7254 5554 7799 5833 6570 8878 4280 4746 8665 4960 1401 94 3075 2073 8706 6787 7218 3255 6096
37 6593 8339 4174 5888 5920 4406 1872 2797 3969 7643 5626 7045 4980 2327 212 2999 3123 1903 5899 7653 3803 5256 4696 1098 4306 237 250 4238 4655 3343 9403 2405 5737 1712 317 8581 2100
23 3795 9979 4515 6097 4285 3566 1794 7245 3674 3913 3025 415 4260 4537 9523 5241 897 7975 9238 5074 990 6160 7948
14 7193 6255 1863 7933 671 2162 619 7638 3169 3496 1050 9998 4802 4941
29 636 164 2062 83 3866 9838 6367 3162 7580 832 5021 9963 9696 6157 5734 8316 3979 2050 8812 2832 8390 7447 470 1026 4610 4909 8404 82 9716
19 7109 6041 166 7840 2355 3682 5537 2089 4420 5807 1934 5165 436 7412 9656 8580 6731 9058 8866
30 9682 9805 9458 8979 53 2369 5716 1789 6724 4060 7488 7015 604 2042 5479 347 5357 345 6428 7582 4487 3671 6436 6998 9008 4905 7382 1259 4210 8897
20 8287 1370 5324 7876 6672 8513 6139 7554 7830 6223 2711 5038 4209 6244 1188 8016 2660 532 8069 8723
27 4848 9234 3757 4423 8720 7322 3823 6821 3746 5601 4387 7430 1651 2756 9995 1967 7224 4869 6261 9563 8785 4293 8844 5212 3465 5968 901
24 7724 4888 6605 4170 9060 3840 2762 3083 4985 1869 8965 7791 765 3342 7622 1790 4774 3881 6447 5786 6535 2734 2794 6465
41 6296 4733 2921 7094 190 6558 5201 7687 8583 1861 1947 9800 2159 9038 4582 1630 8804 2206 3421 7434 7858 7080 434 1264 1710 4699 827 8896 4276 4608 3269 4734 4539 1516 13 8017 1821 9606 1890 7670 79
12 8945 5777 6772 9505 4687 7037 5901 1146 1233 8101 5952 2939
19 9286 4775 4967 4467 5503 2468 7285 2016 2546 9603 2647 4304 2120 9540 5290 4015 9431 3302 1694
13 2385 4587 2571 88 5860 8798 3230 9685 8246 7807 7458 3720 8553
11 1160 2937 8506 6455 2524 5071 7801 6685 2342 4578 4018
18 3129 476 4953 2644 5694 9692 9490 7210 7396 8415 5420 5992 1749 539 6673 2460 4737 8888
31 812 7578 8505 5315 2081 5313 4831 5045 3585 2828 4263 825 2077 3798 230 4969 6215 9671 6259 8067 4489 5870 4201 8520 2867 7525 7384 3844 6681 4764 7147
35 9411 8649 318 5868 4113 9852 9042 8864 7513 2543 7816 2462 1655 3403 5310 2153 2923 3908 8960 5206 2970 3937 8052 6284 8032 9098 3628 6954 6553 9414 958 3677 6598 1901 246
18 9276 862 9549 2566 1883 3375 4470 2504 8928 920 5856 2511 4190 5706 4137 915 2263 9459
31 4090 1527 8591 4558 3219 5402 2348 2514 6677 1180 1804 4546 3353 2754 578 4847 4658 8995 4283 80 3091 7652 9261 4562 3658 366 7839 420 7424 4199 3609
32 3649 1852 7608 2305 6345 9291 8449 4706 6861 9352 9698 1568 5520 1177 8379 1193 6757 1911 5205 2720 1349 161 656 3590 3784 7504 1884 6463 3376 9905 5773 3520
16 5440 4834 8929 7438 9629 3830 9920 4011 6812 3900 4638 3834 7213 5568 3385 7563
15 3606 3933 3029 7282 6645 9084 6654 1363 9687 5557 9402 1700 9085 90 1399
18 3901 3961 9847 498 461 1620 6366 3239 8007 5189 1387 46 8440 2611 3159 4334 7549 4469
29 2979 9081 2181 9031 1774 9684 8909 7956 7508 5383 6670 6197 5733 9678 7764 9641 1294 5019 7106 5880 4800 1904 7995 7130 8692 1754 344 2624 9840
36 610 4290 4455 7499 2798 5803 2558 4709 7762 3597 2374 2585 6283 7222 8198 5710 9652 5662 9397 5070 7536 2948 8312 7761 6738 1781 5166 3404 5922 6628 3449 87 7470 8754 752 3318
15 2104 6456 7383 2436 2399 5017 4088 3696 6755 8680 6281 5345 386 9066 2727
37 2523 9355 7457 8737 1761 222 8033 9701 9347 4388 273 4552 5678 8708 1266 8237 9744 6121 490 7579 6857 4966 3373 1232 1504 4200 5305 9112 6699 1485 6178 34 3918 1434 8924 9324 3694
17 768 6169 9182 4247 549 6141 3307 9108 8559 8968 2067 4415 287 1675 3577 1214 9793
21 4300 9976 9429 2892 5738 9559 2426 1097 3436 2791 7102 1932 8071 217 6705 9695 2567 1631 721 5378 5533
25 284 1209 3869 3334 9090 601 2293 5523 7456 3710 3425 1194 8420 3116 4874 7680 7098 9111 6800 1857 3212 4413 1179 5450 6753
3 9180 6410 6321
18 7808 6409 7528 3188 2915 4426 782 3636 3991 9478 3428 9143 2958 8793 2092 952 4254 3700
14 3910 5582 9030 4637 2874 6916 7078 777 997 3473 3841 5285 4588 2212
9 5615 4033 922 492 9943 6427 3452 5869 8602
18 6842 2 5799 3005 6590 306 9159 8867 3973 7333 2990 2884 7925 2309 5487 2575 8743 8107
26 3692 6815 2857 877 4964 1105 178 2900 4526 4259 4710 7065 8432 1167 8912 4396 2311 6802 5656 2712 7330 2932 2562 5722 5703 4312
27 7237 4024 1199 2345 6875 9192 1047 1597 6597 6735 2722 147 5727 5216 1394 3731 1944 2790 2234 2466 1145 9469 7091 5298 6785 3874 7655
4 5929 3196 2736 4818
7 3758 951 8229 6879 1907 9073 6544
19 6200 489 9480 8902 904 2470 3072 5809 2018 4436 4291 8903 4858 2419 2789 2803 1766 2636 5281
14 6822 9757 8175 2761 4665 3966 514 5921 2758 894 9242 3078 6432 9873
19 8296 2285 3398 1775 3675 3054 8298 9361 3583 7750 2992 3925 7636 6067 6747 4788 7575 8223 2161
21 4667 9313 3699 7088 8111 4930 8042 506 6398 8632 6529 1842 4046 7353 8030 4851 4743 5271 1303 3964 9174
26 6633 8659 8926 565 5018 3471 6783 8584 5124 5717 5721 381 2359 6526 2383 3756 315 724 1065 909 125 4786 7658 9856 6275 9908
22 700 585 2115 5719 159 3016 2316 563 2220 4685 5194 9410 7033 8917 2086 801 7785 3599 7541 4547 8355 2481
37 9144 3114 633 697 5093 104 6708 3851 9078 4602 3875 1711 1593 6716 3557 3396 7048 661 6924 4007 4584 3007 6939 4643 8691 6609 9284 252 1490 3924 3667 2510 3668 1943 4524 4837 243
3 203 7912 7990
7 5343 6120 7716 9903 8894 3241 4009
36 241 8407 3988 187 5765 1138 8204 9735 2143 2401 8856 3068 3989 8049 5043 5566 689 439 95 9680 3004 942 6356 4099 7334 249 8695 7726 4571 7179 1260 6957 4627 1924 2489 988
11 2917 48 5367 3463 7321 734 5226 9858 7656 4569 4065
16 2111 1314 9071 1970 7448 2123 6804 975 4080 2852 9165 5996 970 3556 8494 364
16 2129 9035 1543 6711 475 596 3454 744 422 177 5309 1864 2390 2467 2904 4796
17 8840 7934 6156 8502 823 5184 3424 2102 2916 6025 6125 339 2969 2587 155 8419 5985
31 527 2296 138 8747 2068 9254 9768 8826 1707 3775 7220 7695 1402 9205 7143 2366 8373 9424 3174 4204 7502 821 4452 678 2674 6776 7715 215 2215 8537 6224
12 2986 2176 6414 3594 9907 7177 695 2095 1556 2860 6525 8144
19 4107 9267 9890 3865 2599 1876 9935 7444 3406 7870 1218 5340 552 5522 1531 5336 7908 2506 213
28 7389 6240 4233 8271 8711 1407 7465 1243 9628 4549 4109 1627 3216 2118 6712 6375 4718 7298 1424 3916 8241 4634 8725 6820 2380 3011 7324 9091
19 9265 6135 5651 7837 1637 4066 4309 6134 5371 8028 272 1072 9930 7169 5622 1591 6038 5196 4999
12 5137 7117 730 7903 6639 6909 7507 2501 6056 4986 3845 7453
15 6003 6305 6331 9283 9526 8832 1871 7401 2231 3135 2737 1717 4070 6103 8037
25 8951 3205 572 5507 3885 9980 5107 6044 7965 3314 8252 3919 8173 35 6476 6182 5360 7994 916 2652 9554 7510 6602 2702 180
17 9550 6657 6002 5041 1750 8273 9023 4318 9879 2676 6254 875 9602 2471 9584 7016 1389
19 9077 1676 4664 1090 8573 4048 7569 8831 6473 4058 290 4703 8650 1449 6203 9367 6549 105 588
19 5516 8652 7493 8425 2245 7805 6488 4394 9345 9845 6039 283 9228 2632 2023 8922 8958 8794 9142
8 8382 5835 1505 5218 7779 4105 9247 4411
13 1489 3657 3253 3092 7920 6536 200 5535 5818 9658 3381 5278 8757
9 2519 9869 9617 3498 6912 7309 6280 1771 4887
20 9712 1263 2078 511 8285 2072 2006 4258 9183 245 8200 216 1501 624 3794 670 7547 7060 5527 5026
7 387 5838 1664 2477 2332 7013 3614
15 5628 7911 6634 368 3065 2776 8814 8760 4044 120 4101 9236 8811 6395 5379
27 1595 9864 277 4038 2559 9139 9546 6816 9769 7246 3646 7810 266 986 4653 4314 8257 8261 7927 1564 9191 4906 5495 905 1182 6142 6511
28 7451 5847 8566 8063 8590 5881 5909 945 7134 3993 6265 2577 8484 4248 7162 7344 1251 5263 4302 9528 1471 9570 8603 8545 9728 3963 4482 8627
28 6765 4975 133 6485 921 9992 8112 3266 2299 6381 8731 6877 29 4826 7263 1211 5611 8194 9679 9421 4035 5132 6806 4876 9233 6928 1985 1649
13 6695 3743 9219 7683 751 2429 3513 6571 8529 7114 2718 5007 9315
31 1066 6642 9406 376 37 6956 5387 4629 9166 677 4959 6457 5213 9045 7190 1176 9974 6279 5161 9466 3133 435 2893 3859 9896 3108 2649 2854 3714 6714 8208
10 9538 3946 9186 4855 4495 6023 2171 2141 5222 23
15 1364 8214 5400 2788 7379 2706 9809 3639 7647 9136 254 8984 1980 8459 3936
11 5553 8300 947 8761 1592 6164 1338 5180 839 1918 6945
35 2551 8787 8996 7710 5751 5106 649 483 6780 7594 8134 4507 4863 4661 8955 8157 5808 9508 6392 64 2424 9816 7085 1889 5219 5188 7370 5906 3209 701 5183 3467 6299 7067 414
10 1051 4059 5299 5433 7119 6220 8962 3197 3147 9868
18 7609 8509 4756 4819 9140 1537 6596 8882 1968 7501 354 9246 5167 6963 6308 4822 9363 5945
9 1778 3362 5351 5267 4561 2076 6629 3532 9385
6 8890 6829 1770 9975 4477 253
20 7249 1528 117 6403 57 3893 1412 1250 5636 7156 3461 2729 1224 8182 74 3182 1896 8542 5824 9621
14 6004 9819 3867 9289 1833 3821 5406 4652 499 3328 857 1963 6054 5307
16 1286 9481 248 7988 9965 7998 2395 5649 9015 9790 8932 989 9268 1767 8987 9083
18 8243 8376 7640 1995 9543 7070 84 4693 2967 7629 1223 2297 542 9496 1357 7551 9634 1498
16 2375 1475 5014 300 1335 1563 893 1220 1222 8869 3101 7763 3377 9167 5483 4359
13 4717 5890 892 2963 497 6208 5783 1981 7226 8816 2580 3547 332
5 2275 8801 3654 6415 4838
6 4528 1745 9731 9985 2178 6974
26 8681 3753 8642 3411 7475 7585 8190 8263 3057 3938 374 6247 5861 3051 4854 8302 1406 718 8615 5208 7602 1005 1392 3233 3470 2414
16 6807 5712 1978 4520 8820 2738 3267 2464 6138 3482 5990 7066 4784 7278 9075 9425
11 1178 3855 9737 6172 7381 5279 3044 1110 6771 4256 1920
6 3420 9121 1062 9779 3052 6326
9 513 3879 3512 9627 2952 2377 6031 5709 8192
19 2008 1100 2020 3442 3200 9382 6053 7471 7759 9202 1589 8073 7234 6021 6730 9859 4957 1840 4646
18 6607 4525 2278 9207 7548 7445 9450 7135 7243 1384 704 7823 5466 6201 9278 3907 9224 8450
8 4331 6946 837 4879 6307 9511 3358 8426
24 268 550 5771 8075 9370 4404 7555 1441 4601 4346 8146 9987 896 4410 1733 2415 6893 5087 9394 8521 8094 9789 6888 3228
17 6901 4833 8292 6024 9675 2520 5955 2465 1299 348 5375 3203 4792 6361 6132 2930 9019
13 8435 6913 2907 4937 9654 156 935 8782 6523 6865 9328 3939 4979
9 719 4630 9620 660 9087 5409 7316 6848 5541
24 8854 4437 5227 303 1609 8630 109 4228 1993 8406 4910 2036 1910 4349 1267 3418 8686 5182 3596 2781 65 4008 4690 7668
10 9249 8203 4511 444 713 1276 8783 3466 2281 949
3 4414 2581 5579
9 9256 328 1984 2783 8806 5713 5012 1109 2233
6 1900 4742 9274 6252 69 4078
13 2949 2135 8703 3410 1888 157 5539 5598 6424 7768 3564 1565 9752
8 297 3055 4377 3693 6150 4307 8370 6745
13 8149 627 2934 4139 2106 119 6076 7041 4724 6843 1605 8367 4875
5 3156 7270 175 4544 1997
4 4829 2357 3541 3190
11 7357 9996 4839 3739 9216 7685 8310 2603 6710 6119 3544
5 9901 445 3103 2920 7913
1 6438
1 7005
1 7936
0
0
0
0
