25 6520 7985 2982 5976 3818 456 8479 9482 4179 9923 6087 1647 276 9301 9377 4476 1403 710 6348 9638 4268 136 9796 8131 3569
10 4201 1008 8495 4736 5250 1000 8397 4013 4846 8022
30 7846 4000 8998 5959 934 1788 7045 1930 5954 5474 8683 4250 2994 8469 6760 9704 1309 6225 5178 6834 4052 9827 12 3690 4911 295 9476 3857 6342 8789
43 6556 3579 1354 8745 6078 6645 211 4898 2090 5063 8808 2498 913 4320 8753 5200 8041 2933 9444 5447 8226 8639 796 4928 3320 4484 8836 3954 7008 9690 8168 4545 3349 9568 818 4305 7393 5790 7825 3643 3618 7441 6111
27 2015 7483 590 6648 7478 8072 5599 695 3736 2454 8200 5813 5490 3265 3046 9057 5046 7530 1378 9656 8385 3860 8098 5244 6494 8480 5020
19 3807 2792 5634 5449 7700 8088 3774 5570 9501 2813 7410 6521 6088 757 2679 5108 7601 4891 4243
45 1472 4297 6858 6844 4607 7361 5049 3655 2849 2066 1124 5128 3427 3059 6559 4499 7024 8661 6349 6082 7173 6766 8722 1071 5552 5051 7964 6028 7044 3248 8714 9271 6943 6365 8240 2597 2456 6635 998 5876 3218 2658 465 3204 142
33 9326 9472 292 7386 2156 5542 9720 6393 1650 680 1064 7464 9750 3686 7431 4281 3113 8707 4612 2219 3825 6954 2604 602 1148 9650 5760 2540 5398 1718 8947 7937 1948
27 1336 676 9415 5337 3673 930 3977 4997 4751 8500 8054 6912 2486 101 8154 9766 2253 1573 1726 1909 8122 2138 2286 1646 5665 3883 4538
25 4836 262 9670 7992 808 1088 3733 3633 3139 7168 5116 7626 1798 2535 2265 3755 9585 3478 3687 3259 4319 8957 9334 557 8700
22 1011 6593 3430 2201 5311 5980 9372 7097 1817 9997 910 3688 2656 5874 5939 5543 4553 5629 4186 5841 7404 8217
28 5898 1289 7354 6709 8738 8008 2670 4567 7871 5353 5101 9160 753 9483 7671 3718 811 4129 5591 9749 2408 8594 4716 4479 3021 6467 3969 1150
49 5999 5746 8746 2287 8283 2336 9428 1959 9702 9105 577 5473 6942 3336 1001 1207 836 5669 9435 7407 8064 7113 1440 1171 9176 1887 214 3382 840 221 9348 7292 3822 8781 9257 3749 6933 9172 3604 5846 7184 3522 9792 7896 1137 9536 9753 4292 7986
28 5650 820 5284 7042 2688 9067 1371 5328 3763 1929 4721 4257 4110 3485 1917 8579 9714 4662 5657 1701 3184 2157 8612 5390 4158 7161 8147 8543
46 398 5321 2344 692 1881 4289 4104 1902 3615 6477 3523 7427 6186 9184 8614 8468 3645 9630 960 4324 103 6439 4182 9398 2795 1659 420 414 5333 3480 4702 3928 6895 7789 9596 5415 8858 7606 431 6212 616 3880 2627 9329 1038 6870
46 9968 4267 9834 5404 4965 7420 9314 5546 9134 1692 6658 247 7732 6092 8324 8533 8245 5679 2767 3810 345 9939 8658 8050 1084 4514 6557 1809 6660 6568 3876 1366 5923 1514 6246 6492 1837 9831 8152 8163 3664 7783 20 2509 8019 3617
22 7861 3586 9949 6795 5613 4617 5532 4092 6651 565 8643 8969 6960 6397 1279 1998 5471 626 4047 5697 2169 3346
29 2047 9279 358 866 9836 7238 8861 2237 4984 7598 6619 1510 6469 3351 5549 4820 3751 6363 3347 7706 8702 6646 7148 3613 6429 6143 722 4799 7049
32 9104 7142 3311 2420 1507 6193 1806 8197 3489 4453 3703 4001 8045 3261 941 2442 2413 4689 5674 2236 1060 9741 8482 4963 4077 3389 1559 9201 2448 3286 2055 4103
36 7430 6118 5735 3000 4971 1611 1359 1986 8010 7815 8663 5701 8833 7835 3635 5986 6588 4100 6548 8441 1249 3920 8084 1661 4284 7295 5130 9117 3313 9494 3185 7533 4332 231 2964 3619
28 2503 2500 8840 3431 9813 4938 4003 6098 547 5680 4395 8733 89 3809 2721 5641 813 5152 2876 31 2007 7568 5637 1087 2130 5173 3631 7223
21 2685 5801 7559 7145 906 6906 8620 8343 6801 7678 5891 8308 3548 9984 2836 5446 6260 9374 5538 5953 4120
46 67 851 8966 8870 1957 4212 5924 6418 3180 4555 8127 8363 6854 3723 2845 9232 2197 6938 6869 2993 3458 3125 9467 8626 139 3641 9725 3568 8132 5897 1793 1021 7771 7634 2301 3172 4780 9673 432 4606 994 8185 8850 7111 2273 2163
5 3647 9231 5190 5438 5071
18 6547 4973 2088 2394 7566 4533 4949 1706 3656 5935 2372 2724 8959 5563 2134 7375 8556 8377
32 4966 399 3744 3148 3484 6742 7477 9986 3077 7699 9477 1685 9803 6644 3683 5691 3600 430 1278 621 2618 8120 7472 1579 2145 6631 1055 7831 3097 9829 7460 1134
33 5882 4581 2705 2628 1156 9735 3088 2184 6395 979 2300 5225 7850 7705 5292 6964 1751 9764 6390 1210 4904 8657 2925 4446 2770 325 7722 5342 4641 5294 8301 2508 7036
45 8038 9169 8852 4485 749 874 3298 7003 8248 4383 197 6350 4373 8125 6968 3985 1237 1740 7727 728 1493 5720 4304 7731 9663 2850 111 5964 6991 2502 6664 6428 8980 7906 6291 1287 8925 9940 3712 6507 1261 7795 4156 638 2225
39 6425 1391 5702 56 1194 6630 2646 7408 9099 2648 7394 4852 2529 9513 6516 148 451 2859 7521 6065 5098 3483 3800 5236 7291 9040 4337 2747 7951 6789 9776 8690 4531 8674 9396 9227 7527 8178 7115
46 9886 4719 6950 7838 7917 1606 331 4226 227 5457 5011 6459 9599 8664 6587 2732 9383 4118 7250 2226 5405 652 9059 1742 9376 1041 863 3552 312 6045 3369 6701 7895 1225 2848 170 4790 9304 6151 9454 2659 4883 6210 3562 8921 8740
12 2819 3971 4178 9607 5021 6289 1678 7984 2106 2053 7376 7713
31 252 8400 9106 1709 5377 733 1954 1436 1054 8059 4857 2346 8394 5714 2592 3280 7943 3037 7953 9486 635 3110 5395 9168 8613 3126 2227 1006 343 8862 1558
44 8417 8164 5408 6129 881 3831 3967 2675 9904 1318 522 5401 7490 9357 8026 7539 3380 4169 9208 2946 5504 9961 191 4983 5883 723 1961 7123 4216 9390 9717 5682 1191 1120 6998 2586 3095 1939 6458 3535 8087 1705 1343 5672
25 5881 422 5853 1956 25 707 3023 2843 3917 201 6713 4416 581 1185 6091 6273 3360 5153 6981 5944 2823 8082 5325 4929 5254
22 2110 4654 299 6506 3236 5989 3447 448 7597 2549 6320 5072 327 5059 8572 6819 3528 3984 6919 5458 2410 7252
34 7877 2600 9378 3981 2959 4181 389 5352 2972 2626 7076 4968 7939 9209 4604 7153 6174 5791 999 9154 6980 9373 1076 8983 9120 9794 6616 5460 1212 3014 778 3069 8331 7093
28 6971 1277 4229 1477 9125 6512 6921 9842 1728 2968 8759 4812 9433 9453 4722 9781 9448 1163 2760 4768 7247 1818 8235 534 7179 4237 9076 7621
35 3119 7918 673 1102 9767 3019 9141 9297 5042 4488 1690 6234 1429 5144 5315 8841 8741 6180 8121 1708 9878 9582 5319 7863 2590 598 1821 8606 6057 8541 9507 6853 263 6750 2840
15 382 1949 3446 4726 826 4040 1381 1416 2309 4341 7147 3028 1327 3514 5646
41 5141 4564 4840 1608 8209 2956 761 2449 7199 6266 3601 3437 8600 5151 6116 742 9171 6482 981 2594 1301 6371 2351 51 4345 3438 2398 2222 3935 8398 6017 2691 3853 861 9051 3287 3591 4241 7436 3994 1569
21 8950 1003 6550 9699 3608 7926 1851 2202 9532 393 2283 5580 5817 702 3995 1112 5147 7182 3892 5293 5370
28 2765 8294 4793 9072 5525 755 539 2873 3781 7395 2318 2998 2298 5229 587 9646 5928 8865 6573 401 6911 1614 8884 1082 4348 6997 3032 2117
43 149 9266 3391 5354 6638 8179 2694 9821 1548 8961 5399 2260 8193 2763 7874 8036 1584 6796 7603 5966 4130 1329 7072 5583 1045 3479 8378 2312 7625 254 6725 9474 8096 9525 5742 5272 371 2321 3390 9214 4145 9380 4124
39 7134 5484 473 5172 3141 122 8009 378 3232 1313 5778 4294 1443 9285 9919 1812 6640 556 7275 5597 6079 7469 6014 4187 6383 4136 1298 7154 9958 8260 5121 1868 9540 845 2593 3134 7766 1418 181
18 258 2349 9204 2126 453 2490 9133 7297 2826 9855 873 174 788 9259 7087 9521 6569 3870
24 3468 5055 2713 4803 2041 5188 7370 1711 4128 8817 9969 2282 7454 5864 5419 8907 2812 3187 3330 939 7137 4573 8139 3491
39 8821 7167 4356 1878 3583 6290 4266 6837 7523 4126 4787 8944 1897 1439 6830 6897 4769 3081 1538 8778 520 2195 2170 6613 5423 7279 9311 3243 3486 3665 5586 9567 1652 1226 5476 6271 2897 2276 6479
29 173 2815 5492 5772 5131 4925 3475 1860 3726 823 5184 7059 7071 9126 992 5323 4970 5878 2983 8994 2533 8095 2310 3408 8726 1312 1562 6152 5501
28 3884 2613 2703 8601 7999 4880 6601 4277 789 5317 8875 4901 2243 169 360 3292 3725 9360 7813 2049 4568 2786 3107 8770 2208 8069 4725 9430
13 4295 7075 4439 1935 688 2288 1582 5723 2492 6170 5631 2755 1300
31 5221 2961 8520 2936 2753 3894 2603 642 6255 4899 6975 3089 3058 5262 6653 995 5138 1791 7814 4025 3206 4322 3765 6223 5318 6636 5000 756 2262 766 5571
25 4675 3085 6481 1926 6886 1098 1057 4611 6546 1792 2980 1995 2212 446 7480 3272 3887 4310 5666 9 1139 828 8641 1805 5859
44 9318 7011 7931 3434 8492 7225 655 9661 5690 6159 6264 5127 1385 3301 3435 7352 5326 6131 9960 3503 5013 1203 3109 26 1131 7139 7251 9069 6934 2879 2002 5784 3886 2064 1231 6093 6461 4350 1966 3093 1019 3255 4133 6453
10 5295 613 5821 5662 1473 4796 9569 1823 8414 1410
33 8645 7667 2116 9013 7821 798 1744 4321 3338 2989 5154 8623 4389 8810 1533 8684 3899 5867 4191 1107 1680 440 5623 4697 4927 4393 8939 9517 1972 4042 4432 3402 6185
29 8183 7141 2555 2233 2853 7100 3891 7644 987 9541 1773 7241 1099 6840 592 9346 884 8423 9990 9010 1086 9439 762 7476 980 2773 4987 8171 4955
18 6256 6049 5168 9880 8115 9407 9900 4434 1068 1192 712 4451 6448 108 6158 6994 2677 3737
32 7307 5096 3154 4814 5065 1314 7794 8327 6376 4877 1433 5382 28 5780 7359 1377 5110 5410 5787 9973 6514 4778 4791 7035 9589 1479 8654 9916 5179 4160 3929 6221
39 8272 9235 1976 7798 3384 7256 9041 6441 1586 6545 6211 5740 1789 2343 124 2496 7702 1774 7591 7257 1699 2302 3001 8206 1454 8065 9637 1552 3838 9811 2827 1952 7611 4177 6595 8582 5029 1247 976
30 5067 589 2588 2250 1796 1016 8452 3337 4152 4265 8877 731 59 8993 4193 8393 6917 6384 2671 4999 4592 4458 2847 5252 8174 259 4695 9937 2172 3120
46 4579 3493 4841 4360 153 9187 8244 5988 4885 4041 7749 193 2634 1496 9189 4079 562 2919 2632 9653 7484 3501 8233 3694 6154 5927 1669 3598 3361 8887 7335 8439 6394 7242 9713 4996 3094 790 8352 8369 3780 8488 2032 9770 962 2664
31 7623 9312 8792 4301 7630 2596 3957 9573 2872 5625 226 1125 7371 1865 1258 5781 7157 4640 9938 2458 4132 6876 3064 5024 7649 6258 5798 6364 3812 8057 8618
29 3541 8406 6849 8523 7331 1265 1426 4074 5940 8408 236 5238 3722 9613 9273 943 3926 4926 5731 4627 6107 1356 4054 662 1958 4296 2322 2864 8490
29 8222 4430 4403 2909 7073 4867 1474 7095 2132 9782 9389 9461 2151 6868 2769 3305 3353 1166 5812 7079 4031 948 8070 3229 184 3956 5132 5653 4557
20 2330 1470 7672 558 4123 7550 617 2542 3359 7809 1623 8879 8156 4563 4886 5661 8424 8941 4057 7733
30 7615 9812 3691 3802 4376 1580 3695 1351 9047 1322 2338 1075 7650 2693 1435 917 30 2214 4995 49 859 1244 1450 4861 8318 5972 630 684 9520 7641
43 3451 6149 7694 7983 9592 3642 1996 2988 1598 7842 2978 6764 9146 9145 468 1779 9971 3017 9952 2371 2587 2122 618 1128 9614 9993 8340 9732 2363 8337 8930 4425 2616 805 7158 3162 9427 13 6665 7496 2441 6191 7058
24 7686 3414 2437 3976 3191 4478 8765 7617 2200 6033 504 9823 1158 2295 3510 2109 3352 5652 5513 3071 3559 797 70 4417
18 3527 2975 4642 2901 2528 3246 2421 5388 107 2474 1983 1230 6257 8710 1653 1547 3589 5606
40 7499 459 7817 3701 2782 8562 9401 7380 1977 3785 8771 8530 5534 2393 5439 2523 4572 7689 3529 6464 5095 6387 6667 3953 3730 1786 2380 3222 4908 1165 7696 6561 8592 8465 2070 9451 3848 4683 2926 1304
40 4493 8421 1673 3775 4093 4165 4688 8266 7509 5792 4529 8595 3766 5327 3079 1853 8872 8418 5908 9854 333 9844 6335 5146 4732 4982 8881 1610 3388 8891 6288 6011 4203 7289 9560 9765 3012 3279 144 224
23 2738 7643 380 5500 9295 9957 5266 2392 4368 2895 2726 5036 3497 4016 418 5356 1639 4326 7852 4408 544 8074 6527
16 2480 959 3118 6007 4653 5403 3545 6367 5088 2097 4619 7526 9157 2513 3638 3207
26 8135 8713 8860 131 718 8023 5879 2430 8231 349 7996 9323 4574 2666 4534 3189 3350 9747 7977 6676 2376 675 1951 406 3588 6063
48 4756 1051 6762 4242 6892 6001 1455 8524 1083 806 2643 5148 3663 8546 3905 4021 4424 6522 8145 455 2244 8550 239 1675 6693 564 3933 1437 7397 6704 1280 5647 6500 783 9016 6878 8577 234 9307 8834 5269 6074 8210 5362 5758 3719 8874 9281
27 7958 2886 8216 7346 4361 4678 2428 6622 7130 7565 7520 7914 8052 6284 1683 1462 1126 7519 4199 9850 7869 8232 1488 2019 5855 6721 2818
18 6411 7019 1979 240 3325 5301 1561 9223 6006 6153 7149 515 5417 1445 5573 3791 4091 6127
28 2166 4892 6090 6793 5884 5118 1554 3837 5496 6958 4994 87 1044 6914 1452 2683 9446 7739 7423 2807 2544 4570 9860 2922 9097 7714 9915 8350
44 730 5187 7366 2576 2313 1073 7175 8610 8557 7745 128 9274 8081 5349 7538 4357 5805 5834 8379 7767 4144 3299 220 7259 8416 278 7505 7800 7112 3183 4755 7396 6431 8180 62 4757 4922 3240 5753 1663 1009 4844 4865 3386
34 1196 3565 1417 3660 5308 9086 5277 2976 4795 7163 1077 4154 8338 1927 5084 3778 3178 7164 9545 9681 7963 2700 1299 3111 4700 4805 8429 154 4707 3042 9211 7027 8422 3043
42 1053 5227 4651 2057 5075 561 5997 4745 2749 4594 8004 2173 167 8748 405 6232 8665 2043 156 2264 8864 2402 4998 5202 8539 7356 5873 1157 9991 1144 1379 7151 927 2855 5616 1147 1204 1522 9131 4951 391 9906
47 464 8701 9226 3992 355 4342 403 2785 3582 8476 3049 1310 2837 4772 7904 5627 5104 77 9610 6532 4804 8697 2777 9708 924 2638 2579 7338 3844 9594 7751 8517 8466 781 2185 6317 4680 9746 2830 4149 8265 2277 6881 472 4897 759 3850
42 6904 7609 8493 9132 7286 4907 4544 5030 196 2497 5736 9648 2307 3132 2025 8693 6682 693 7620 9455 1049 5209 223 8666 9079 8514 2970 2647 6302 9290 123 1419 1219 9909 1497 3335 1898 8607 5125 6242 4338 9677
17 4386 2736 9021 2800 1526 6700 2779 1802 7039 5926 5596 469 8735 7001 7586 8123 5273
30 2740 7915 112 5630 6691 6219 2029 6430 3490 1032 4049 4006 9754 5136 2739 5530 6100 8409 1151 7459 2806 6993 2391 1043 3422 4728 6147 9025 8535 1923
25 8996 2439 4647 5942 6754 8093 8835 4380 9936 3226 792 2550 5288 404 3593 2147 6474 5589 6687 9139 9987 4698 3709 8319 8001
28 22 6496 1965 2274 4481 4411 3750 6577 5896 3308 7195 4932 5164 2965 1848 4576 6022 8333 8538 4691 955 1758 6959 392 6533 8847 8375 7467
32 5140 2367 1847 5432 6125 3283 6283 3247 5434 5771 7844 9593 1453 9828 7219 8471 1545 7947 1617 4509 7052 8396 7824 1576 2457 2224 1254 1826 3500 3724 8527 3289
24 5524 4856 4985 6662 1228 1672 2077 8025 8504 8727 4811 4943 9308 3858 4354 7780 8056 3742 7742 9793 86 3518 1962 5547
26 9391 3667 3504 2261 2804 1256 5312 7098 6788 4869 4443 3937 8472 4355 1667 2388 1555 1129 651 9371 6112 6241 5931 321 679 1931
34 7449 5938 195 9645 6189 5885 525 4269 9440 8116 6137 8943 7290 648 5054 6744 4773 3506 3322 4864 4234 3711 8332 7 2725 750 2759 3745 6627 8311 5047 8374 7133 2530
31 1885 599 7122 7534 5800 569 3215 1764 71 6070 2996 6332 937 4760 7511 8077 4813 5947 5488 4463 6770 6986 6944 9203 2196 5159 6465 5825 4 9700 5253
17 7433 7940 1945 8048 1654 668 8384 8356 7391 1991 316 5604 1892 5865 9354 6748 4750
31 4679 1111 4777 4853 9344 2240 7675 5150 7178 2878 6275 1829 703 4671 5257 3460 5007 9198 9518 878 1028 8080 5239 8090 3543 1408 1293 1456 9558 2271 4622
12 8827 2987 5871 6562 7854 8576 477 7522 3297 928 9515 9970
31 6655 1500 5052 7545 8003 1348 3220 5688 5995 7350 5948 3843 8796 9862 8853 7249 3225 7610 8608 7826 3787 1505 5638 4412 8083 341 4474 535 3080 4976 1642
35 8079 694 5102 8565 8431 8951 4730 9895 3432 8511 5068 8909 6306 8268 5707 1216 2491 7524 620 6209 1340 764 7571 4674 7797 63 1427 4303 1594 7673 8282 9818 6073 1306 4374
14 9733 9177 9381 6274 7921 9225 1762 4119 7719 5911 4329 1836 2707 6753
20 984 7724 6749 4115 6652 6443 6751 2013 2211 2005 1022 486 3836 637 9277 4779 6035 5230 6405 1020
21 6268 9253 6692 3269 1325 8716 1593 6716 2984 7411 643 7674 8621 9074 6739 5692 5715 1027 644 5985 5174
12 9490 7210 8967 5384 3153 9892 5115 3620 7264 3964 4823 437
23 7314 3365 4138 1411 8905 3494 1103 9736 9340 7265 9642 1270 1374 8106 785 3662 2575 6051 1202 3797 8046 4189 807
20 7329 4947 152 5962 1625 9229 6462 8507 717 1844 5103 6603 301 2697 3762 7772 5854 4962 2238 8552
17 6674 2279 6563 3955 1635 6329 2673 2280 3584 1714 1091 3202 9609 4522 5443 2698 8119
23 9624 3728 4589 6755 6524 3440 2446 2829 3127 6835 9665 1331 5113 3952 409 3982 795 2193 946 674 1048 1339 1722
27 166 3400 4711 5346 8464 7560 6055 6105 2690 4468 8224 8486 2620 3767 3198 2682 3678 265 4466 323 2131 5251 7017 5348 4741 5900 7758
15 711 5393 293 1618 6555 2089 4420 3986 7170 5960 5048 5993 8321 9658 7206
28 9109 1752 6359 1189 3122 8411 4131 715 27 4590 5963 6337 887 4512 4505 5594 3214 681 8100 5605 5392 4655 4231 5949 2940 5058 831 3679
31 2798 9327 6838 2447 554 6369 4782 4935 6615 8989 7820 8151 776 3861 7960 4262 6267 6773 1782 1405 4288 2149 5832 1928 8696 3702 8893 9555 8138 9775 3288
36 9636 6920 8936 4004 903 8146 8638 4577 1404 3070 3799 7099 1132 6883 787 4072 8828 5276 1704 3978 3963 5028 9783 4030 634 6362 1858 6828 8837 8275 4616 7537 2353 3975 6518 6
24 2181 2022 6696 7089 6062 3846 650 6534 2951 17 5877 3186 7022 1516 4391 6778 1195 4261 9519 3864 9600 8888 8519 298
32 6173 2572 413 4896 3047 6866 282 9870 7849 1164 6995 6207 2977 1295 7645 6451 5197 336 8829 4012 3074 1707 9509 6324 5493 6015 8580 7669 7968 9977 8278 737
36 7271 2896 5283 4273 5807 2379 8720 5260 72 6484 2654 8051 4596 6946 127 5331 7418 407 4053 4551 5560 4597 1234 8544 8818 2985 6136 2704 7018 6027 9049 1940 8043 2329 8078 8453
28 6194 5079 2187 1253 3735 4232 4519 9033 9491 9505 8238 310 6319 6855 3659 5129 1483 1828 1813 6614 6285 9499 5057 669 6080 3677 2203 6650
25 8293 3821 9902 7230 4344 6794 6214 7355 5498 6551 7902 7233 5750 3254 5053 4146 4766 7989 579 2460 9129 4554 2221 5265 5857
42 1266 8237 9744 1227 6313 3476 9388 3852 1797 162 6813 4340 1162 3274 9369 5577 9510 4215 1738 6860 7740 8549 4924 2699 8027 7981 304 9891 4429 4407 5849 2793 2692 4381 264 3931 5361 308 9210 898 1341 5848
12 361 6064 965 5081 8456 7811 5452 921 5040 5912 8071 1546
19 9763 2209 9362 188 4974 7627 6736 1854 362 2488 110 7023 9484 7784 5334 7303 9876 758 5280
32 7730 9321 390 7757 854 5914 129 8228 7323 4370 7080 1108 5889 4462 5322 7069 6846 7982 7619 385 5397 8964 1932 3415 3525 5296 6792 9004 1303 2608 5819 8718
34 2003 5902 4251 2910 4815 4633 256 8709 8508 7116 2065 7138 5887 9055 39 816 8880 1358 3801 8160 2188 7374 4037 1321 305 1070 4560 1089 9196 804 8777 3705 1093 2609
45 7614 1988 419 3405 7508 2858 3888 9138 7028 2154 2710 9011 4151 132 6592 4552 4535 9941 2127 803 9552 1104 890 7120 2945 9194 3379 7845 9123 179 5592 6976 6720 3520 8899 526 9622 7213 8208 1581 5431 729 8838 2152 6060
23 3022 6707 6513 833 7061 8108 2846 1275 2484 9119 1918 6016 6325 7050 4431 6887 4375 5489 1536 3035 5973 7881 7146
19 907 4005 8991 8170 8682 4382 4917 7804 1670 7728 5667 9296 351 2516 2865 4220 1570 2839 6113
37 2115 5719 2607 8475 6495 5289 6734 5112 4224 7240 1729 6503 3263 1268 5383 460 3151 255 8752 9667 4508 9652 4977 9386 2630 6108 322 6841 7961 9034 3634 3794 5978 3914 5836 794 1015
13 1119 2128 4347 4240 2254 3805 9784 993 7110 2133 5977 1841 6931
39 3197 654 5681 9523 7878 8137 8148 6076 9503 2084 4384 3354 1544 3393 7126 6229 7808 8846 9554 2715 1850 1484 7834 6471 9551 8279 1645 7890 2868 2880 3713 4192 1274 9840 1180 9797 2623 8211 2463
20 1238 9867 2935 8806 3839 3689 6581 2543 1969 4709 5062 434 7955 6572 5590 2479 9841 7266 1078 6517
16 5815 8855 2856 9664 2469 8968 1085 9414 1039 9343 2794 7437 4311 7228 6433 7131
41 4307 1665 9577 9729 7248 482 8457 6493 9022 5135 5364 3661 664 9980 232 2121 9967 3666 2417 8503 7209 5083 6423 7765 356 2719 2040 8015 2833 3567 500 5097 1622 2894 3911 5918 2306 6050 9014 1574 9910
24 867 4028 2098 772 5428 7642 1116 3273 9434 6316 5249 6823 9397 5070 1480 7419 8516 1839 7966 738 1183 4950 6230 4325
25 6684 5114 8646 8597 8729 4988 1023 2284 6401 6690 5338 8380 75 4385 207 8386 1149 8251 3492 4197 8371 9918 7424 4018 8898
21 6566 2411 4175 9953 1636 8449 9703 747 9265 9566 1240 2289 8034 9824 4465 4516 6217 926 8249 4185 9635
13 1401 6021 7176 8227 932 7202 3143 891 3627 7002 770 0 5508
25 5201 6777 7150 2186 5677 9246 1648 9882 2621 6231 1081 8558 408 9579 5426 1662 4343 9578 8676 3045 5936 8668 653 1498 8730
23 5858 9130 4017 6988 9100 2194 3832 7532 2269 6382 7491 1425 603 1750 9529 2655 8201 2472 1577 2481 5833 5533 3284
31 6925 2882 5619 8446 9761 9662 6661 2633 5875 4933 9668 5607 5316 4205 8815 5365 7057 9508 536 5243 4014 9048 9489 9921 6322 7946 5435 8463 2606 1115 4127
44 6333 8868 5429 9893 3788 5932 6068 8521 6671 6339 3974 1297 1217 8109 176 2000 2350 6937 1235 3806 528 6923 3896 6227 4473 1681 3423 8381 9092 8067 4106 9039 1213 9899 7053 8124 143 7369 4444 2716 4230 6177 18 566
7 1799 6206 311 3539 3224 7235 8113
30 9053 5958 9743 8571 2031 7294 3101 1612 6599 3626 4195 6188 9001 8656 4174 647 2943 3087 4172 5463 844 6935 2361 8501 6489 2067 3863 6311 4069 2862
9 113 2842 9889 8205 9287 7962 810 2811 835
18 6066 6902 4362 1365 8635 9950 4419 5763 433 4271 6591 229 8825 5814 5242 6368 6576 8044
19 4002 4644 8274 1942 1807 6270 9458 11 571 687 2863 8257 8814 3271 628 8750 2932 1018 2337
45 2517 6821 4323 7867 8928 920 8644 3212 4413 5093 104 1754 572 118 7081 7855 4767 2752 1668 4503 8304 6172 2731 9959 2629 3372 9894 8845 7006 6528 9739 6075 7280 2814 6668 2908 1938 6955 1173 491 2821 2905 5536 1290 1677
18 6745 208 9222 4064 4871 5905 1831 9054 5564 4913 3323 9693 8430 2080 7051 8948 7563 5455
11 3640 9581 6352 1967 9043 1501 6413 8341 2591 4390 8622
27 868 5414 9140 2558 1734 6061 8949 5593 7882 5755 7402 3404 529 2614 7311 6067 2557 3940 509 923 8364 5198 763 16 2113 8404 3611
41 4330 7887 5060 9694 6473 967 199 1550 4056 4428 8362 457 7373 7725 2167 6099 5515 300 8230 6378 8633 1698 8267 8589 3053 3481 3841 1633 5614 5528 6797 8039 4162 3131 966 9606 6334 7269 879 3903 4490
30 3193 9199 3944 2568 7074 3383 6203 4991 6145 6865 3592 6948 3136 5094 5843 9080 5544 329 5759 705 4598 3327 1241 6715 7489 6250 5499 7281 8717 4140
20 6297 3553 2640 2771 3820 8150 2898 7679 8819 935 5913 2326 591 8531 7409 2464 6247 3685 8181 8596
20 3729 5008 1074 7841 7747 6176 1825 4765 801 6889 2918 9115 3871 7485 1362 6440 3571 1602 4339 424
40 1117 7633 5133 4923 4222 4402 8234 9107 2653 9217 7583 7624 7843 7212 3195 7812 7518 9280 911 1857 9734 8812 134 4517 9330 2292 5687 575 1451 3942 3003 9336 2451 822 1172 7658 9787 7310 5811 3965
29 4527 4781 1010 9485 8774 3096 6756 7456 7898 2991 4712 8992 412 4171 1036 824 7486 6446 6891 2403 4270 838 3824 1442 4180 302 5581 3264 447
40 9026 8954 6847 5368 2756 426 6323 2071 1184 876 9298 9537 4889 3912 7554 7830 3563 2438 9365 8013 4672 4620 3009 1916 841 8305 1394 6445 340 3052 9989 1556 8849 7774 8762 488 7343 8647 3652 6470
42 4245 4749 7160 1316 313 8628 2024 5453 9780 6069 1893 2881 6262 7046 1862 3531 1682 4532 682 5357 8655 2069 5191 5522 9149 3873 2471 4808 5339 551 791 3814 6890 2624 4287 8515 3987 9669 3378 9241 5659 6052
11 1895 5724 8904 3060 1855 4603 6046 4735 3612 685 9317
39 4761 7205 1255 6228 2258 9488 4798 5015 3621 2210 3251 2927 2339 1037 3536 855 198 8126 9108 985 3262 1666 7417 3268 3658 1596 6010 4142 3275 9590 9931 4161 1619 2423 58 3715 82 9387 5376
32 9751 7971 4940 1324 3849 2487 6594 2687 3082 6669 574 6175 9647 7452 73 6874 9205 3962 9758 4816 8512 8344 3061 5754 8913 6606 9773 1600 3533 1141 6434 4649
39 8117 6898 2495 8040 1541 4794 8346 2075 5155 2074 3027 8933 8297 359 9288 4797 9368 291 4843 5775 1133 9150 2574 9574 8756 8689 7753 8162 9170 7954 5685 6005 9885 7165 3923 2730 8091 2073 4909
42 50 2426 9492 6253 8671 5514 2325 9618 3387 9616 4513 7010 1468 2030 9156 498 1721 8273 5799 2790 7577 5904 9946 8159 904 3223 1571 944 2416 3177 8866 7421 5355 2562 7144 6621 4600 7748 7083 9721 6782 6585
29 3103 105 8035 9240 7364 487 1465 7865 7300 7312 1937 6287 6218 5264 9475 5585 5668 3086 9718 9942 2093 192 2801 2744 3252 5839 9061 5485 7899
15 1908 417 6982 1106 1761 7993 7318 7211 4902 9418 9462 5219 7990 1599 2669
36 7186 6272 3526 1794 7245 3674 369 9429 4500 1725 7701 8915 5967 5842 5531 4631 1389 6303 3041 2232 2039 2223 7378 3756 7868 9399 4876 1811 2158 8999 7181 182 3741 1014 2610 4506
30 6698 7717 1349 3426 6133 3808 7406 533 1388 1218 2923 7590 8617 767 2651 6970 6784 2751 3056 4095 8388 3464 1575 834 9309 4134 900 4445 9095 6978
43 6071 6786 3904 2778 597 5425 4715 3637 9726 4239 1613 2364 4088 9243 8560 4893 3144 5010 1458 2599 1660 4870 3231 6554 6972 9212 7321 1467 4097 2427 3419 4859 4731 4315 3558 7938 667 6781 593 2564 1585 421 690
36 7512 7103 6580 1686 5156 5511 6979 2748 6216 7557 2547 760 1886 7735 4194 7415 4085 4878 2048 954 2105 2051 8405 3872 3473 6312 8242 7473 1990 1035 3792 9608 7033 8 632 5886
37 8973 2164 4421 1832 809 886 6772 9934 4213 91 9605 324 2192 4584 5941 3897 7447 2820 3309 4916 3815 2870 786 1357 7790 631 7215 1482 45 7885 5965 5407 296 6341 7744 5551 9024
42 3672 1487 9500 704 6502 4045 1741 5391 7908 2027 442 2969 6790 4176 812 2155 9481 1441 9111 6800 9516 7299 3895 2034 8971 5038 5776 8114 6620 1616 6852 3034 7308 5673 2723 9008 746 2103 7183 6717 8372 5436
20 219 530 209 2144 5795 9351 5 7909 8478 4523 8885 2521 9791 8790 4283 1490 8451 4399 3310 5545
28 6505 8335 8990 4783 3098 6300 8978 5826 7236 4626 5246 9050 8176 7389 2619 7924 1873 2001 847 1190 4952 1360 140 1398 3734 317 4157 443
26 9778 4739 2602 1913 4150 510 8711 9843 4565 1342 9715 3556 2153 784 441 7504 3581 5961 3048 1380 4860 9094 5003 3441 4418 9220
10 8161 3509 4148 9070 5888 4496 4624 1785 3748 9723
17 8024 9028 3407 586 6983 5957 3761 9871 100 9999 171 2893 8047 2583 4530 7818 8897
27 8287 1370 1002 9404 9801 1772 4580 895 1502 1727 899 9671 7720 1936 850 2971 8985 2092 4333 1919 6355 5737 9956 6096 3576 5204 6148
25 9926 9730 9195 1122 2444 2866 6582 7886 1780 3439 416 5802 9361 3919 958 6552 2582 251 5467 7540 60 3140 8223 438 4759
41 739 3519 9872 518 6036 8309 7516 9830 7775 1004 1221 7664 1715 5866 9522 2615 5739 4316 4247 6677 6248 2246 1816 6553 1375 7136 5175 5085 8602 7054 4364 1153 6624 7283 4504 7349 2764 7905 1731 383 7166
17 9349 4666 4872 6444 8444 6386 8288 217 2228 9328 6791 5194 8454 1161 1822 7721 8563
16 8345 85 8988 2037 2565 2445 9839 1495 3803 9898 7991 540 5806 5413 3238 9215
26 1506 3291 3181 7755 506 7536 7239 6181 698 9933 9185 6483 7390 5044 7155 7185 5774 54 6421 1658 7026 3671 623 4918 5077 5232
20 2198 6388 1768 1326 6190 5475 114 9683 4827 4752 3488 5469 7324 204 436 6019 8648 2554 8636 1052
26 4367 8528 1604 7345 6523 7121 5332 1236 3772 8474 370 3332 5747 829 2396 9762 2861 7848 3983 2249 6315 8982 427 1095 3417 4905
31 7429 6718 1674 2213 7596 2955 24 7514 4299 3980 5510 3429 6737 3362 7599 3644 467 3922 4960 5671 5416 2953 5617 4556 2252 6343 3084 9771 4723 6973 5494
22 6543 2709 1539 7901 4912 3979 8779 3474 5450 74 450 3044 6775 3699 8365 9465 6586 3013 3890 3868 5894 5937
28 743 5540 3456 793 5078 4221 2294 4225 3653 4946 3650 8330 5827 3959 7646 1925 1033 6373 6867 9995 1063 2746 848 8012 6435 6941 5248 3304
12 2142 9604 4958 9487 7127 8564 4717 9436 1123 4660 4019 8824
27 7194 7413 8485 8742 2916 495 2787 6743 4625 6571 4492 7741 1092 9384 8142 2387 9470 5336 2689 3889 8315 9206 452 5207 3698 4610 8433
28 4184 7254 5554 7799 1188 7347 8199 7827 3416 1532 5454 4821 573 5822 1080 5556 4252 5261 5418 9853 7756 1691 5142 3720 5145 480 7888 5578
24 5359 7879 6123 2308 5437 5828 8795 9093 8842 5893 1763 3996 2063 3516 2524 9502 5459 3467 7676 9088 5461 7836 3819 6294
42 237 7822 9056 7974 2556 1997 2385 1205 1201 5624 4023 3901 3317 7272 6167 5031 6540 6659 3782 3258 8952 8389 9063 9884 1463 7542 2016 6953 9802 6992 3412 1759 8276 7910 2182 7544 7639 7426 3343 4510 7801 9711
24 5223 7287 1840 7068 4944 7221 6204 6625 9293 4198 5120 8118 126 1519 3020 9152 8437 7362 9672 3676 8919 2598 8797 1288
20 646 61 716 6768 5441 9798 5600 3374 2678 7204 6109 5765 4313 2161 3302 5683 7214 7950 6685 2100
20 3066 9299 6647 3877 8946 4363 5684 7972 4427 6612 8467 8537 1397 1542 860 5831 8053 3128 8867 8581
36 4335 5374 6694 8361 6037 309 7203 969 4480 444 5705 4029 2601 7351 2875 7654 6826 1783 7543 972 8103 5561 6184 5037 7101 8677 2871 858 3106 4298 8092 8358 9745 5749 5345 8320
20 3217 9035 8354 1866 2718 9366 3303 2560 9009 1760 7084 4061 7833 5726 8802 5869 6702 1899 9493 5718
19 4371 5245 8786 9697 267 1369 4327 4701 5852 9179 1551 7770 2569 9413 8325 6531 8402 9861 4540
37 3155 5919 9897 732 395 6119 7487 2649 8598 8291 821 2085 6929 3018 8269 9978 7392 3130 7009 1592 7317 2743 2215 6811 99 2914 4771 8295 4010 7681 373 6731 555 7412 3950 5224 4308
34 9163 2217 1311 7439 8153 3339 7342 7651 3570 6747 7106 1513 1787 314 1982 670 5922 1285 5950 1615 7743 6774 9352 8060 8322 1795 1361 1694 9603 2094 410 7416 2259 4286
36 6269 5741 3403 32 3599 7260 3333 2766 7443 3597 1572 505 200 5535 2803 6042 6420 4275 8326 7125 4559 964 8360 9294 3511 9188 5521 1950 4737 9005 9178 6195 8685 1801 9808 8929
18 4135 9846 7704 334 7718 6733 8498 6678 1252 612 5844 9966 3534 3793 7613 4934 3002 8724
13 3842 95 5297 3008 7711 5448 1921 1640 1509 5764 2096 748 5982
22 6910 7529 93 5658 1390 2532 8942 7510 7267 5618 4448 4524 7839 4051 9147 6072 3260 4967 8313 9260 9432 1118
23 8732 3625 8005 2538 6115 5640 7442 7752 865 6243 1067 9471 9571 5793 7945 5820 496 429 9339 5797 3681 4668 6032
41 5017 6767 5768 8213 280 8938 5695 5655 7465 8470 3554 5670 1127 9319 4117 1200 4050 3293 9002 6732 9597 7729 4099 2433 2854 689 7060 8460 2248 6758 3164 2317 9533 8776 6894 735 925 3363 9760 2877 7880
27 3487 2883 3507 7196 5282 4802 6385 8694 8799 76 8264 81 5340 3945 5139 5195 8896 6632 8427 7107 6130 5186 363 8704 9875 2888 1114
32 580 8215 8014 7668 6353 205 7273 9722 8191 2834 1907 1540 6798 8807 7907 5847 6408 7038 4847 2832 7403 7030 4972 6947 5509 7105 8619 7660 9922 2046 6598 7618
24 8509 4318 7231 8593 8728 6013 882 6711 475 5286 2684 8784 6564 3242 141 8307 8751 4858 1152 2493 600 8605 3898 4729
24 546 4098 6989 3909 2686 5917 2631 8192 548 4632 7327 3331 7353 7367 6276 9066 625 9036 4743 7481 9759 8924 6845 1350
38 7446 7322 996 2825 9557 9583 6236 3208 6110 1736 3906 2314 852 5907 5076 2701 8569 8105 4670 6597 4824 1696 7949 3192 8534 8672 4102 466 7776 8314 1687 2381 3355 9772 4108 8487 9676 8391
32 7305 8906 8721 4609 7200 1737 2681 9698 1568 9068 6168 6196 7497 5762 242 6604 2407 3851 531 8058 121 9789 3856 4903 7853 5729 3344 1383 5946 2650 2757 7482
19 9392 3616 4521 7666 5915 4806 4936 2663 6141 7942 352 6617 9837 6519 2434 3727 2299 6372 4483
18 5756 4550 1176 7997 2534 2014 4520 9148 125 6310 2668 3771 2168 6472 4447 7268 1903 1641
31 5651 1630 4623 9674 1517 4978 7340 4060 5344 3163 7778 7576 2552 4954 1382 2504 645 5022 2083 8914 90 2913 7032 7925 1034 1657 4461 9660 165 5773 7458
24 8412 9944 8239 726 6081 6880 1835 2857 386 238 538 545 1042 478 9456 8625 9807 4183 8068 3312 4548 2637 2734 8923
35 5934 3990 2625 2672 9137 6233 8725 9625 6985 2566 2831 449 2062 2431 7631 9832 5122 560 4862 9856 3282 185 4188 5386 10 2331 8136 4155 7708 5568 7734 6949 53 2369 5281
18 3149 9777 9437 842 2884 1693 9353 3738 7788 3221 1259 9238 5074 990 9284 4249 4818 8089
30 9696 4621 2941 5838 3540 1933 461 5177 5330 5157 9651 2058 1352 1345 2506 3721 8347 1679 775 9506 4369 8296 2285 8963 7197 4238 3237 9580 6097 7581
25 1 8937 397 6996 2797 8859 4036 3194 7712 3754 1732 8687 6043 8839 914 7897 8886 6086 2733 9695 3649 38 6417 7218 8130
33 6106 6396 3998 3092 7920 9820 6146 7387 953 2889 1056 6833 8207 6927 9077 4219 5929 9724 5569 9375 1282 4591 3277 6641 9863 5032 7090 8526 7828 9081 9692 1808 9359
32 6952 3624 8458 7736 7434 9982 4850 9078 5205 4809 982 3340 2174 9457 4163 779 5143 3495 6962 3306 2334 765 7587 3449 6759 1894 7348 7607 8202 6259 6358 218
33 502 846 1953 6375 1697 6460 5160 3786 8547 8901 3 9468 8085 2527 6426 4992 2835 9785 6497 3813 4915 6478 8997 6817 1444 9857 4676 2347 915 5126 6761 7803 4785
38 6404 709 2076 5491 8843 720 4032 7892 1877 3795 1934 4628 7400 639 4173 9479 8172 7445 5933 6827 4541 7582 4832 3173 5648 1800 4306 7723 8349 9629 116 2255 5930 7128 7304 3716 3250 9601
21 6689 8525 5713 1269 8667 319 5421 6558 8250 9874 3521 9186 7258 7063 1566 2510 1155 8066 9417 7688 4753
15 7569 1143 8780 6879 2038 9755 9310 5119 6872 3063 4542 7055 246 5162 901
21 889 2577 5300 2148 7140 9680 3004 7847 2101 1208 2370 7201 2768 2004 9017 503 8972 8900 4774 289 5895
35 5258 9364 69 5099 8281 5572 8370 2018 2891 1220 6618 933 2291 9972 6727 6476 5863 6608 4398 7440 4763 3256 8591 5385 7635 1457 6510 3385 5505 270 3348 7358 4422 6535 8195
19 3927 8289 7884 3227 2112 5550 9341 5766 5306 9925 9350 4571 8032 3179 2750 2165 7261 7959 8910
17 7787 4167 119 7647 1601 3211 2545 5025 9626 6642 2400 1946 5005 6059 978 5644 5845
31 832 8187 7313 9224 5579 4394 4190 8706 6077 9544 5654 8763 2183 6009 5782 2389 1820 6688 381 2359 3508 7930 1712 1914 5270 5789 4708 4039 5916 1730 7432
27 6900 286 7114 7333 7102 2741 5214 9947 5380 6012 2605 6578 3515 4442 5073 4062 6888 7866 3157 5486 8247 9007 1765 9153 3296 8561 8000
31 8031 7616 5804 8917 9006 5082 6120 7584 2175 8747 2068 9101 3124 4738 2722 501 4440 6422 6083 7919 9122 3448 5217 2348 2514 6560 1007 9587 5788 4401 1367
36 4365 814 815 206 4489 5870 3628 163 1245 1620 4456 8030 2808 1079 4605 9810 4942 7363 225 7171 357 5468 5106 2948 8312 7381 4082 8749 4890 5066 7328 8496 1703 7970 971 1478
25 2507 8323 1061 524 5208 2890 1624 9263 8182 5730 3684 7285 7661 6449 6675 3244 1941 7029 4650 6812 609 269 8144 5555 9887
32 8587 3770 2324 4825 8220 6304 9825 4080 8975 4673 8351 754 5840 7253 7693 6864 2578 5899 5794 8830 1058 8567 1767 725 7288 2860 7056 2617 2251 367 411 307
12 1446 5189 4941 9848 4961 6490 2459 8651 6351 6330 1174 3367
31 1421 7092 3166 1368 7777 975 3997 7339 1420 1746 98 2319 6034 1308 800 9859 9367 1330 7893 2136 7368 6354 3960 3777 6117 1915 1520 5378 869 145 7600
24 2382 5427 1395 5009 6030 8186 1224 1781 5228 8691 9688 5158 1975 2824 5181 4884 5092 8143 7900 6501 3902 2231 3395 9740
31 7535 945 9423 3717 3747 4034 1017 7941 5001 6803 4919 1197 6729 1553 3999 3209 5394 2205 5945 6926 1607 1031 2674 6697 1906 5412 9924 8499 7859 3100 3932
27 1671 5482 4801 9786 6932 4457 3160 4613 7094 640 6487 9254 6029 5656 8367 5979 8705 6040 7192 4931 42 5518 9445 885 68 4083 4392
20 9881 274 1634 6807 4207 6515 6416 7012 94 7306 9356 9269 1464 7851 4518 5823 7589 3324 605 1849
31 2589 6724 2745 3648 2482 5210 5303 4664 6366 365 4253 4196 97 4255 6442 9192 9239 3165 2415 8129 7738 7782 4810 183 5019 8889 6347 4166 1481 33 1549
26 3245 6740 3829 8445 2216 9595 875 1589 4414 8258 7558 9162 7628 6437 3768 2851 3828 83 6389 1525 6816 2962 3968 2354 5255 9530
20 5971 8916 7531 9835 4073 1101 686 8803 9833 4704 7385 9197 8804 8011 7189 1989 5176 8764 2708 6018
33 4449 774 4659 6885 7301 8660 8128 3732 6508 6318 2368 3401 2906 1491 7837 2054 5785 161 1461 3845 9264 8212 9324 1486 8723 9193 3823 8712 6802 7973 8241 7517 7655
30 3138 8637 8715 2505 9012 8522 5920 350 1827 7365 7564 9442 2526 9564 7872 2137 970 4547 5872 6673 1747 3707 1434 8299 6977 4015 8734 5612 6183 2450
12 5829 4471 1320 6940 2010 8255 931 9903 8455 8568 5974 9058
22 9358 641 2207 3158 6908 5149 244 9706 6020 8006 6240 4358 1578 5456 6626 9245 7923 2475 5363 1400 9719 4599
10 9286 2944 4475 9213 2455 2511 9345 7377 624 1399
23 1186 8588 7754 6222 9788 4828 1834 1748 8767 1291 1167 8912 9588 9395 3452 2676 6254 2435 3175 3040 2114 2775 9200
34 5166 5161 6003 6305 3199 608 5373 2011 4558 9556 326 856 5892 6089 4930 5582 8692 4460 6102 4608 7659 2501 3804 8922 9335 3939 4754 4835 3706 9161 9426 6723 2929 5290
27 5700 387 9983 5061 4585 3319 9689 9342 9116 7043 2828 4263 2272 1428 1944 5478 1629 3011 5360 5796 6084 6957 9932 5987 2328 6278 1344
22 7174 3145 2548 8133 5347 8353 1264 4423 3316 5193 7791 2762 4210 8958 9447 521 3219 5643 2120 2266 4956 8355
14 23 6452 6930 8252 6213 7470 1393 3477 7332 619 2412 9873 228 1059
23 5752 2838 4618 2150 6150 2056 8158 6187 9331 5708 3930 1198 6579 4566 2108 5366 872 7031 2761 7593 5231 5609 79
19 8945 5777 5387 8262 47 6360 3947 8348 864 9943 3847 5602 6825 799 1140 44 8794 6899 9814
12 6686 3752 1870 1770 6525 3796 6611 4900 9124 5588 5185 3015
29 5006 4217 6135 3470 6987 5309 1292 1843 4882 5698 9400 5642 3951 9473 6903 9981 230 7857 2443 1199 1168 8981 1333 2728 5675 8719 5676 6468 1739
25 6200 3117 3075 5389 9815 3235 5757 6048 1248 6163 5744 1960 5287 9158 1518 5314 189 5984 1814 5039 1643 3704 6680 1753 1284
31 271 7360 7014 2911 2235 4328 5810 2561 2355 3682 5537 64 5728 1062 636 938 490 8442 3670 4378 335 6095 471 9060 8286 9096 5275 6549 988 3835 479
24 6299 2414 1193 1170 43 8395 338 8481 6004 9251 4921 6235 663 5274 9183 745 570 6328 8280 5199 9032 2111 2483 2902
21 2954 6808 5424 2332 3471 8844 7595 1717 1713 6085 1046 8883 2290 3230 2584 2124 4081 8611 9905 7159 8894
30 4630 3605 3651 727 5734 3566 1947 9800 2159 9038 9403 9929 2525 736 6286 9632 8436 1466 870 5664 151 6928 8399 1187 1632 160 3934 8678 919 1334
16 9917 9332 4276 3321 3776 1413 2494 3234 6936 2974 8634 8744 8256 9443 3882 8908
18 3444 8104 6309 5559 7077 1475 9031 8505 37 3915 4733 8977 3610 7823 1529 8986 9175 4868
14 6951 6757 1911 6026 989 3918 4086 9164 6905 2939 8570 6166 5056 1987
15 4066 5480 2461 4033 3342 7622 2727 6628 2267 9261 5111 3033 9173 6419 1242
19 7129 9463 6656 9748 3394 1319 8809 1824 5512 5109 1469 279 4817 155 5850 8392 6427 36 8934
26 9379 8540 7588 396 2714 1901 9258 3176 1222 2742 3773 8956 543 3669 4615 7829 2234 2960 9639 3466 5981 588 337 4334 7549 773
15 6101 6327 8167 5803 2874 4602 3007 3854 3907 7296 897 4454 275 8383 1376
31 9082 9272 661 7975 4396 8243 3105 8461 1631 7944 9640 9678 7764 9641 1294 3062 4067 5565 4989 6990 6504 5105 21 8196 9337 8532 7703 3171 9728 4436 2822
19 6967 9015 4703 5686 6610 6251 3091 7652 909 7750 4235 158 916 1328 7217 7802 3161 14 3941
23 5235 9118 2395 5381 1905 4125 615 3294 9951 3249 2904 8075 4526 4866 8772 2639 3285 7118 9110 8769 5523 656 8306
10 5621 4076 1790 9230 5247 8788 4727 706 3357 9338
10 9459 1999 537 2257 3551 5165 7608 7932 7979 9528
14 7929 6199 172 1846 1373 1637 4792 2780 5645 7450 137 8284 1755 9954
10 3833 9826 8823 320 6850 6298 7466 2229 8604 2177
27 607 8736 7494 4441 5279 8766 4645 1431 4168 2930 6861 3099 3622 6056 1047 3623 4244 2206 6829 7341 4022 2522 9431 5035 8443 6144 2342
15 6169 3376 6965 1689 2791 9248 7282 582 388 2662 8016 3050 15 7796 5091
21 425 2060 470 1720 3300 8551 2179 2386 7274 8976 8359 3213 80 288 7605 2378 6738 4116 7670 3668 7495
18 3436 8768 8189 8342 5481 973 9402 1700 1523 9955 3453 9526 5291 4317 9682 8583 9098 1347
15 4433 7020 4472 5663 6583 379 4981 3753 5906 5909 7578 7875 5738 2050 9535
35 1412 3326 52 4939 4746 7398 3067 8236 7690 4593 4582 3024 7697 2311 493 4415 2844 2900 9421 8140 4685 9136 2104 532 7262 2990 5956 5271 8357 4280 1775 827 6918 7067 2146
13 3142 8253 1845 3499 6140 3210 8373 5733 3878 8863 2358 8632 3472
8 9617 5921 2758 4147 9292 7302 683 7025
13 1879 9322 2512 3169 7337 9085 46 9914 1262 4026 5595 3764 7980
19 4953 5608 4351 1803 4353 7592 9623 7132 5216 5567 3174 5925 7807 3072 2489 5080 6666 7244 9615
14 3811 5430 9495 6245 1590 7684 6226 968 4486 9091 5520 2405 4762 6499
31 8102 9548 2999 3123 1029 7769 8017 918 9527 5310 9165 6746 1710 4699 691 2218 2033 463 6728 2315 516 2139 1766 3881 5320 3455 9531 2028 2239 5196 9756
16 2061 6480 6314 9452 871 3364 9316 1626 5470 6859 3517 1974 6295 1856 9315 5206
26 4455 1621 3603 8254 235 9538 1494 9534 2160 6584 1756 2422 4227 3867 5211 9062 2419 5215 3392 8798 8510 5767 9572 2931 2580 8599
18 2242 1724 7570 596 8055 260 3373 1232 1317 4881 3972 1025 3469 6537 5367 1154 3542 8303
8 9089 6134 594 977 6818 9044 604 5703
29 1628 9422 8559 3826 7320 9255 3146 3783 9046 5943 9127 2095 1871 9037 3182 3443 6475 3949 1215 7298 4834 6171 3406 4211 1882 8432 7326 7819 5969
18 5994 6179 330 9883 8387 1424 740 3587 8097 6491 4274 9908 5851 4789 7334 7969 8107 7773
14 1024 2541 6539 9659 8438 8049 1072 9930 213 8927 1769 7695 9174 8497
26 6831 9020 7952 3030 3692 5267 9817 6399 2270 2789 2712 7330 9355 7665 5502 517 9073 8390 7806 1337 6542 6776 6008 4578 6763 8679
29 7293 6695 1386 1272 2937 8506 8653 9686 4575 7562 5090 1229 1160 8018 9576 9539 9561 5910 9460 5268 3006 7461 7541 8483 7858 3834 4837 1971 5745
23 4170 3555 8920 9888 6457 7637 435 9586 5358 5002 7805 6609 9236 9219 9419 9912 2035 8573 4048 8246 9244 2567 5968
27 8339 508 7691 956 6836 2661 2799 1872 6128 9654 2140 9822 3970 377 2515 724 1145 194 1485 261 8669 283 5506 3908 3590 4122 6623
11 4043 7187 601 3606 4055 5304 9113 2107 649 2776 9927
19 4089 3885 8755 507 1534 9497 5100 3948 6122 8926 3425 9498 5305 9112 366 243 6509 888 5574
18 1250 1603 8911 1040 4536 5442 9412 3524 5420 7680 2440 7284 8813 2485 5722 3769 1243 3318
28 6356 3200 9851 734 4586 8382 5835 106 9620 8165 3137 5241 9181 9524 9042 1565 853 8800 1567 4819 5350 4388 2081 4945 9866 2303 6432 4822
9 1146 4720 4770 9963 7698 1402 9370 4638 1880
16 7000 7162 7344 8785 2817 6637 5696 130 2924 5548 6600 2204 3397 6370 2466 721
13 1524 9633 843 9151 6907 3708 2129 991 6873 8873 963 4831 7760
26 3409 9242 830 8435 5212 3465 9657 4800 1904 4990 2729 559 9103 1719 2366 4491 2052 6124 9237 3016 6530 1890 3577 9591 2199 8754
24 8832 4279 8822 8953 7662 5626 9948 1583 3646 1448 9075 2023 6165 2979 3463 175 348 6121 9701 5519 5259 3538 6806 180
10 415 1432 4467 9547 186 250 1597 6282 3900 4254
20 7382 4569 8434 96 4845 8021 2082 2304 19 1459 8895 825 92 4849 7763 5069 2772 3609 9687 1922
12 576 584 8413 782 3636 3991 5529 3413 4426 7488 7015 346
18 2921 8366 9612 3201 5402 714 7525 7384 364 9865 4874 7781 2190 4710 4681 752 287 4975
26 133 4112 2841 6752 4208 4906 2374 1094 4087 1110 6787 3205 6832 9611 6326 7263 384 3630 5689 614 7860 3078 5575 6224 1423 7336
22 5023 8631 1644 7425 2784 6407 7169 8277 9869 7677 7422 3913 241 8076 5975 2796 2189 2452 2042 5479 347 7632
17 4405 4114 4498 2377 5124 3496 1050 9998 3150 2340 8218 3115 3152 5016 2499 2102 5761
16 8555 5649 7916 5711 1422 5123 1130 2383 5396 983 5464 5472 4218 7528 339 9907
24 3307 2952 9306 8902 951 8229 7065 7438 542 1489 9267 4020 9684 7515 4851 3574 8190 7933 5087 1861 4734 4539 1409 2887
11 6058 1830 1955 2645 2867 9643 7191 454 2947 6281 4469
18 1430 164 3946 4336 4300 3798 7276 8491 8662 6161 6719 5171 257 78 1649 2012 8757 2091
31 5639 245 1415 2072 2006 7037 9441 658 8428 929 7682 8473 6999 2275 4543 4359 578 7507 1511 4682 3039 1476 974 5992 9023 1283 6574 997 9877 2263 2553
17 606 6277 2 6345 4636 3557 7152 3779 8673 5167 7207 659 8616 6138 5998 2981 6463
13 6391 7064 1499 771 5477 4070 2390 1876 7237 8169 7047 4438 9565
4 9090 7319 2660 2476
36 3090 428 4290 400 5027 6602 6296 8554 9155 7746 1810 4677 9742 744 2397 8585 942 1026 2406 3595 3925 6963 3862 8871 8450 6629 4464 9727 3916 3700 701 5183 9233 7656 2816 5203
9 1013 9945 3602 7180 8743 2352 9559 1521 306
15 7193 7414 5043 7383 6301 4515 3233 9083 3399 1743 7976 4452 6400 5611 5633
7 4372 7435 2036 8198 5710 6155 7468
13 2642 6486 6220 9655 7978 9928 8099 2611 9992 7062 8793 2462 1214
9 2958 4583 146 8415 583 7325 7995 344 6162
17 8698 7428 9303 3450 6607 489 7108 178 6882 4775 7498 7502 7004 3973 2995 7388 3827
30 1233 3031 2467 4854 7816 2141 9849 553 2809 6025 8869 6374 7935 8225 6436 4634 8141 5004 7220 4684 3010 4979 8545 2903 6785 8002 2563 4740 9218 4748
28 3168 1863 7503 2680 4204 6634 7500 595 5298 7492 9135 4404 849 2636 7548 7222 5862 40 4895 6041 1980 202 6939 8166 6047 1749 6249 3943
9 3170 9283 8553 1169 5372 3116 5952 215 6544
20 6703 1716 3270 8407 3036 1182 4629 2119 9029 8624 6605 2595 5411 9102 7177 6714 1449 9425 6126 8805
10 7638 2915 780 7575 5134 34 6215 5220 8336 5706
20 5444 2425 1819 8042 6705 3112 4549 6909 1587 8801 5576 7903 4046 5587 6157 3159 4259 1964 4501 6511
8 4214 2345 1512 6913 1113 9868 253 9598
13 3585 4400 4437 7085 1535 6915 374 5727 4706 4121 2612 4686 4011
19 4366 4920 5601 4470 4113 6244 4450 4406 3893 4312 3295 2375 1296 2892 8221 2644 7653 8680 3639
20 9709 7692 6450 8659 2641 7086 157 5285 4588 2805 285 3710 9420 4692 1702 7552 6054 1136 6590 9621
16 4658 394 7967 4063 6338 5704 8063 696 5371 2086 5117 9302 9480 877 8584 2162
21 2735 1332 115 8177 9300 1842 1323 2436 1684 6956 2635 9769 7246 5014 7448 5465 6526 7987 2453 8686 6238
23 2026 8219 2536 9385 9685 6455 4848 9234 3757 527 5351 3594 2546 4744 3790 2268 5329 7021 6810 1065 6205 2087 3076
19 6139 3632 1776 4764 8290 3054 8298 8448 2341 8935 9438 1179 7513 8931 8007 216 7405 905 4258
9 2099 1869 2518 7372 2017 5462 6261 4986 3760
16 7762 3133 7685 5678 6380 2191 4776 2180 5557 8960 2220 2021 8513 8590 2256 940
8 7957 3104 3005 6164 5562 6197 7091 1159
18 3334 2802 4888 6292 7556 5632 7761 1859 4105 2885 512 4561 6038 4487 9716 4459 3961 2365
10 6575 2118 7883 9799 7786 3789 6884 9180 6410 5226
17 3188 9570 9965 7998 8110 8791 5880 8261 1181 458 2468 3731 2373 3428 2478 8061 5483
10 9291 2316 3276 8903 8329 6377 1387 6945 6679 8317
27 9411 8649 961 3958 3572 9774 4914 9065 66 462 4826 1012 6402 1891 5732 3114 819 9221 9964 6104 8857 3924 1471 9816 5558 4663 7124
16 7862 284 5837 4248 1460 6398 8918 9275 7078 777 6103 4282 7016 3216 4075 7506
19 4233 950 9159 7891 7501 6454 6966 484 4096 6488 5451 3241 4667 5610 4669 6857 8974 6142 1889
8 610 476 6414 6308 5233 1920 7551 9416
31 7574 6265 519 4291 222 8033 5237 2711 9202 892 2963 9289 8155 3073 8494 6799 4784 4397 8419 3228 281 5861 3675 2652 2938 947 7793 1396 3266 8811 3560
14 1530 7226 8529 6447 35 7457 8737 1864 3657 4068 4038 678 9363 7832
14 8184 2696 8876 147 5951 7034 5033 6824 1302 912 5786 6820 9270 6565
15 4090 9738 7792 2335 2717 6875 7876 6293 1286 952 7143 6708 2950 9542 9250
12 5192 4139 5816 3746 2424 1676 5721 8111 9838 8334 4993 4694
17 4260 3315 1655 4546 1527 2362 8426 657 9712 8629 1260 1177 9000 9553 9478 7493 3341
16 5615 2992 4246 4206 6239 2551 1364 8214 5400 7873 7894 6201 9278 3859 894 4614
24 7994 5769 6536 1875 2788 5635 3396 7048 633 2241 3345 5256 4696 5584 5783 4111 2702 7555 3135 2737 5180 9988 4044 9142
23 3546 9003 3855 354 1833 7277 4349 9628 629 6969 4714 1531 6984 9644 3759 7759 6132 7315 402 6681 3065 4272 8270
17 1595 9864 3758 6804 6280 342 4830 6639 8987 9731 3505 9228 5041 4747 6730 8775 7707
12 6663 4143 6916 2305 6805 1407 9911 4829 5302 5313 3356 1307
16 8758 7934 6156 8502 9511 2281 2323 880 1263 3874 9027 4497 5527 5163 8603 1695
1 2384
12 7912 9282 7208 6809 8761 1211 8094 6769 8028 9994 9333 6712
2 8965 5553
18 6529 3697 3840 2997 3575 4957 7585 4705 2044 1346 8300 7715 4786 1338 7474 6178 3454 1591
13 9619 9030 4637 5107 6044 6814 7216 4137 1973 6596 65 3550 8650
4 7553 5487 1492 7716
4 9804 9705 6710 9249
18 6735 3910 8851 5603 3314 2585 949 8995 4639 8760 936 4879 4009 862 4264 3547 9247 6862
9 494 190 7911 3368 212 6340 8566 4969 3936
16 2143 2401 8856 3068 8548 8609 9562 4410 1733 7922 3102 6346 8782 4209 2078 9879
26 4713 8420 4164 8316 3121 7172 7687 802 2665 8826 9627 1656 5375 5422 2966 2537 9071 6672 9858 6871 883 7007 3573 9268 8627 2125
17 2774 376 9167 7224 9166 8970 5694 1970 3966 4595 3502 294 3278 2810 3377 857 4646
21 1508 9549 102 9806 3370 6357 8688 8816 5824 9182 986 7594 8401 3561 1981 3421 5278 7726 1771 9114 6863
4 9979 3190 8194 5991
10 9191 5566 7232 7580 483 3680 908 4937 5901 4718
15 4528 3875 5516 5050 3418 1175 8037 8652 8695 7573 1257 5526 4314 6683 3267
11 2667 3544 4387 368 5830 5045 7604 3498 1096 1688 6415
11 4352 7104 4648 5503 8536 6726 6699 708 9408 1271 492
12 1651 3865 6842 7663 5495 7316 2706 6657 4964 9779 5026 6779
3 6722 7444 4887
11 6192 3530 9896 159 1355 1985 2907 1638 4159 4562 6974
19 8739 611 7135 6409 9666 3196 9190 4482 511 8285 7870 9819 1537 5770 4293 922 4477 353 5903
5 6208 6094 2360 4278 9019
17 1363 8831 1100 2079 2293 4980 2045 5996 8447 5628 1503 3740 6331 9496 8984 4302 550
19 6822 9757 1372 315 372 7479 6485 1251 7117 902 4223 671 3459 6896 2320 168 5748 7636 4027
1 3614
13 272 41 3051 4665 210 9962 7602 7840 8188 2404 4065 1392 6406
9 3329 3578 3038 8642 1912 138 1924 7547 3714
8 29 8477 1784 3879 1142 499 9466 7453
12 8086 5433 9634 9985 9575 9143 1884 5064 7234 8134 9790 7462
25 6856 741 6336 6706 4153 8848 3281 481 7737 8575 9935 7546 7572 7096 3816 7683 751 8882 9410 249 3203 523 4690 6839 5379
19 7455 1353 5712 768 9144 5169 7082 4101 4656 6182 1557 2754 4236 7278 1968 6279 1896 9584 6114
3 4058 2986 2176
10 6023 6589 8681 5779 4024 9737 5725 6379 893 3328
11 8878 9845 3398 8403 4007 177 5170 1745 8263 2622 5709
