26 6520 7985 2982 5976 3818 456 8479 9482 4179 9923 6087 1647 276 9301 9377 4476 1403 710 6348 9638 4268 136 9796 8131 3569 0
31 693 9735 3088 7483 590 9288 4797 9368 291 4843 9439 3316 131 4991 6145 3683 5691 3600 3718 5676 2276 191 2310 3408 1961 7123 5859 464 6063 9476 1
34 5289 1445 1951 3798 1157 9991 1144 6386 2813 9023 2387 395 1514 3556 2153 2923 8486 2620 3774 5570 9501 9808 758 6295 5493 6015 8580 5130 9117 3313 8331 4846 8022 2
26 6345 4376 1580 3695 2792 5634 5449 7700 8088 8397 7304 142 9326 9472 2441 6613 2540 1898 6035 7391 2408 8594 4716 5646 6111 3
30 9468 4550 1176 3435 7352 5326 6131 9960 8595 3766 5327 3079 1853 9596 7583 7624 7843 7212 3195 7765 6995 9919 1812 6640 556 2070 3206 1935 8727 4
30 2243 169 4277 789 262 9670 7992 808 1088 3733 3633 3139 7168 5116 7626 1798 2535 2265 4052 9827 5846 5876 3218 2658 465 1718 8947 6467 8789 5
36 5173 5100 4362 9767 3019 9141 9297 2531 9114 6146 4184 2286 1221 7664 3735 4232 2336 9428 9972 91 9605 324 2192 4445 1618 6555 2089 4420 3755 5508 8710 1653 1547 6603 5370 6
48 2181 2022 8808 2498 913 4320 8753 5200 5642 3518 831 9391 7087 2069 5191 7685 4841 4360 153 9276 862 6895 1012 9594 7751 8517 9057 5046 9651 1536 2961 7658 5753 7044 3248 8714 9271 6943 6365 9214 4305 7393 4554 2208 4311 2597 7036 7
18 682 6380 7392 7993 9100 2194 4857 2346 5284 7042 2688 9067 1371 5841 650 6534 2951 8
25 4642 2901 2528 9231 5190 5438 358 7215 250 4412 6276 8408 236 5544 1878 1663 5647 2271 8327 6271 9396 9227 4891 2225 9
29 1820 369 2325 9618 327 5059 9750 3686 7431 4281 10 8226 8639 796 4928 3320 4484 8836 4814 5065 5836 998 7611 4177 3749 3120 3386 6221 11
16 2513 666 211 4898 2090 5063 6696 7089 7093 3229 184 3956 5132 5653 4557 12
47 3690 5479 1060 9741 8482 4963 4077 3389 1559 6504 279 4696 5535 8921 3933 6488 6716 3887 9962 6599 3626 4195 6616 6014 4187 6017 1469 5657 1701 6945 33 420 3125 9467 8626 1484 7834 7375 9277 4779 4479 3021 8543 4124 2659 2627 13
10 4358 3305 9646 8965 7671 7341 1690 6234 8824 14
34 7249 3225 101 5936 6057 2175 6506 1038 162 6813 8745 5320 7898 4419 7003 8248 4383 197 6350 18 8648 638 5047 5499 8375 4799 8463 8154 9766 4338 2273 2163 939 15
25 3232 1313 5778 4294 1443 9285 5136 3608 3809 2721 3000 9603 944 2416 3177 8866 7069 2593 2007 3185 7533 8874 5606 626 16
39 8657 1953 4161 254 6725 921 3929 1112 5034 9558 9703 1945 8048 1654 668 8318 2121 9967 6932 4457 6579 4566 680 1064 8514 2970 2647 8252 8837 5896 1562 7713 1614 1052 5318 2664 6060 3259 17
40 6289 1678 7984 9813 4938 4003 6098 547 5680 4395 8733 89 2110 4654 299 8790 4283 5523 5637 6006 6074 7875 3268 7423 2807 2544 4570 2488 9736 9340 343 1293 1456 5973 4047 5697 2169 7601 19 20
40 2509 1322 4983 5883 723 1539 2442 2413 4689 5674 2236 9719 6660 9039 1341 5074 4093 8658 8050 1084 4514 6557 1809 2472 1577 1964 1608 4726 3322 4864 7902 9642 7460 2914 5388 3478 3687 9569 8377 21
42 5557 5593 9702 9105 577 5473 6942 3336 1001 1207 836 5669 9435 7407 8064 7113 4853 9344 9322 8749 4902 2428 3942 390 6991 2502 6664 6428 8980 7906 6291 1287 8925 9940 5543 4553 5629 7173 6479 1300 4243 22
45 6496 1965 2274 4481 4266 6837 7523 4126 4787 8944 1897 1439 8606 4808 5394 7521 6065 5098 3483 5404 9072 5525 3645 9630 960 4324 1691 5961 392 1825 1585 3617 1425 834 3627 1134 3260 3343 6093 3535 8862 4374 4622 1948 23
24 2184 1148 6448 8294 4793 7153 9102 2592 3280 7943 8174 2013 2211 2656 5874 5939 7151 1939 7049 224 5723 1150 8850 24
20 5328 7494 2825 9557 9583 6236 1650 2108 5366 1327 2189 3189 5108 1061 7926 1851 2202 8197 1000 25
17 707 311 3468 5055 2713 4803 2041 5188 9172 3977 4997 4751 579 2087 1832 820 26
44 1131 9636 3440 2446 2829 3127 6835 7545 8003 5049 7599 8180 62 2682 910 9419 9912 30 1003 9091 3146 6100 8409 2341 8666 3308 7195 4932 5164 7699 1542 5024 1517 6481 3204 8589 9878 4160 2677 8087 1705 4103 27 28
29 5780 1416 2966 2306 4370 7080 1108 5138 1791 7814 4025 2646 9568 1235 3806 3810 345 3464 6635 5580 5817 702 8870 1887 1569 5821 9573 1558 29
21 3430 2201 5311 5980 9372 7097 1817 9997 8311 4611 6546 2130 2492 1544 8618 7459 4987 8301 2508 2117 31
29 9099 5393 293 9204 2126 453 2490 9133 7297 2826 9855 873 174 8235 6260 9374 5538 8959 9307 1290 1958 3514 790 5854 3380 9380 9536 5672 32
23 3350 4006 2088 2394 7566 4533 4949 1706 3656 5935 1153 8707 107 2474 5661 8424 8941 7131 3969 557 4156 3643 34
29 773 2480 959 3118 6007 941 2188 1318 522 6760 9704 6332 1454 2965 1171 9176 3978 5345 2423 3460 3184 5644 316 5604 6870 7252 976 3883 35
48 5109 7637 5728 2113 4102 3354 610 6433 407 5736 5679 2767 3615 6477 3523 7427 8879 5260 4165 4688 8266 7509 5938 195 5454 79 1086 868 5414 2650 3984 2976 4795 7163 1077 6152 2080 49 1006 7977 5415 3347 1652 1226 3664 3346 7058 36
44 7576 2552 7842 2978 6764 9146 9145 468 1779 9971 3017 9952 6981 6389 1525 6917 5141 4564 4840 1632 1095 9551 8279 1645 9955 9582 5319 7863 2590 598 5714 5085 3850 486 3836 637 7404 4140 5790 7825 3458 37 8217 38
29 3047 715 6304 9825 6262 2131 360 3028 1129 5678 1161 4141 586 6983 354 8716 3760 5891 8308 2289 4350 8690 8884 1082 4348 6997 3032 3618 39
44 816 2703 8601 7999 4880 6921 9842 1728 2968 5457 5011 6459 9599 8664 6587 2732 9383 4118 7250 2226 5405 652 9059 1742 9376 1041 863 3552 312 6045 3369 6701 4598 9747 8205 2628 9673 432 4606 994 8185 7467 40 41
22 4894 7648 5701 8833 7835 3635 7792 2335 6405 9160 753 9483 6644 4462 5322 3903 3995 8861 3180 437 7937 42
43 8819 935 6378 4343 9578 3066 1310 2837 4772 4144 3299 220 7259 5453 1216 5317 8875 4901 8805 2193 8156 6286 3871 4185 8709 8508 1379 3712 5079 757 8797 8877 4226 3812 9168 8613 3126 2227 59 9677 5225 4662 43
43 8395 8152 686 5827 4405 8997 3034 9829 1480 9407 9900 4434 6186 9184 8614 8468 4473 1681 8471 1071 5552 2179 2282 7454 8452 3337 9585 5802 3064 6232 9746 2830 4149 8265 2277 4865 144 3719 3619 5631 9430 7223 44
35 979 2300 8586 4223 8937 397 3104 282 9870 6754 8093 8835 4380 9936 1661 6859 7277 5987 5082 5536 3925 4224 7240 9590 6494 981 2594 1301 6371 2351 51 882 1219 9359 45
21 1886 445 8187 7313 5805 6160 6773 7331 1265 1426 4074 5940 4219 5549 4820 3751 6363 5879 2430 7376 46
35 8440 8711 6793 5884 2994 8469 5401 7490 2478 1975 5435 7378 2452 887 7371 1865 1258 5781 7157 4640 5410 5787 5682 1191 4158 8137 8044 8123 1962 2322 3402 4319 8957 4538 47
43 3829 3236 5989 3447 448 7597 2549 6320 5072 9454 6608 4398 3593 1680 2367 1847 5432 1096 3323 2843 3917 201 4954 3985 1237 1740 1711 5618 4448 6095 675 526 8036 5718 4292 3703 1602 8120 7472 6819 3528 5244 48
40 706 746 5101 3050 2861 7949 3192 3819 708 1687 3359 7809 8821 1938 4915 6478 5145 7696 6561 8592 8858 7606 7517 8674 4633 8515 2301 3172 4780 6770 6986 6944 2449 9129 8083 263 6750 2840 4592 50
33 5966 4130 1329 2912 9743 8571 8493 9132 7286 4907 8062 8523 7410 788 3383 8356 8722 2692 4531 3401 6144 3132 6516 148 5889 1929 5390 9552 5293 1359 8122 52 53
31 2369 5716 1789 2343 124 2496 7117 8004 2173 167 8423 2846 3909 2686 5581 3930 3432 8511 5068 5652 5513 6384 2671 7714 9993 2618 5179 9354 3880 1646 54
20 1353 151 6538 4036 2725 1952 9268 4710 6879 6630 8143 7621 8572 7527 762 2134 8147 6439 6185 55
33 4023 9092 3507 2693 9246 1648 9882 7355 5250 3489 1483 1828 1078 3043 1053 4641 4516 6080 2066 1708 6651 2845 3286 5197 7524 4451 9650 5760 2839 9717 4241 7441 56
39 1194 4965 7420 9314 5546 9134 1692 5447 2331 4080 3325 5301 1561 4242 4768 7247 1818 5471 9969 7024 1575 2880 5146 3365 2200 2823 8082 8332 4886 1983 1972 4731 3335 729 57 9906 6288 9916 58
46 1387 119 7647 6300 8663 8915 3728 4589 6755 6524 3063 6351 6330 3077 5704 5439 8009 378 8289 7886 4403 2909 9311 3243 4000 8478 9034 2213 8635 1073 7175 5703 9772 7591 393 9088 3441 1336 7983 5232 6514 4432 4013 3097 6342 60
32 5796 5468 9627 7704 7439 9803 7940 747 6811 3223 1137 1151 2870 5392 4655 4231 5949 1829 7251 9069 6934 2879 8527 5750 3405 4918 7289 9560 9765 7641 5020 61
21 4916 741 7694 7644 987 9541 1773 7241 1099 6840 592 9346 2486 5272 371 3853 795 7146 1378 1212 63
31 1427 3905 4021 4424 1873 7017 3750 3124 8320 3009 1916 841 8305 1487 4131 1386 3707 5792 4529 3503 5013 1203 7559 7145 906 6906 8620 8343 6801 7678 64
44 8149 1754 7989 528 6923 3896 6227 6965 3534 3793 7380 1949 3446 7740 8549 4924 2699 8027 7981 3688 8975 6935 7292 1604 7345 1457 5871 3886 9154 6980 9373 1076 840 221 7202 7158 8223 1074 5280 2329 6242 6113 7986 65
22 7639 9576 1506 3291 9754 396 5932 3799 7099 1132 6883 6376 3143 1501 1185 1998 2376 3562 8535 2691 8069 66
34 4771 9473 7893 2136 5492 5772 5131 4925 6397 1279 3288 2533 8095 2795 1659 5555 1982 1802 3059 6559 5198 3080 4364 9770 6108 8391 7586 1892 2724 67 8582 5398 3588 68
38 3974 2740 7915 112 3351 8333 1139 4546 5510 3429 6737 3362 3071 3559 797 70 4970 6676 8992 5597 6079 7469 2820 3309 804 8777 4303 4998 5202 7138 7219 2185 406 2922 181 2818 5586 69
30 8720 9663 2850 8109 176 2000 2350 6937 818 8021 7394 4852 2529 9513 7918 673 9761 9662 6661 3484 2815 5103 7734 6949 9807 4183 3094 3456 5578 71
47 6070 6722 9235 1976 7798 3384 7256 9041 6441 1586 6545 2747 9760 5151 5042 4488 5403 3545 3486 3582 8476 4738 962 5114 6033 504 8943 7290 648 8206 937 4760 3671 4695 325 1909 3591 4186 8363 8396 7824 6507 5720 5944 8740 72 73
46 2819 3971 4178 9607 5021 3388 7630 2596 8393 9781 9448 1163 2651 6970 8961 5399 2260 8193 2763 4719 6950 7838 7917 1606 331 1788 5338 8145 6149 7722 628 3814 785 3219 5897 3681 2643 5148 2157 9714 778 3069 7161 9329 8700 74
16 6766 4615 8550 239 9262 9664 2469 5229 3595 8689 2319 7972 3330 5450 6753 75
43 6601 2402 9011 4151 132 6592 4552 1158 2295 4791 7351 9614 5184 7059 7071 9126 992 5323 1166 5812 7079 5096 3154 2726 783 9016 6878 8577 234 5834 7437 8922 4500 1594 2689 9600 8888 5563 3134 7766 1418 8556 76
35 8264 81 8204 3965 4527 4781 1010 9485 5690 6159 6264 5127 3641 9566 1264 731 4783 3098 8945 2493 3642 1996 2988 1598 6077 2503 2500 8513 6777 844 8402 737 1510 4120 77
29 9610 4296 1028 8234 9107 2653 9217 2719 2386 1862 1120 9456 5864 5419 6377 8394 7731 3265 3046 2138 1055 7154 9834 1019 6721 3857 8054 1410 78
28 1062 636 938 1257 2752 1668 4503 8304 9252 446 7480 3272 3187 9648 2307 1133 9369 4041 8313 2170 2897 3665 7537 5312 3679 6191 1343 80
43 288 7605 9054 5564 4913 6900 5084 3778 3178 7164 9545 9681 7963 2700 3967 2675 9904 3096 9641 9416 6358 5484 473 5172 3141 122 8090 2770 1807 3927 5788 9850 1893 7182 2456 4977 3676 4197 2530 2019 8163 3289 82
45 6474 5589 208 9222 4064 8378 2312 7625 261 1573 5158 5758 4917 8772 9415 5337 3673 930 6290 8132 9077 6435 6709 8738 8008 2670 4567 7871 5353 5080 5988 948 8070 9970 8929 9764 1312 8607 3279 6919 5458 5931 3825 4955 83
25 3866 2868 7603 2426 5349 1269 7329 4947 152 5962 1905 6713 4416 9044 884 9931 6343 4697 1149 8251 2926 7011 5666 8480 84
36 1122 2444 2338 1075 7650 7314 5258 9364 5670 1127 9033 9491 3001 2983 8994 7291 9040 4337 4332 5974 8942 4215 6421 7758 7269 7112 3858 4354 6881 6257 3724 3107 8770 2848 5125 85
33 7891 7904 5627 7749 193 2634 1496 9189 4079 562 2919 1994 7506 6521 8461 2676 6254 8341 7476 6193 9794 1726 5923 7896 8404 1452 6147 9025 7783 9635 8414 86 87
31 9125 6512 3262 2984 7411 643 7674 8621 1447 6402 2060 4316 4247 9336 7831 7073 6049 5168 9880 8115 7419 8516 1839 7966 738 6653 995 1546 6795 2755 88
31 8530 5534 139 2883 8687 6043 8839 914 8368 2417 533 1388 3492 3691 3802 9013 7821 798 1744 4321 7139 5977 7660 4995 6127 5813 2698 2410 5029 8350 90
41 2749 2327 3563 9625 6985 3736 2454 8200 1325 4366 7414 2479 611 4490 733 1954 1436 1793 2314 852 9720 8661 6349 7839 4051 8490 8222 2666 4534 3727 5003 7350 9555 7577 5361 3110 170 4790 9304 5571 92
24 8829 4012 3074 4085 9208 2946 5504 813 8562 4861 7271 2896 5283 3935 6612 7101 5830 7793 9442 2526 9257 129 5071 93
22 964 4211 3360 3816 8541 3006 1748 8767 975 1967 9043 7451 5847 4175 9953 2853 7100 4471 8319 8171 94 95
35 5630 6691 6219 2029 6430 3292 5532 4092 8857 4073 9053 5958 3832 7532 4054 3226 792 2550 5742 2302 587 8295 6941 8983 9120 1285 1823 2586 329 4145 2862 5848 7795 96 97
21 8998 5959 934 4761 7205 6335 6395 128 9812 9961 1806 8813 5594 3624 8655 5119 5143 6853 7721 8563 98
36 2645 6735 881 3831 4883 3469 8684 3899 5134 9118 3734 1231 7788 7651 1083 806 5231 7415 3136 5075 561 9451 3246 2421 1488 2723 4463 4972 3848 4683 7784 5174 6748 3994 247 99
32 7232 4428 2388 1555 2330 1470 7672 558 5383 460 3151 5963 6337 7797 2391 4129 5591 9749 9525 7053 8124 9956 3415 7001 9876 4904 6246 6492 2172 3737 100 102
25 6971 1277 4229 1477 7799 5833 8058 2638 2579 7338 290 6803 9052 8782 4561 5194 1039 9343 4408 544 8074 6527 2049 3631 103
32 3493 9937 536 5243 4014 9048 6548 8441 1249 2035 8573 5741 847 1190 8077 4813 5947 5488 9423 1385 3301 1295 8802 8602 7054 2114 4286 8278 231 2964 104 105
46 8035 9240 7364 487 1465 7865 7300 7312 4132 1362 1468 2030 9156 498 6830 9633 843 8041 2933 9444 1292 1050 6001 9351 5635 2144 8117 4763 6362 1858 6828 1462 7052 6097 9797 3522 9792 469 1210 2623 8211 8865 5857 4929 106 108
11 1671 9238 6636 5441 1411 8905 3041 980 8949 3491 109
41 5738 7374 4581 2705 6359 3953 6502 4045 8617 256 5418 8178 8118 126 8752 9667 4508 9164 6905 4119 7719 5911 4329 4439 7593 1617 1043 6317 6383 5266 2392 5474 8683 8232 8923 4823 1472 1261 1247 110 111
38 5964 255 2038 4441 9773 1507 4352 3119 8297 3652 8568 5294 2595 5878 8106 4667 2609 9529 2655 5420 5038 5877 4385 207 3479 3892 349 7996 7184 8168 295 9608 1522 9131 6458 8210 5501 113
31 1404 3070 4601 6224 4934 9101 5886 2769 1636 8006 2619 2284 6401 6690 6554 8364 2124 4551 7039 9517 4509 4091 7416 6876 8249 7649 6258 759 3480 114 115
35 1521 662 238 5495 1369 7849 1164 2109 3352 9195 9066 9312 8792 4301 9708 924 4896 6022 8129 2093 192 2801 5355 2562 7144 6621 4600 6576 1093 3838 9811 4446 3620 1020 116
42 7791 9902 7230 4344 3884 2613 8880 1358 3801 8160 8882 3721 9492 6253 3500 5187 7366 6088 5380 9489 7813 8598 8291 1854 712 6464 5095 5648 8818 2985 6136 2704 401 6911 447 4506 6118 1230 472 9334 7115 117
28 7061 5352 2972 7203 969 4480 391 2431 2244 7142 134 4517 755 539 2873 3781 7395 2318 2998 2298 1758 6959 2697 6453 5953 1805 5665 118
43 6742 7477 9986 8557 7745 1596 9725 9469 8162 9170 7954 7063 1937 5325 6887 4375 7538 4237 8485 1499 9024 3672 3372 9894 5140 2027 8647 7970 5333 5412 362 5641 6968 2361 1662 2940 6212 3863 5253 6931 5547 120 121
27 5413 6174 5254 3338 2989 5154 8623 4389 8810 1289 7354 6614 3911 5408 6129 5997 6394 7242 685 3914 8385 9123 9915 8847 1923 123 125
22 4714 9149 3873 3087 4172 3906 1228 1672 2077 8025 8504 688 2288 1582 9866 6978 6071 9715 3382 8999 1545 127
25 5331 8236 7690 1699 6189 3207 589 2588 5330 2759 6975 3089 1398 9049 1940 602 321 679 1841 5057 1306 9776 4750 130 133
21 1572 5112 923 1977 3785 8771 4609 227 8759 4812 9433 9453 9713 6834 722 5855 3093 9577 4042 135 137
34 694 5102 8565 742 9733 9177 3589 6924 3016 7850 7705 5292 6964 7829 240 9732 2363 8337 7478 8066 5354 1703 4298 5659 7673 8282 6266 5798 6364 2238 4911 7111 138 140
29 663 3975 6580 1686 928 9110 6704 1280 3379 4397 1297 1217 6739 5692 5715 1027 5417 8465 1926 2834 4468 4191 1107 8762 3611 6958 9507 8119 141
37 6955 298 6173 2572 413 2347 5133 4923 4222 4402 4323 7867 9401 2568 1268 2858 3888 9138 2491 5596 8899 6235 3145 1670 4189 1576 9989 9841 5667 9296 7530 8113 4273 3113 5900 2203 143
22 7369 838 3824 7534 5800 569 5625 226 1944 3018 2521 4359 9548 9775 9446 6461 8584 9893 1085 9414 3861 145
35 3860 6948 6011 4203 9966 5155 4984 7598 6619 3285 8638 4577 3414 2437 3976 3191 4478 8765 7617 9875 4429 4407 4206 1719 3205 3214 681 1567 4198 8431 4681 5199 359 8596 146
30 7754 4483 1111 4777 1440 1848 6784 630 684 6863 4306 370 4616 4936 4811 4943 9308 3183 9051 3287 5461 763 8717 6994 430 7335 8898 616 147 149
12 9266 3391 9417 9945 3053 3602 3244 7581 8231 8969 6960 150
35 2973 8970 6530 8357 9272 2216 9595 4889 3912 7554 7830 6223 7857 3086 1087 3423 8381 2494 7895 1225 667 2905 9518 878 4425 5077 7955 4951 6417 6005 4844 1642 8019 154 155
42 833 7275 4355 1667 1204 6529 2938 1136 1361 4235 6687 9139 9546 6565 5052 9665 1331 4400 4623 9674 7619 385 5397 8964 1624 7950 6820 3115 3166 8283 7225 4116 3363 1737 2195 8276 2836 5446 3238 2152 1009 156
41 2264 8518 1751 5377 3865 8633 245 1415 3353 3730 1786 982 7689 3529 609 7702 9822 3970 377 8135 7023 9531 4513 1885 237 6177 4571 8579 1611 5436 4725 9007 6275 323 8641 3400 3637 9281 6518 157 158
27 3393 7126 6229 7808 8846 5237 8795 3273 9434 1674 3634 2527 6369 1709 1119 2128 4347 3095 1032 4049 7305 8340 4361 4678 3870 159 160
29 8336 3261 2781 6340 1590 1826 2601 7339 2742 3773 7812 7518 9280 4730 9895 424 1117 7633 5764 4510 2617 2251 9021 1548 1360 4732 302 1114 161
22 656 4994 2229 2557 6729 1553 3999 2323 5364 3661 664 9980 232 7982 7299 3895 2034 2364 5528 2960 6517 163
29 8891 9477 1685 6868 9763 9843 3876 1366 931 6785 6510 7964 6028 7504 3581 1957 1380 7083 373 861 7390 5044 7717 9977 3012 431 5265 2055 164
41 4871 5905 1831 2337 2517 8852 4485 749 874 3298 3198 9303 8887 5602 1899 5894 3867 4727 9624 6303 8411 4859 8993 4193 2475 6091 6273 9387 7306 9356 6631 8057 2372 1600 3533 9004 3284 5476 4133 165 166
24 7201 2768 3993 6265 4593 2748 6216 7557 2547 760 7885 2654 4794 8346 2075 6594 3662 2575 4075 2765 7233 1752 9287 168
43 2320 8726 7452 670 5922 4933 9668 4016 418 5356 1639 4326 7852 5995 4088 1405 5144 5315 8841 8741 6180 8121 4878 2048 954 4005 3864 2678 7204 7634 5735 3954 7008 9690 7026 4519 9259 4728 5623 9909 4040 6170 171
37 6485 3252 9109 5491 9279 6693 564 3921 3960 3777 2779 6313 3476 9211 5221 4712 867 2311 9403 4230 3217 214 2004 8702 6646 6194 8781 6899 4753 1303 2608 8519 6789 1677 9860 172 173
36 5090 7010 1946 5227 4651 2057 9495 6245 6460 5160 8928 4453 8778 2640 6938 6869 2993 6092 8324 8533 8245 6855 3659 5129 4342 3162 4631 6700 3002 7803 5459 3467 2669 175 177 178
24 1730 1205 1201 5624 4406 6116 8172 1173 5819 3742 8067 4106 4875 894 6462 8507 717 1844 4339 1722 6052 9990 8453 179
15 6756 7456 8665 6796 1453 9828 5600 3202 9609 6998 455 5825 5494 4568 180
18 7186 2237 2074 3027 8796 9862 8853 5754 7854 8576 9298 7482 301 6569 398 9097 182 183
33 3525 2809 7938 7515 5969 7359 1377 855 198 8126 9108 985 9661 6733 8498 6241 3961 7022 5916 5685 911 8053 6440 3571 9499 5926 3349 805 6073 8098 185 186 187
32 5765 991 3181 5942 4182 6656 9820 551 4159 9988 8696 4295 7075 1836 6568 4565 1342 7953 5255 9788 3254 810 6449 7744 3715 3140 669 4778 5058 1254 1304 188
34 6503 3263 7074 9254 6029 5656 529 2614 7311 1503 5066 5339 2518 4990 7874 5277 5346 8464 7560 6055 6105 4399 8553 7947 7669 7968 5242 9938 2458 9656 2196 7496 189 190
43 645 8559 9094 296 5951 9342 8972 5920 350 1827 7421 3621 4767 8065 5785 6575 9867 2935 4284 7295 8165 8216 3900 3610 5262 5407 8985 7160 1316 3955 5683 8849 4769 1579 2145 5839 9589 2786 3378 9241 5865 194 196
32 2497 1796 1016 7028 2154 2710 2881 3997 9724 5569 9375 1282 9604 4958 4152 4265 2062 8076 6585 4579 3878 6426 3808 3598 3361 8400 9693 8430 2864 6210 199 200
39 8433 9503 4805 2924 5548 2165 7860 9911 3439 4930 5582 7718 6292 2476 5895 1450 6050 9014 8060 8322 644 7781 3374 8108 3052 2777 9839 3485 1917 5429 9891 7618 8919 3983 2032 4962 7789 9532 202
40 3445 6016 6665 3311 2420 1859 3171 6021 7176 8872 9171 6482 2150 2906 7185 1351 9047 2155 3787 1782 3678 265 2684 5984 6595 1165 2083 8914 340 5791 269 8144 8267 3586 9782 6373 8384 9669 7899 203
15 6547 4973 3297 6382 7491 4518 5823 917 8089 9918 5464 7489 8253 204 205
38 4976 2911 4194 9128 8609 5296 5426 8362 457 6581 2715 8466 781 2827 2816 2097 4619 7526 9157 571 687 7322 996 1056 4081 6549 591 8531 7409 8355 8838 9873 8429 3304 5159 6465 206 209
24 1947 6531 4532 5999 5746 8746 2287 6523 7121 5332 2439 4647 2481 9509 367 2067 4474 535 6158 3644 8374 6470 210 212
32 2999 292 7386 2156 5542 6042 6420 4275 8326 9055 8991 8170 7261 1037 3536 5687 3504 2918 6533 6732 5362 9220 623 5224 7303 1278 8735 1966 1115 8718 213 215
42 8653 9574 8848 8688 322 6841 3112 8822 8713 8860 5193 7778 6279 3282 7841 7747 6176 2750 9169 6821 8080 2534 2046 4313 9756 389 1623 7199 7473 1669 3716 9215 8503 2606 6107 1356 7133 8078 5273 8552 216 217
17 2228 5050 1311 5076 902 811 2736 932 5316 8389 9371 6112 8380 6051 4018 3255 218
22 580 8215 2847 5503 2468 3163 8026 7539 1746 5972 2751 3056 4095 2081 4169 3275 7450 4390 8622 3723 219 222
36 5511 6979 2411 4154 8338 1927 7844 9593 6030 8186 1224 3660 5308 9086 5719 2607 8475 6495 2047 7682 6370 2407 8697 8779 3474 5019 8889 6772 7767 5739 3792 9210 898 2092 8000 223
12 1747 8039 4162 1326 6190 5384 3153 3266 9484 8047 225 228
41 3194 1365 4866 603 2854 689 439 1013 4304 9319 4117 1200 4250 5118 1554 3837 5496 8247 809 886 8567 7197 1255 9441 6826 1783 7543 972 2280 1526 7782 1666 1408 6334 5595 5010 7878 3964 251 1931 229
9 7206 7962 5053 4146 4766 2450 2005 1022 230
37 4940 1324 3849 2487 581 6645 2209 3370 341 525 4269 9440 8116 6137 8405 3872 3473 459 7817 3745 5121 1868 6281 3174 3179 9206 452 5365 7057 8275 6723 2929 9010 4061 3310 807 233
20 5885 6544 6154 5927 1990 3762 7772 1732 5867 8142 6209 7412 2821 8091 2073 4057 9831 2773 235 241
27 8407 4188 4897 5990 9554 9360 5815 5681 2218 1063 705 8906 4996 2542 5490 2204 9153 1919 6355 6151 1571 5147 4735 3264 8001 242 243
34 8605 3475 4199 9730 8909 6306 8268 5707 8525 4816 8512 3926 4926 5731 4627 7165 6650 573 4261 7264 2727 9502 7818 9290 5051 8369 3780 8488 8939 2794 7356 244 246 248
26 5574 1250 1045 7862 8973 2164 3725 732 5560 4597 1234 8544 8470 1451 6622 7130 7565 7520 3014 3222 4908 4721 4257 4110 766 249
27 6416 5845 832 6682 9366 3575 6407 1583 8438 7183 2270 8256 9738 5986 6588 4100 9751 2283 9520 7519 7214 6322 2814 5230 252 253 257
36 8038 5368 6720 9196 3510 5056 1738 7019 1979 8138 1695 7610 7422 3913 9892 7484 3501 8233 8676 2980 3543 351 7031 1505 5638 2064 6310 4702 3928 7348 828 5616 1147 9317 2463 258
32 2349 9095 2275 8218 5971 6446 6891 2403 4270 7018 6027 4251 2910 4815 7397 4002 7897 8886 1004 357 925 3434 8492 1497 6083 8349 4369 1044 5314 9515 259 260
31 3526 356 6866 8373 864 4239 1613 7616 7590 2002 5784 9645 7924 6522 8257 8814 3271 3904 5489 5257 2359 7280 1991 2798 314 443 1015 8654 7881 4127 264
36 6192 6493 9022 5135 1673 3775 9309 3168 5088 2831 449 7108 1236 1244 2254 3805 9784 4755 7396 6431 756 2262 2342 7487 5423 7279 2878 2764 7905 4927 4393 4741 5592 9753 266 267
28 4218 2122 5358 3648 1881 4289 4104 1902 5246 9050 8176 7389 5248 6124 2326 6711 475 5286 5583 5270 1467 7281 3550 9984 5157 6059 978 268
31 4449 774 4659 6885 7301 8660 8128 3732 8988 2037 2565 2445 3788 7771 9295 9957 4524 7127 8114 8825 5814 2598 2554 8636 2457 2224 8372 9700 270 271 272
41 2158 8270 6542 6697 1835 1936 850 4030 634 5156 9026 8954 6847 2174 1068 9348 6537 6501 3902 1124 5128 3427 1566 6874 7051 9924 8499 690 3649 5873 8948 5048 491 6390 5150 6782 6434 273 274 275 277
51 4618 8522 633 2241 7272 6167 5031 7958 2886 9768 8807 9959 2629 5567 1710 530 8051 4596 4246 8467 9849 1725 7701 9835 1033 9213 7495 9427 1395 8966 6104 2348 2514 7868 9399 2294 966 8537 1397 7774 2806 6993 6973 4723 3390 1473 7002 278 280 281 283
21 6139 8092 8358 1735 8800 6705 7961 4523 5763 9824 4465 4691 955 9223 4700 1479 6717 845 8612 284 285
29 5603 3326 3175 6856 1141 5304 9113 9613 9273 943 2186 5677 2668 3771 304 9899 9567 3957 8455 9726 3941 4729 7888 7228 4267 7991 5376 286 287
38 1675 8228 4031 4885 5577 6044 7324 4802 6385 8694 8799 801 3820 8150 2898 7679 984 7724 3020 2977 4253 9950 926 4548 9519 8885 8269 6294 5236 9147 4220 2253 9637 4522 4909 566 289 294
44 6689 3940 509 7636 6858 6844 4607 7361 1348 3220 5688 617 6026 3045 4034 4809 4101 6037 309 2626 7076 4968 7939 9209 4604 1533 2149 5832 1928 8260 9310 9521 6797 1877 7833 1552 6195 1903 421 5978 635 2221 297 300
33 8230 6953 2739 5530 5030 5081 8456 851 8927 1024 8864 6791 9284 3487 5590 5915 4806 5249 1714 1091 691 1193 4870 3231 7045 1930 4492 5898 6230 4325 5334 303 305
39 1070 5875 4421 1607 7485 4591 3277 6641 9863 6315 2404 6989 1275 2484 9119 5431 4756 1051 6762 8990 3764 2215 4470 1007 8081 8347 8398 4680 6827 9973 3548 2098 3835 2679 6715 6685 2100 794 306
20 3729 5498 6551 4217 6010 7500 426 6323 2071 1184 6217 5395 480 308 1658 1683 4649 8897 307 310
11 3539 9921 7563 8608 7826 8130 9787 3224 7733 313 315
24 8421 3650 3149 9777 427 2811 835 9699 5028 9783 2855 1274 2279 7385 9461 6302 7550 4391 4315 3558 4431 4563 3638 317
28 482 8457 8192 8780 647 2943 2471 9934 1901 5139 5195 8896 6632 8427 7107 5726 6577 1298 8056 6892 9339 5869 6702 3922 5937 5533 318 319
29 6411 6940 720 4032 3962 6135 5651 9729 7248 5975 6910 7529 5181 5950 1615 7623 1014 9260 9432 7676 3048 6627 8321 7166 6250 9721 8701 320 326
31 8105 4672 4620 3680 8845 1874 6684 2084 7192 620 3109 3844 5745 5251 4336 6929 1162 3274 7038 2953 7257 3741 3931 4310 3576 5204 5455 328 330 332 333
31 9844 4238 4001 8045 1528 6352 8136 4155 1830 8010 7815 8913 9353 4466 7030 7236 4626 9251 8776 1599 1490 8451 8454 1202 3797 8893 334 5434 335 336 337
45 5822 1080 2869 3698 3989 1856 6203 6769 7960 4848 9234 3757 4423 6206 3023 2434 1494 1906 1643 3704 5614 3211 5460 9212 7321 5789 5907 7757 613 4603 7327 7855 2210 1017 3037 904 2096 9660 5239 6032 2610 338 4069 339 342
45 3949 3256 4786 2589 4087 5757 5209 6731 2339 4703 5686 6285 826 3891 4497 4234 6886 1098 1057 1446 6751 8843 7081 5097 1622 2841 6586 3013 6810 7095 9933 2427 3419 9500 3800 9352 3422 3488 5469 7035 7413 7742 344 346 347
21 8708 3655 2849 4903 767 2507 8323 7546 7572 1616 2925 8494 364 6972 1821 1374 1213 1180 348 352 353
39 8139 1908 417 6982 1106 6311 548 2352 7094 640 1195 2945 9194 6519 7442 7752 865 1513 2760 5217 714 7525 3081 1538 4262 6267 9005 743 8181 6611 3803 9898 440 2683 9198 5485 355 361 363
19 2796 5387 2762 7859 4941 9471 7170 5960 2050 7181 9793 9622 2833 6573 3035 770 365 366 368
11 5858 9130 4017 8967 2133 3327 8371 9818 372 374 375
35 3889 2020 5673 6794 6214 2116 8361 4656 1079 4605 2731 8681 559 3164 5601 8365 5178 3508 7930 3599 7260 8314 6225 9465 7827 1156 5037 7055 6553 6445 5806 5811 6207 376 379
37 1660 1741 5391 6566 2766 7443 506 7536 7884 2031 7294 6946 3852 1797 7973 2891 1220 7708 5568 6768 7568 6628 5522 8627 1781 4422 4578 2433 1750 9801 3128 8011 5223 4707 3042 9910 380
44 5500 3300 2525 3237 3099 5288 404 7440 6898 2495 8040 1541 7384 7919 5005 2451 618 1128 2875 7654 5776 5755 7402 3404 2872 3625 8005 9883 8387 7012 2085 5297 7780 5749 3040 6153 3923 5831 3612 2321 3987 381 382 383
28 9106 4782 4935 6615 8989 7820 6638 8179 2694 9821 2800 1102 977 5852 9179 1551 7770 2569 9413 8325 9800 2159 9038 2709 3791 9711 3111 384
25 7882 8212 7466 4937 1721 2788 6472 4447 799 1140 8344 654 9111 429 3144 3344 1895 488 5342 7307 6788 1581 386 387 388
40 5437 8500 9438 2505 9012 725 5238 3722 5467 5291 4365 5605 2504 9035 8354 4113 6244 8732 3215 1764 776 4378 3295 5740 9542 5506 1011 3511 6489 9398 5612 6278 9861 8501 3003 6914 7436 394 399 400
39 5027 745 1223 4444 2681 8146 9224 5579 4394 7607 5650 8938 8828 5276 1704 4278 1121 9510 7510 7267 6620 3789 5608 4351 2222 8015 6442 9192 5793 7945 5820 496 848 2824 8724 8907 2812 3705 402
26 3242 2639 5768 8213 6823 9397 5070 7347 3986 1914 7009 3919 958 6552 2582 5348 1739 7317 540 8195 9493 4905 4759 403 405 408
30 3767 7373 7725 842 8671 5514 5639 8842 1500 9245 7900 5804 8910 4163 779 4574 4430 1780 8487 1811 4190 8706 543 4076 5573 7235 409 410 411 412
27 4171 1036 824 7486 9185 6483 3375 739 3519 8978 5826 534 7179 4357 2267 5702 971 9837 9378 3981 2959 4181 7149 515 9293 7433 414
44 4227 1417 3306 600 7910 583 6864 7104 7231 8593 3315 1252 612 5844 676 7418 1396 484 5023 8631 3623 9006 2252 6637 6925 2882 2272 8417 1321 6668 5336 9079 5185 7128 8912 6564 4142 9008 4785 6148 9494 7424 415 416
20 2412 2132 1179 3062 6018 2583 2371 2028 4827 9791 5509 900 5162 8867 3898 5443 419 422 423 425
39 803 8410 6301 8277 5078 4221 2397 3579 1354 3828 5930 3397 2400 8863 6643 1800 2269 5321 2344 692 6625 6325 6226 3407 4373 3668 3834 5843 9036 4743 6341 3945 8238 5545 6019 428 433 434 435
13 6181 2591 5463 1696 5842 5531 6508 6889 3417 8043 436 438 441
38 9464 1587 9698 5015 3471 632 4297 1495 9424 973 9402 1700 5795 1455 8524 9739 7628 6437 3768 2851 6072 9810 4942 9778 4739 5110 6528 2285 7942 2574 8240 6259 8096 7343 4134 8538 442 444
17 5705 2787 8739 2997 2378 3786 4384 6726 4709 5062 7098 2771 4048 8330 450 451 454
32 8784 461 5177 505 8680 2379 3952 8086 5451 9115 6451 6064 965 9232 2197 4674 4960 9365 8013 4382 4765 4594 8335 8202 8971 1314 1167 7522 458 462 463 466
16 3915 4733 8904 3060 6090 6066 6902 4334 9823 4535 9941 2127 7890 7773 467 470
18 1720 2612 1413 3901 3317 3345 2604 2975 8748 3894 2603 642 6255 4899 2573 2516 471 474
26 8933 2025 8693 516 2139 8140 2577 8360 3356 9076 9193 3574 8190 7933 4349 6915 6824 1486 6896 3520 9080 7048 1330 6368 2887 476
15 9579 1816 9389 9981 4698 3709 7310 8183 1288 1731 477 478 479 481 483
31 6367 7239 2147 9104 1842 854 5914 4944 7221 6204 3443 8127 8033 9701 1382 3235 6201 2729 4460 9455 1049 1578 8632 4367 2353 1698 3677 485 489 490 492
17 8345 3387 9616 812 8284 1755 7712 3754 4545 8286 3212 4413 5093 2874 8730 493 494
19 8307 3276 4922 3240 5607 1192 5475 1761 5599 1707 631 2259 3998 9058 6933 495 1633 497 499
23 3490 3200 4520 6319 7125 3137 1540 6798 4037 5729 9332 6626 7703 2744 3868 9676 927 9061 500 501 502 503 507
29 7691 956 6836 7542 8422 5756 7726 8830 9199 3944 3813 2556 5357 3982 1383 5946 5912 7514 9174 5774 7056 9922 4540 4174 5269 2730 508 510 511
33 4617 6807 6786 3138 8637 8715 1197 4575 7720 7091 9070 5888 4496 4624 4722 9854 9762 7967 4063 9486 8134 6532 4804 4825 3065 7147 5252 4752 6845 512 513 514 517
19 3770 2324 1880 9798 6354 8643 1765 6792 2103 6046 8046 9540 4157 518 519 520 521 523 524
17 5208 6707 6513 8184 1123 4660 4019 9418 1442 9885 1837 7801 1570 527 531 532 537
31 2026 8219 7323 9282 6920 8936 4004 903 3632 2512 7358 3426 2292 4417 8199 6556 8859 4670 7349 3711 7736 5551 5965 3604 4676 5928 1350 7748 538 541 542
31 1423 5004 6132 3840 4022 3877 8946 4363 5684 4625 6571 9718 6746 4556 2168 880 1021 3689 1989 7447 2111 2483 593 2564 885 1437 3250 2908 545 546 549
20 4773 3506 6719 7511 8024 9028 4212 5924 8444 6293 605 4072 5695 3451 683 7025 4308 550 552 553
19 780 7365 7564 2775 3653 4946 9565 6102 3321 1763 3996 6084 7544 2822 5737 554 555 560 563
31 5282 5908 4635 5001 9998 2722 1391 4912 3979 3312 5382 6122 6890 5122 6543 3815 9093 888 8315 1950 7887 7426 7946 7756 2877 899 565 567 568 570 572
21 1729 9175 4868 5008 9197 9074 7697 7408 8721 7004 7995 5872 6673 2637 3553 9506 5115 6500 2466 6143 574
38 6175 9647 1308 6338 7556 4387 7430 1651 1795 9830 7775 895 4443 3937 8472 7046 3085 4978 5967 7370 7178 7238 9496 7587 3449 3897 6743 2142 2146 3142 7923 5747 829 6499 7951 575 576 578
30 4847 2832 7403 1206 6248 2246 5452 5708 9727 9299 6647 698 9148 8428 1603 3822 9244 916 1520 4108 7333 8287 9606 1242 1808 6287 9390 582 584 585
26 4135 9846 1656 6745 1245 1620 4053 9341 5766 9081 2385 7432 4952 8496 2701 7084 7980 6166 2182 2962 1419 7540 588 594 595 596
26 8055 7988 9897 4950 5941 775 1574 649 2776 9381 6274 7921 9225 1762 3772 8474 2045 6976 3283 1103 9253 6692 5067 597 599 601
17 2902 2954 6808 4029 9771 3278 1610 4209 3554 4684 846 5849 3958 8585 9929 7110 604
26 4299 3980 5300 2148 7140 9680 3004 1787 8788 6659 3782 7739 7077 4459 6540 9063 6667 5448 8052 6284 8032 8570 2625 1390 7458 606
26 7043 7283 889 6759 7224 8272 5123 8930 6926 1034 4881 3972 1025 9826 8823 1175 3341 4427 2734 6535 7268 901 607 608 614 615
38 3221 1259 9474 7372 7118 6618 7194 9987 7062 7006 3616 4521 4216 6809 7562 7743 8148 6076 3061 5640 3251 8450 4097 8844 7461 4505 2354 9907 6957 8012 2743 9580 1481 1969 619 621 622 624
9 1399 9152 8437 7362 625 627 629 639 641
19 4666 4872 6444 6316 6110 1736 5913 8981 1333 7382 4569 9968 6515 2987 2435 5617 791 2448 646
16 3123 3477 7584 9694 6473 9581 7508 6039 7258 6061 1770 5416 5979 651 653 655
43 3847 7040 3596 5309 6658 9774 6674 6854 4573 7686 2738 7643 5619 8446 7446 1155 2261 2804 1256 8401 6162 8610 7552 4992 2835 9758 9671 4082 8625 1641 7695 7776 5797 8668 8744 5153 4530 1665 2161 657 658 659 660
36 6199 5389 7693 5919 8667 2778 6270 9458 8177 1518 1172 2790 2234 5036 3497 4353 9201 6928 9324 9689 7880 8016 9886 8255 2317 6666 8561 6109 1801 764 4180 3702 661 665 671 672
22 7760 6582 8901 3663 8546 8239 7675 9480 3152 9688 5851 7105 4572 1849 3084 8100 674 8581 677 678 695 696
19 2340 2817 2014 9851 3165 4115 6652 6443 6155 4112 9927 4392 4418 697 699 700 701 703 704
43 6749 2600 7088 1320 7737 8209 2956 761 8956 2123 6967 4287 8462 6833 8207 6927 3531 1682 7253 4167 5259 1116 2712 6487 9932 7363 8153 9181 7932 1270 7892 2761 5671 891 4192 5207 4458 1334 7136 709 711 713 716
16 8751 4858 1152 2233 4388 8712 6802 2523 8785 4027 9404 3033 2888 7869 718 719
30 4475 5840 8786 4330 1550 2044 4686 3685 3130 4381 6169 3376 7288 2860 4632 7582 1463 6598 2563 6328 3413 4580 3431 2219 6817 4542 6096 721 724 726
13 6081 2418 2913 7032 8600 9437 8352 5773 727 9601 728 730 734
11 1879 2240 2384 3516 6309 3726 4999 8756 5281 735 736
34 8254 8298 2461 1549 3245 6740 6360 3947 8348 6904 7609 6297 8415 9230 5247 9327 8817 5360 1493 8558 6977 4015 2974 8634 2803 5142 3720 2266 9759 1619 740 744 748 750
39 8883 2290 7931 7698 9405 9852 4867 1474 9408 5017 8434 8085 8220 4207 3366 1422 6966 5893 5518 6452 7755 1482 5367 1154 8242 5863 8540 7588 4612 1498 1243 3015 3324 1367 751 752 754 765 768
20 2605 6578 4673 8351 2180 2065 8539 4317 9462 8646 9096 7786 3342 7622 9203 2971 2644 9814 6686 769
22 9255 7320 6379 3036 2102 7914 8443 821 1309 2718 1657 7959 8685 1556 4010 7681 3932 771 1813 772 777 782
39 9996 8672 7640 9155 5626 1792 989 3918 4086 5189 6936 5829 2482 5210 5303 4664 6366 4856 4985 4128 5111 2599 1933 3213 2708 8460 2223 7800 9188 8084 3448 5203 1894 5828 822 784 786 787 793
27 8243 3105 1760 6356 9920 9872 7971 7535 945 890 7120 8309 7516 9722 8191 7296 897 2866 7050 5515 7218 800 802 814 815 817 819
23 7328 9264 4043 7187 9804 4810 7659 2501 4489 5870 4201 1008 8495 4736 5807 4148 7033 7159 8894 4668 1118 823 825
15 6432 1883 4882 5698 9400 5921 2758 9848 4961 6490 2459 7655 827 830 837
27 7488 7015 8412 2499 7571 919 1241 3293 5094 5689 2991 7652 909 3658 5002 6781 1974 5655 4401 2018 5290 9443 2865 839 849 853 856
24 5892 6222 8244 4335 5374 9682 9805 6597 2207 3158 6908 5149 2996 6591 8734 1766 3515 857 858 859 860 866 869 870
22 6012 7318 7211 4966 3373 1232 3551 3368 6454 9917 9631 1625 9229 7196 872 3131 8208 9887 4610 7600 871 875
12 4066 2056 8158 6187 9331 5482 1042 1855 8982 876 877 879
19 1715 8328 4789 5991 3776 7974 2584 2555 4341 9386 6183 2255 5613 9999 883 892 893 896 905
35 1519 1420 6747 7106 951 2871 2375 1843 7941 9318 6718 7769 6099 2345 7092 1400 6172 5882 5092 5658 9361 1461 3845 1337 5165 2063 6408 4663 9728 9856 5261 4576 6867 1018 907
32 2105 2051 5428 7642 9248 7282 8189 4704 6563 7174 7548 9190 4957 9905 3890 7387 953 2889 9639 1409 8704 3241 2894 5000 8908 7828 3950 7308 2716 8386 908 912
35 6200 2382 5427 929 7574 993 1971 3717 3747 1352 1345 2506 6480 6314 2308 9447 9460 8293 7645 4831 1591 1238 9706 6020 8934 8769 9261 9367 8900 4774 915 918 920 922 933
34 2291 1959 8868 9452 2876 7512 7103 7811 9586 3796 2315 8481 2893 7635 1368 4288 5519 4849 7763 2844 8583 4745 9124 3106 9032 7589 9243 3302 5521 6872 936 940 942 946
42 4060 5344 5424 6678 4536 5442 9412 5759 3951 6558 8250 9857 3067 3846 4638 3851 9587 9617 9226 3992 9588 2745 9321 4282 3332 4539 1516 8141 1125 4512 7541 9629 5396 8196 6894 9535 7200 6468 947 949 950 952
23 4869 6261 6269 6418 2947 8167 5803 2558 1734 2042 8111 8815 2205 8628 2024 9643 9533 5733 1401 4452 5035 1344 957
26 7276 4300 5061 4585 7367 6952 4442 5073 9874 3521 5771 8705 4121 7732 9302 5385 4433 6491 4274 5126 3247 5968 961 963 967 968
22 4939 6736 9632 4020 5099 3568 2187 1253 4720 4770 9037 3882 5371 9350 2567 4026 3670 6624 4650 1174 3367 970
27 4547 4969 6215 5609 3669 5572 8370 6353 2112 5550 3455 9889 6675 2054 5016 4450 6610 9672 4504 3744 974 983 986 988 990 997 999
11 7497 5762 9611 6150 5480 6812 4931 7688 8834 1002 1005
29 2735 1332 4204 1502 1727 4914 9065 5556 2425 1819 2757 9537 1679 4322 3765 6305 7330 9355 9539 1101 4599 5537 3355 4333 7417 1023 1026 1029 1030
42 7479 1597 9163 2217 8645 7667 6596 2091 9429 6333 7787 5275 5660 6000 8624 9228 7847 2101 7873 5040 1464 6852 2358 5456 8926 5558 6738 6799 8473 2936 1196 7845 6992 3412 1759 6606 7481 8924 1031 1035 1040 1046
24 3269 2166 4892 2008 9908 4011 1999 7336 9709 9269 5575 8528 6471 2303 2232 2249 8677 5264 2746 4083 1047 1048 1054 1058
25 2753 7684 9436 7368 1872 4824 3039 1448 7302 5274 9183 5186 5981 1987 2616 7027 8604 2058 5152 8418 2094 1059 1065 1066 1067
21 9392 3331 6814 4621 9561 8031 8299 3841 5409 1188 2662 1433 3752 6238 2460 1069 1072 1081 1089 1090 1092
31 3821 9325 8832 4279 9982 4850 9078 4327 4701 3790 6629 5779 2578 5899 5794 1143 6680 1753 1291 6918 6761 2258 5206 7244 1126 9426 1094 1097 1100 1104 1105
28 8102 1421 8803 5730 3684 1459 8895 5481 5992 5585 2151 9239 6469 1357 7790 2242 2524 3943 8399 7851 8723 4757 7213 1109 1110 1113 1130 1135
24 1186 8588 7816 5643 6757 1911 2560 2021 1799 1891 3959 7646 1925 4982 9653 2772 7738 2707 9903 9840 1138 1142 1145 1146
15 3527 1394 3731 2003 1631 7944 9640 9678 3339 7342 6988 2082 2545 1246 1159
19 5782 2389 8334 6850 6298 6593 1814 8258 1485 6008 4440 9995 6117 6429 5233 1284 1160 1168 1169
16 9218 6228 5083 7804 2548 6375 4718 7298 7528 6947 6075 7332 9338 1170 1177 1178
11 4255 9247 2489 9654 3592 5983 4967 1181 1182 1183 1187
15 8678 2828 4263 2741 5214 9947 2927 9951 3249 2904 4796 1189 1198 1199 1208
23 8274 1942 6068 8521 6671 6339 7580 9623 2293 7613 6086 2733 9942 5588 8757 1209 3100 9294 1211 1214 1215 1218 1222
27 7608 9949 3176 8804 2206 3421 7434 7858 5329 2033 1529 6184 5104 6497 1717 1713 8246 2120 2381 5706 5378 9178 7836 1227 1229 1233 1239
15 8075 1601 5234 1376 9082 4252 2808 2438 2398 7449 2903 5850 6954 7632 1240
21 9158 3122 4981 3753 1745 8224 8306 3438 2010 7067 3587 7254 2328 9173 3303 3348 2624 1248 1251 1260 1262
22 9406 2198 6388 3082 6669 6165 1869 2942 5801 6329 2673 2230 2859 4801 9786 1339 1263 1266 1267 1271 1272 1273
27 6391 2941 5838 3540 9479 5120 8002 8133 5347 7020 4472 5663 6583 9337 5918 1444 4740 7670 4900 9098 6040 1276 1281 1283 1286 1294 1296
30 1628 9422 5022 9020 6655 7190 4039 4498 1630 2838 1634 6604 3170 1803 6372 1834 7065 5505 6205 7853 2239 2162 8619 9200 4860 1299 1302 1305 1307 1315
36 1912 6455 1724 7570 4821 6425 3636 5956 5271 5752 8801 8629 6816 3258 3129 9853 6423 2511 9345 7866 3157 5486 3646 7595 5386 7262 2990 7072 4974 7627 4746 8063 3296 2177 1317 1319
28 5359 7879 6123 2377 6120 2802 4888 6605 4170 8353 4271 9475 8164 2799 6962 9062 5810 2561 9817 1431 4168 5512 4240 7661 9122 6787 9530 1323
40 9619 4396 9869 9652 5212 3823 8388 3399 1475 9031 2396 4372 7531 7794 6476 6903 8059 7614 1988 6283 8416 2016 6399 2086 7155 7592 1340 9490 2001 9534 7802 3161 1328 3934 9692 1335 1338 1346 1347 1349
30 7429 1491 7837 3068 9017 2167 2756 8783 6056 3875 5562 6085 2415 1432 5039 5993 3538 8383 4671 6387 4835 7908 1712 4956 1355 1363 1364 1370 1372 1373
24 1637 4792 2780 5645 8977 1644 6648 7876 9836 6688 3396 9330 6133 4717 8986 5524 1434 3908 3881 9236 2932 1694 1375 1381
14 5954 9046 5943 9127 7360 7014 3022 2890 1932 8071 1384 1389 1392 1393
21 6758 4537 9523 1458 7677 5373 2011 4558 7188 6662 3188 3169 4147 5363 6062 4544 3450 2053 1402 1406 1407
29 7465 6277 4877 7438 8018 2899 5587 5305 9112 4541 4437 9528 1845 3499 6140 1565 3494 5310 9165 3133 8871 5201 7493 8855 5478 1412 1414 1424 1428
27 3457 6862 6681 3334 8736 2690 9685 9089 2104 8659 5216 8719 2532 8241 5722 9384 8483 9591 8280 5430 1429 1430 1435 1438 1441 1449 1460
20 1776 2663 6141 4830 3117 3395 9740 1629 3011 2789 9572 8061 2263 6427 1466 1471 1476 1478 1489 1492
14 9358 2355 3682 8017 6752 4208 7274 5069 1913 3230 8339 4818 1504 1508
18 6188 9001 8656 4873 4264 7325 6324 9695 4526 6400 4254 6419 1509 1511 1512 1515 1523 1524
14 4744 1689 5381 3560 8201 4708 9745 1527 1530 1531 1532 1534 1535 1537
33 6703 1716 3270 7505 6590 6178 3746 3862 5584 5783 7034 3058 4331 6312 1543 6047 5465 9944 3630 4817 7728 7266 8952 8976 8359 9060 7987 4628 7400 3827 1557 1560 1563
36 2370 4652 8996 5470 7901 7474 3874 8974 3495 4176 7016 9009 5215 3392 7273 6774 6775 3699 3763 8049 1857 4173 7578 3517 1890 7060 6623 1564 1568 1584 1588 1589 1592 1593 1595 1605
23 7709 9527 3425 6089 8023 3609 9687 6672 6414 6848 2115 8491 5565 7284 7405 9615 2380 5775 8497 1609 1612 1621 1626
16 7122 6106 6396 8547 1882 8432 3756 9958 3577 3706 8679 1627 1635 1638 1640 1649
10 6410 6321 8599 7997 1655 1664 1676 1684 1688 1693
19 2538 6115 6849 5744 1960 8273 5799 3005 6164 9267 9890 3193 6539 9659 9508 7990 1697 1702 1723
33 7662 3173 7631 9832 1771 2856 1743 6157 6101 6327 2119 2633 4560 6134 6197 5298 5904 9946 9884 2580 5350 8161 2462 3590 5945 7596 1733 1749 1756 1757 1767 1768 1769
21 9683 5445 9926 3578 2979 3463 8798 2405 4762 3769 2190 7723 7177 6714 8812 1772 4436 1774 1775 1777 1778
29 6951 4276 4608 4205 4493 2257 4410 3076 8755 2334 2948 8312 4832 2522 4582 7935 8225 6436 8068 9697 8569 4945 5906 3209 7979 3357 1784 1785 1790
32 4953 6884 7561 8420 3116 5502 6272 3572 6447 9833 8390 7806 5866 9522 2615 2863 6036 2921 8366 9780 4614 9621 7741 3472 2510 1794 1804 1810 1815 1822 1824 1833
27 9550 4921 8101 6832 2995 5576 2039 2248 7222 6282 2485 6486 4486 6130 1850 6256 9755 2553 4737 8611 1838 1840 1846 1852 1860 1861 1863
13 6161 9505 4687 4836 4884 5117 9954 1864 1866 1867 1870 1871 1875
40 9948 9734 2214 2672 9137 6233 8725 9658 2440 6213 4893 3290 3701 2782 6536 2852 9300 3078 2551 7344 7285 8229 9219 5675 1920 2199 9716 5106 8221 2012 2895 8794 7470 1876 1884 1888 1889 1896 1900 1904
32 8379 9395 7558 9191 7383 4245 4749 8536 4828 8652 7796 9592 9597 7729 5709 6838 2447 2674 6776 4272 9939 3234 3794 2183 4837 9445 1907 1910 1915 1918 1921 1922
11 4089 3885 8534 9144 9333 5633 4887 1924 1934 1941 1943
30 4482 5934 3990 2546 6897 7064 8742 2916 4055 4980 6567 5664 3622 2543 5724 4919 3216 6231 6240 3973 5696 4851 2299 6996 4345 8754 4822 1955 1956 1963
31 9544 5654 8763 3713 9409 6999 6708 6699 5615 4033 4137 3758 7498 7502 6218 4629 4249 9644 2129 7326 7819 6778 4258 8392 7848 6299 7656 4386 1968 1970 1973
32 7000 7162 8159 4975 5170 3759 6806 9737 6526 2687 7191 2867 9085 7090 7620 3150 4549 3561 5527 6126 6728 9363 4280 5761 7029 1978 1980 1981 1984 1985 1986 1992
11 8020 8890 5925 3385 1993 3804 1995 1997 2006 2009 2015
14 3748 9723 7189 6560 7388 9161 2017 2023 2036 2040 2043 2052 2059 2061
34 8458 3444 7706 3966 4225 6600 4340 2696 8876 9357 7152 4244 6336 5302 5313 4800 4515 3233 9083 4845 9136 8673 2950 4210 5007 7925 9315 2068 2072 2076 2078 2079 2095 2099
26 8342 7293 8166 9964 9571 9748 3394 9524 9042 4559 3186 9553 6873 8873 4096 7047 4438 8526 2106 2107 2118 2125 2135 2137 2140 2141
19 2455 2247 7711 2422 6584 5444 3227 2648 5694 9258 6505 3738 8436 8439 6572 2143 2160 2171 2176
7 5621 3968 9925 3318 2178 2191 2212
35 8554 4166 8317 7916 5711 6296 8155 9865 4874 7680 4491 6882 4775 5529 6800 9983 9292 4754 7377 6249 7976 6347 5611 9802 2220 2231 2235 2245 2250 2256 2268 2278 2281 2296 2297
19 3833 8960 6875 6344 9186 9488 4067 7978 6860 5196 2304 2305 2309 2313 2316 2332 2333 2356 2357
14 6831 8560 2783 3694 4734 8510 3708 3452 4464 2793 9233 5985 2360 2362
30 8426 5425 4715 4455 3938 9935 8935 7569 4711 5700 5824 6511 6128 3418 7513 7555 4986 3007 3854 3907 9073 2390 2467 8545 6939 7265 3072 7549 4469 2365
40 3570 3025 7929 7287 4692 3761 9871 6307 6357 3639 9420 2992 2957 6484 6251 3091 7759 5228 8691 3843 9270 7503 9547 8916 3182 5180 4290 7615 6308 9431 8920 3916 9598 2366 2368 2373 2374 2383 2393 2395
22 3628 8007 7909 4415 5734 2931 3963 3010 8750 4454 6318 6509 2399 2401 2406 2409 2414 2419 2424 2429 2432 2436
16 2473 3159 9306 8902 6243 9868 5175 8963 9425 8651 4312 9470 9930 9914 2443 2453
31 9757 3856 7208 7129 9463 8564 5712 6679 6211 4477 5732 6069 2842 2652 7216 7148 8445 9466 6987 3121 7715 8591 7237 8169 6642 6463 2464 2465 2470 2477 2515
32 2774 9657 3436 8768 7665 2711 5087 6818 4764 8290 9612 3201 8603 5462 8761 6013 2737 4302 5929 7629 3406 4125 4675 4906 8881 2587 2519 2520 2536 2537 2539 2541
24 3826 5402 4705 8774 9666 6202 9806 7735 4024 8237 5241 6326 3210 8028 7969 8107 9162 7753 2559 2566 2570 2571 2576 2581
17 7337 5421 7021 5901 5837 9029 7746 7453 9323 2585 2602 2611 2621 2622 2630 2631 2632
37 3411 7952 3030 6767 5816 9575 5220 6125 4426 2805 9221 5472 7309 6280 7805 6609 9421 5163 5014 2958 9785 5372 4111 5559 7217 7340 2785 2635 9877 7124 4748 2636 2641 2642 2649 2657 2660
25 3155 9379 8918 9275 7078 4639 8760 9655 5032 4876 7334 6525 3481 3101 4461 6790 4122 2661 2665 2667 2680 2685 2695 2702 2706
20 8099 3307 2952 5341 3692 5267 9963 9696 3640 3114 5910 6765 9000 6422 3585 8851 8968 2714 2717 2720
34 8630 4788 3409 9242 4293 4056 8097 9090 7319 8809 8831 2981 8072 8903 6846 7832 8931 6138 9498 4543 9142 6171 4368 6142 4501 2728 2754 2784 2791 2797 2810 2857 2884 2885
38 5497 7255 8151 9180 4643 3743 6413 6168 6196 6048 8574 8419 9202 4677 9742 3557 7037 3674 8505 5483 7777 4724 7507 8811 3509 6602 3428 2955 5561 6990 2892 2900 2907 2915 2917 2920 2928 2930
13 6861 3811 2963 9289 9744 7116 6003 5880 8288 5226 2934 2937 2939
25 8413 3567 3420 3920 7683 4713 7934 3700 6677 7727 9978 3606 8442 6763 4682 4248 4259 9205 5520 2944 2949 2967 2969 2986 3008
40 6398 8987 9731 4602 3398 6456 4706 3546 6871 7761 8484 5089 3603 6041 5668 7764 8094 7172 9002 4979 7907 8506 3657 8662 9335 3939 7551 6054 6025 5183 3024 3026 3029 3031 3038 3044 3049 3051 3054 3055
38 6822 3461 7903 3555 3601 3437 4256 8263 6239 7762 3597 8079 5917 5263 6067 7096 6683 3075 3505 4798 4136 6393 3057 4038 3948 6574 6617 4890 8729 3073 3083 3090 3092 3102 3103 3108 3135 3147
20 5994 6179 7435 3340 4070 3924 9237 6730 8532 9686 3148 3156 3160 3167 3190 3196 3197 3199 3203 3208
35 3607 7912 9071 4214 9628 3839 7638 9570 4834 8382 5835 8743 4046 7278 4776 4807 6331 7246 9526 5853 6865 5045 9879 8793 7653 8281 3228 3239 3253 3257 3267 3281 3294 3314 3319
19 9979 8616 7425 9481 6930 9769 3333 4657 6404 6268 7492 9135 9349 3328 5166 6829 3329 3358 3364
18 9316 5009 9888 6912 9928 5628 4456 8030 7150 5211 6103 7132 5167 8669 3371 3377 3381 3403
25 4062 6888 9103 7167 4356 8203 4511 9649 8529 8856 5182 4648 8911 6121 6392 9564 7872 5064 5553 3410 3416 3424 3433 3442 3453
25 5054 6744 5295 4291 3666 8575 3946 9075 6247 9992 7894 6562 9943 8692 7353 4694 3454 3459 3462 3465 3466 3470 3482 3496 3498
22 6457 5213 9045 3584 5205 7822 9056 4988 9388 8448 6913 7692 6450 8953 4587 8303 3502 3512 3513 3524 3530 3532
43 5777 5743 9159 7807 4233 8271 4499 3565 4699 5507 5043 5566 5411 5268 7553 9881 8649 5351 3594 8682 9684 8296 3710 7856 8182 5786 8261 4653 4314 4685 6038 3573 9816 3613 3537 3541 3542 3544 3547 3549 3564 3566 3580
28 3779 6842 5287 6034 7243 7207 5306 6804 9116 4964 5957 7135 8110 8791 7193 7169 4139 9516 8917 5176 8764 3714 5862 9250 3583 3605 3614 3629
13 4595 9286 4910 6023 7444 9838 6909 6880 8590 4487 5171 3647 3651
12 7229 4150 7913 4971 7007 3784 4747 7998 3859 4068 4138 3654
10 6058 7870 9549 9151 6907 4588 3667 3675 3693 3696
23 9712 5340 9320 5998 4989 4863 8747 8951 7448 5933 9478 5041 9150 7707 3697 3739 3740 3783 3795 3807 3817 3830 3842
21 3936 9858 9859 6114 4114 5026 4590 4044 4993 7137 6734 3855 3869 3879 3893 3910 3988 3991 4007 4008 4009
21 7171 4833 6956 4507 4637 5107 8403 4328 7068 5433 9634 5422 7823 4528 4028 4035 4050 4058 4059 4065 4071
31 8112 9563 6724 5406 7840 5662 6208 9559 9027 4613 8014 7668 6639 4634 7445 7730 5256 5400 9896 8826 6963 7594 8650 4078 4084 4090 4094 4098 4099 4105 4107
34 7657 8950 4658 4371 4236 7889 9450 7602 6550 4669 6857 4879 9385 7315 4819 5861 8775 9779 4109 8502 6712 7462 5379 4123 4143 4153 4164 4196 4200 4202 4213 4228 4260 4285
15 6094 6694 7141 8042 5955 7716 4307 4309 4318 4346 4377 4379 4404 4409 4411
5 8104 9459 4414 4435 4467
26 9411 7220 5909 5219 8157 9538 5554 9362 5610 6589 7143 8827 7920 8103 9790 9278 4494 4495 4502 4525 4555 4562 4583 4584 4586 4630
10 8551 8698 7428 6004 8566 7398 5091 4636 4644 4645
14 6541 7957 5952 8425 9691 9265 6654 7346 9015 6779 6415 5767 4646 4661
21 7134 7234 9511 7119 5721 9487 6851 7226 5477 7085 6346 9497 5124 5770 7573 9584 4665 4679 4690 4693 4742
7 6916 7227 4758 4784 4826 4829 4838
27 9182 9030 8766 9347 6634 6156 8644 8597 7245 8173 5526 9394 8695 6805 9167 7381 7750 7547 8958 4839 4842 4854 4855 4862 4895 4920 4948
12 8587 9556 5487 6839 6727 8316 9985 7501 5903 4959 5006 5012
23 9370 8489 7785 5727 5860 5541 8840 5516 9328 5105 5113 8037 8686 8367 7585 6009 7464 5018 5025 5033 5060 5086 5137
19 6409 9965 8940 9845 6078 8995 5278 5161 6406 9789 6974 5169 5192 5218 5222 5235 5240 5245 5279
31 9562 8703 5699 7210 6698 8214 9512 9819 8376 7604 9457 8548 7710 5751 8555 7209 7663 5632 5809 8125 9994 5285 5299 5307 5324 5335 5343 5369 5375 5440 5466
21 5649 6657 8869 6374 8955 8642 5517 7066 9143 5539 5540 5598 5620 5622 5636 5693 5710 5713 5717 5725 5748
18 6053 6706 6198 8449 6182 8447 7575 5769 5808 5818 5856 5868 5881 5887 5890 5902 5948 5970
8 8477 6695 9019 6082 5982 5996 6002 6024
15 9449 9543 8034 8542 7263 8984 8615 6893 6163 8820 6031 6119 6220 6237 6252
18 7846 6741 9705 6710 9263 7579 9975 7041 9064 8806 8737 6263 6361 6381 6403 6412 6424 6438
12 6780 7779 9018 7994 8259 9068 9249 6466 6475 6498 6570 6607
12 9626 9710 7455 7666 8962 7468 6633 6649 6663 6670 6771 6783
24 9003 9283 7810 9809 8728 7156 9815 8285 8194 9974 6825 6984 8854 7883 6815 8300 6843 6877 6901 6922 6961 6969 7005 7013
11 7102 9410 7316 7070 7082 7086 7109 7114 7180 7198 7270
21 7687 8459 8816 7357 9620 7922 7379 7399 7401 7406 7457 7463 7471 7475 7499 7567 7612 7768 7861 7864 7877
7 8029 8578 7911 7927 7928 7936 7948
9 7956 9382 7965 7975 8073 8175 8188 8198 8227
12 8262 9795 8292 8302 8310 8329 8406 8435 8509 8520 8640 8670
5 8675 8699 8731 8758 8773
9 9274 8892 8787 8878 8932 8979 9084 9087 9121
12 9140 9602 9166 9187 9207 9216 9256 9291 9305 9313 9393 9504
10 9514 9675 9679 9707 9752 9799 9847 9864 9901 9913
1 9976
0
0
0
0
0
0
0
0
0
0
0
0
0
0
0
0
0
0
0
0
0
0
0
0
0
0
0
0
0
0
0
0
0
