3 7468 6517 0
3 2591 7433 1
3 8227 7206 2
3 7227 1855 3
3 4796 3560 4
3 9504 1880 5
3 7948 9287 6
3 2418 5071 7
3 3202 2736 8
3 2573 6527 9
3 9927 4471 10
3 4887 1000 11
3 5982 5903 12
3 8890 1339 13
3 9459 7581 14
3 7110 6544 15
3 8563 7632 16
3 7716 2660 17
3 2176 978 18
3 1817 2528 19
3 9121 6686 20
3 8670 2887 21
3 4027 6753 22
3 1135 1159 23
3 5991 4941 24
3 2384 8824 25
3 2581 3539 26
3 7325 492 27
3 8967 5226 28
3 3647 2053 29
3 5480 1399 30
3 5091 2758 31
3 203 820 32
3 476 4557 33
3 7013 8596 34
3 3321 9954 35
3 306 2939 36
3 2718 6190 37
3 3654 9377 38
3 8088 8730 39
4 6321 4469 3749 40
4 5983 5441 4023 41
5 8773 6377 4476 797 42
5 8071 4793 8364 2363 43
4 3358 8727 6644 44
4 8306 773 5891 45
4 1192 7678 9921 46
5 7575 1376 9569 1823 47
5 7804 8303 3111 5127 48
4 4646 1344 2669 49
4 9483 3760 7376 50
4 8965 3936 8994 51
4 4411 4011 1190 52
4 9824 7025 7458 53
4 180 9723 8330 54
4 7270 2212 9359 55
4 6039 1555 9049 56
4 3608 1067 5067 57
4 9868 3491 3207 58
4 4829 2346 6018 59
4 8192 5968 9803 60
4 9925 3341 1626 61
4 3708 3578 7773 62
4 563 8968 2951 63
4 7444 2430 4818 64
4 6252 7061 5059 65
4 7909 7613 1114 66
4 364 8253 9515 67
4 719 1844 2445 68
4 1178 2288 5886 69
4 4679 3696 4483 70
4 1381 6879 5513 71
4 9252 9763 9520 72
5 9550 4070 5578 8196 73
4 4138 9044 9251 74
4 3381 872 9360 75
5 7122 8184 5478 1087 76
4 1778 7464 7621 77
4 8578 3709 1545 78
5 4528 8402 3827 8199 79
4 2297 1563 7147 80
4 4420 5553 7362 81
5 7355 1208 7760 3286 82
5 3614 1319 368 8345 83
4 7284 4006 6591 84
5 5649 6960 6090 8865 85
5 6912 6031 7809 4181 86
4 6515 8605 4417 87
4 5444 5371 9530 88
5 7109 9186 4301 8572 89
4 6463 7990 7482 90
4 9256 873 7972 91
5 6403 9349 3824 5597 92
6 666 1803 4736 722 1950 93
6 311 1023 5969 8753 2208 94
5 2412 7347 7015 1559 95
6 8711 4329 7522 6521 4277 96
5 499 1146 9693 7992 97
5 5332 9346 3638 562 98
5 3147 8788 3861 8278 99
5 1027 1105 2866 3028 100
5 6834 2486 3225 7600 101
5 3291 4520 835 2463 102
5 7075 9418 1246 229 103
5 7684 4868 766 2502 104
5 7506 4467 8553 6665 105
5 5780 310 4588 3507 106
5 7453 4838 1973 8895 107
5 3362 3088 2620 9999 108
5 7913 1998 6143 1015 109
6 9249 7108 3870 3755 6690 110
6 1922 1140 8047 1744 2090 111
5 1874 2015 1061 3288 112
5 3230 943 6583 2411 113
5 7779 9019 6610 6600 114
5 4717 240 4949 8433 115
6 6238 5979 4325 7239 1680 116
6 8719 1284 1018 1706 6170 117
5 218 1956 1022 2007 118
6 4644 8571 923 9451 3185 119
5 7346 9910 9914 807 120
5 2448 1546 2709 4580 121
7 1529 641 4317 389 7519 4374 122
5 2177 9740 5254 6441 123
7 2541 1785 5975 4390 4898 3569 124
5 7936 3729 3367 9489 125
6 8000 7655 3086 8722 8070 126
5 5573 5985 4604 4321 127
6 8422 2265 2099 9750 1131 128
6 8758 8111 233 3705 6063 129
7 7862 4048 174 437 6520 9309 130
6 9913 1002 1143 3252 1713 131
6 2751 3193 5562 1427 2491 132
5 9449 8878 5742 7432 133
7 6745 6744 5281 4065 2308 9099 134
7 4352 9864 7383 9579 613 8119 135
9 1206 4948 1695 5919 4052 6499 9600 4795 136
8 2717 7379 1194 8599 8982 3388 8490 137
8 4836 768 1037 8546 384 9509 8139 138
9 908 211 1269 5914 3767 4361 2593 3134 139
10 3161 3272 7196 2944 4523 9372 3694 4022 1374 140
9 5245 2981 2359 3751 9436 8245 5813 5646 141
12 4450 4629 1776 7891 5679 6319 7113 9519 6207 8397 5950 142
11 9985 8290 6208 1433 1821 408 2812 8929 262 9058 143
10 549 3145 6129 8679 5307 1670 7483 1736 9601 144
10 5721 6913 2171 1421 4559 3508 486 1442 5296 145
11 3739 379 8792 798 1459 1411 3774 1789 9048 1562 146
12 8102 3986 6548 6076 9920 8373 3389 789 4419 1356 8046 147
11 6647 6855 4810 8793 9109 388 894 3298 3246 7527 148
12 6150 2112 8200 3163 2710 5317 7534 2343 9732 3312 3324 149
13 3693 5295 1040 3334 3557 2977 5498 7835 8815 594 995 1452 150
12 3580 5382 1676 9289 7662 8886 636 6801 2693 6988 2851 151
13 8028 854 249 6382 7609 584 6200 2678 264 2191 4337 5775 152
13 8632 8326 2237 6222 576 7767 8340 9258 9021 1751 8606 3204 153
13 9636 4435 693 3635 9754 1118 2777 5909 5589 3809 4191 8885 154
13 6825 8950 5437 6293 9744 6541 2582 2649 9528 454 6911 2269 155
12 6762 7097 688 7373 7153 8975 9840 2481 4465 605 5147 156
13 4255 7940 7119 3030 1016 7528 6914 1763 3516 4500 5821 8874 157
14 742 6692 799 4058 6197 350 7854 5325 6904 8661 9663 1478 1327 158
14 6607 7088 6547 4214 1610 3650 5858 3027 7218 1586 5141 879 1682 159
14 6910 8073 9702 3833 5954 8244 3964 4438 251 3926 1439 6365 1473 160
15 3325 4068 1560 1286 4084 1959 4709 5255 3135 9848 8809 5705 3887 9993 161
14 8996 9735 5134 9462 3178 9563 4100 9686 8348 6509 5533 7844 7742 162
13 5140 9463 5377 5711 9541 6333 2654 7599 3890 7068 6995 7146 163
16 7929 9613 4405 2476 4744 318 1316 4830 6581 3008 3515 3903 1652 7997 7568 164
15 7957 3778 8173 457 9804 4249 9229 5169 9986 8958 8946 7771 3504 7105 165
14 8038 6735 1422 9817 5557 3530 7778 5851 7280 3552 8031 1642 4177 166
14 6430 6484 2166 905 4493 8830 8189 1021 7680 6060 8048 4005 1594 167
15 9055 6740 4373 884 9737 6298 8035 6397 600 2619 3536 9301 7152 5784 168
15 7314 4470 9403 5343 4636 5864 767 6072 4727 1289 2825 2615 8762 5432 169
14 881 3430 9090 5593 4802 4774 6480 7635 4492 2747 6348 5828 7899 170
14 7561 3311 2954 7501 7815 4135 1513 7753 7971 3315 4763 8913 6817 171
14 474 9897 2074 8520 9138 313 5802 4950 589 5669 3337 6477 9024 172
14 864 3104 6320 867 5997 4275 4698 7703 2510 4811 8080 6514 8726 173
14 6622 8780 2147 8568 3061 5168 9076 4043 4412 3633 940 2298 6518 175
15 3257 6560 643 8204 8297 7713 819 9072 3620 8581 2125 3265 6226 7059 176
14 852 9503 415 2760 7275 5658 3433 6845 7056 9609 8430 1426 9865 177
16 5717 3758 5344 3297 6889 5639 8319 6245 6015 684 1088 3742 9253 2806 9005 178
16 4475 1978 3566 6114 1893 4939 1842 3733 4936 3850 8251 4127 5561 1385 3048 179
16 3055 3655 7952 9845 8077 9880 8099 1666 2805 9385 4320 5811 5604 8276 2650 181
13 4913 6850 7176 1186 3689 7650 5734 8999 3330 581 5883 6124 182
16 6724 6327 6965 6597 9011 1416 3669 2882 2896 7330 7947 9642 6614 1285 1691 183
13 494 935 6645 3091 5000 5635 4772 258 712 2172 3020 1216 184
15 6540 5197 9231 9585 7679 7150 7658 320 5621 6894 5556 8718 948 4530 185
15 1113 8394 3438 9748 624 3810 230 8240 622 8356 5910 1035 6127 7784 186
16 1721 1970 8239 9548 7438 1177 9862 1882 4573 687 5164 5570 5348 5776 5175 187
14 3685 7924 6387 7988 8819 3278 5479 723 7367 8934 2983 5842 432 188
16 6399 7535 9658 9474 2556 5124 2759 4823 8230 3320 2677 440 3702 6322 8594 189
16 5426 6340 6362 332 7711 4925 5350 9966 1533 3957 6158 8845 8473 1009 446 7795
16 680 2480 8935 4819 9687 7050 5064 5764 362 609 5404 7601 9533 5072 8215 190
16 1685 5732 7037 507 7198 6564 5782 7511 3828 7930 9471 7127 4015 8948 1808 191
15 9071 6794 5008 8254 9621 3439 8881 813 1229 9257 6217 5138 1936 438 192
17 6884 1512 5391 9929 4863 8357 6907 5394 7707 8029 1481 2300 4241 1400 7410 5471 193
14 2589 6536 9245 1102 5158 8906 524 1108 2214 9760 4122 1849 9608 194
16 1046 3722 568 9836 8949 1709 2876 8334 1615 285 2998 5334 5346 831 9639 195
16 9313 2735 6173 6495 212 952 4572 5171 3292 776 6256 6259 3277 2454 2499 196
16 7020 6244 726 4205 5211 550 8667 4175 1428 6274 1940 4172 6616 7368 6074 197
16 1992 7816 1430 7630 1947 3232 5920 588 8493 7782 2630 5272 5376 1322 8499 198
16 5887 2523 3740 1949 5021 8857 8620 7497 8341 3116 620 9943 8900 6152 7836 199
16 2056 4078 7329 9810 7380 9160 1326 209 7195 946 5152 3296 6830 3848 1288 200
16 2026 5693 7342 9232 1835 2695 3138 2021 9672 6297 9644 3676 1333 5294 1633 201
16 9649 3371 2549 4507 7579 8892 4051 6543 4012 2768 4415 6225 2474 548 5877 202
16 6680 4107 9381 2132 2857 6699 7536 2684 8759 2122 2075 8061 592 2858 2337 204
15 493 5809 5815 7556 1132 1538 7363 1854 7510 5062 7200 2070 7733 5293 205
17 3990 5868 5994 6793 9392 1228 3216 6416 1847 8704 3805 4991 5653 631 5412 5988 206
18 9084 9495 4584 9153 657 4569 4069 4439 329 8471 3519 5365 5683 5326 6311 1056 5439 207
16 5662 8458 4482 3624 5222 6462 9578 977 2495 301 7720 8389 3741 784 5311 208
17 2009 8940 1363 268 1111 1561 8153 6075 2984 9726 984 1582 3492 1007 7688 1020 210
17 9478 2330 5260 3432 4121 5934 6381 6562 8481 1889 3731 9933 1180 5812 5461 1367 213
16 8086 3699 4228 5509 5794 6247 2285 4992 5198 4844 4281 7524 4000 1659 2487 214
16 7267 9199 2561 7699 6966 8986 1918 8107 5762 2698 6349 6104 4753 9184 6828 215
16 1209 2642 5330 2092 5384 9456 4433 8237 3179 9924 5898 8702 7450 2155 7053 216
16 6694 7014 4854 2782 5457 8822 871 9682 6567 7671 7408 2283 7189 2902 4691 217
17 4494 7934 7316 8561 9497 4235 6062 9047 4152 1524 9588 9714 6725 8201 9648 8384 219
17 4877 2706 9100 9397 8231 3090 4385 6974 1554 9788 5518 8202 6470 5664 6099 1699 220
17 400 8342 967 2670 4824 6563 5908 9376 8188 702 1077 3056 488 7788 4900 6291 221
17 856 5080 7926 2031 2680 4953 5250 1431 2063 4231 5895 3703 3227 579 1663 464 222
17 7768 2470 4624 6306 6887 3166 2893 3534 3688 8565 7643 8923 5580 4751 4599 4640 223
17 8995 7811 9784 5502 5738 8902 5847 7744 2142 2923 2162 6868 8156 2933 4286 3836 224
18 8292 8194 1346 4123 6239 7125 8828 8115 288 1474 3594 243 6465 8891 4212 2773 1293 225
18 4511 4379 698 2173 2645 5763 8936 9083 8564 539 9997 1354 2405 6687 7036 7476 1507 226
17 6133 8509 4840 2342 2966 4174 5830 1703 2749 2004 5094 324 2096 1341 5637 2509 227
17 4687 7019 928 3396 6301 6214 4788 7859 985 2263 5320 3611 5223 9664 4261 7069 228
17 734 3512 2240 7627 815 6501 9883 7659 558 5652 1303 1542 8538 5373 5176 4747 231
17 7657 8448 6618 686 1034 6116 4380 7094 2406 9146 9295 2032 4140 1772 8304 1935 232
17 7319 8566 7102 991 2546 6755 7610 1781 8549 4730 7090 8998 762 9878 8113 7623 234
17 6160 8820 3169 6630 2216 9659 2128 3844 8006 4952 7775 5475 8508 6769 8622 926 235
18 5626 1755 9586 3368 8170 6009 3181 360 6582 8298 1033 1780 5608 7142 1579 9770 2251 236
17 3537 3398 2071 7588 2124 9826 2433 4074 6384 4862 880 1144 3959 323 1705 1343 237
17 6678 7557 5801 5980 7078 6550 7490 5322 2247 7242 8441 1225 1280 5020 5470 7157 238
17 1142 1553 3779 3773 921 1944 3952 6371 9540 4808 2136 9756 7672 9755 9765 7393 239
17 8024 9402 582 7757 8798 4204 8010 9338 5540 6102 7546 685 3737 1623 6795 669 241
17 6409 6674 2315 8121 4857 8284 1860 5532 6155 7194 5103 538 5098 4672 7878 7989 242
18 3540 1024 7663 2338 3829 9322 6431 1051 5017 938 6032 2018 4510 4678 962 4812 5423 244
19 7191 4274 2178 9903 3060 8344 9238 4072 4436 8619 1551 2822 4054 6717 4082 9398 7467 5575 245
18 2742 9179 5465 6004 7555 6662 9833 9894 7747 3338 5949 4144 7520 1462 7182 5961 3517 246
17 2754 5380 4080 9026 497 8506 1094 7071 3472 3868 4820 7986 2592 8526 3889 2002 247
17 4657 6669 7174 2774 3682 5287 1525 1818 2416 2091 1204 5819 2376 2840 8666 535 248
19 3527 7000 1323 533 3445 7277 6602 7296 6282 2729 2894 1925 5758 3001 1645 2202 1878 6087 250
17 1273 8978 1492 957 9152 1866 3323 8064 6066 4931 6761 8633 8249 651 7904 2890 252
18 6053 9513 3017 8410 4832 7193 8009 3081 4358 6287 3229 6917 4779 2922 4432 8838 9739 253
17 8464 7210 8767 5347 3570 4704 5660 6473 7521 788 4548 367 5232 4768 3503 9448 254
18 4648 9267 8167 8609 2368 2461 2462 7250 5161 9453 2668 4773 9542 4735 441 8837 5896 255
17 6412 3453 6634 378 876 3940 6946 4345 9270 427 3363 2815 2819 3256 1919 9599 256
19 435 4561 578 8534 553 5181 2790 4586 4625 2889 442 8851 7023 9861 470 9615 5248 7968 257
17 6228 1252 1660 1565 3468 9547 4340 6452 8672 2428 3680 9567 6146 5834 6994 1726 259
18 561 1697 7248 3210 9741 6325 1342 4496 5306 6046 9708 5820 6576 1435 1654 828 7789 260
18 6424 4973 6363 7516 6972 8056 6251 5178 9102 6405 9856 3211 4364 604 8218 8862 6603 261
18 633 1806 7884 8739 1894 4758 7352 4431 5489 2844 3014 6035 1213 3917 6229 1347 3679 263
19 8447 9321 9135 8158 1464 7259 2000 4381 5484 9580 5840 7337 836 9211 3728 4716 9829 4996 265
19 2881 8840 377 7962 8023 2382 3905 7504 1819 8095 7295 4603 7978 8888 2100 2310 7842 913 266
19 7229 9464 5517 375 9869 933 7387 2765 7498 2690 1042 5431 9081 6019 7436 4252 8374 2138 267
18 6125 7994 5221 8720 3496 3006 8104 9798 4150 4468 2637 5531 9787 8224 4846 6355 8331 269
19 4154 825 382 2599 2795 3143 6089 9042 6880 4173 5010 7478 9147 770 6935 8947 3571 1408 270
20 6575 7224 9901 1423 6596 2527 7850 8469 4401 5486 3634 2516 3900 6212 4799 2608 5977 3911 9960 271
19 7911 4940 6813 9030 3209 3354 4366 8335 351 2370 5136 9653 9899 3548 6840 3347 4972 6285 272
19 3603 849 3409 8207 2907 6056 8182 1358 3360 8459 8525 6511 756 1074 6241 5749 2936 4296 273
19 7143 7585 7706 3173 3752 3442 7101 8431 9092 3794 4635 3637 4442 1219 4220 2697 5850 2671 274
20 6410 4984 1777 2715 3205 4761 870 5241 5053 4004 874 2003 5430 1321 6184 3718 4971 5174 6350 275
18 6633 6248 1267 4314 816 2407 4025 8848 9175 1119 6936 9919 7051 7673 9484 706 2211 276
19 1867 6420 1282 1537 6566 7420 8914 744 647 5610 2524 1651 3046 3304 4600 393 707 4865 277
21 5491 3502 2694 4762 5520 5506 8803 1365 2144 8585 4162 7285 8411 7233 5151 5505 6676 8623 7115 3791 278
19 8339 9341 2413 6132 6475 8904 9697 6611 2478 7705 2483 1456 4608 2204 4210 8097 6999 443 279
20 6198 902 9180 6220 8063 5736 2110 2431 4956 7518 1260 2134 2473 822 2196 5536 6249 4901 9380 280
19 2451 1864 5340 7741 8412 1977 2037 3441 8359 2911 6335 5481 6482 8110 2970 291 8825 1813 281
19 8614 9065 4349 3022 9998 2379 5962 3852 898 4612 1983 6572 8081 1899 2836 9895 7898 7192 282
20 5615 3374 7392 2811 3864 559 6005 6873 2809 3788 7031 2852 5338 6792 7577 3478 4042 750 2625 283
19 9216 6877 7633 4224 8745 601 614 1831 8004 774 3748 8678 9989 850 4977 1092 1722 6302 284
18 4815 4128 6059 6822 8413 1409 2246 1253 9444 2629 6445 9062 5401 1026 298 5960 7700 286
19 5674 3651 1564 1875 2115 5730 6264 5066 1879 2284 4258 4934 1895 1486 4752 3322 9831 6433 287
20 7399 1891 5684 6078 6580 7340 8325 5650 6042 3919 8805 1764 2726 9607 9379 6010 3023 5676 6300 289
20 7334 9505 2937 9512 3393 4712 2061 5374 8437 2793 3454 5785 1759 2326 8971 9004 3771 4614 1962 290
19 9273 9156 4404 6262 7457 8588 4965 7749 9363 6928 9158 9336 8468 8836 911 6112 6154 6342 292
20 3973 6765 481 3222 4147 7682 1096 5383 8576 6427 764 1126 3031 2192 763 9721 3533 7252 4719 293
20 2602 2123 4722 2913 369 2167 5238 4876 5747 7614 8281 5638 7892 9124 6594 2612 6895 3431 4354 294
22 412 5237 5268 7872 5622 6389 1160 7558 2324 2198 7121 7917 7452 8740 7754 9507 322 9668 8365 3084 7509 295
13 5137 2548 1199 6773 3980 8016 3118 3591 7235 1923 7241 5563 296
20 9996 2551 8843 9652 772 4942 5229 8624 3776 5284 5810 5378 6768 1479 6545 3390 8870 3643 5944 297
20 6901 5816 8653 7903 1005 1590 4240 3867 4333 5889 8522 4230 1156 6631 9307 1976 7589 2964 1185 299
21 2436 6729 3510 6679 6720 376 1679 2557 6041 7763 8294 652 7265 312 1795 7165 9849 5118 8414 7038 300
20 7668 6243 7513 9821 5844 7080 964 5900 6481 994 2609 8641 3853 5298 9057 8162 1931 4563 9931 302
21 3293 6512 6309 9978 1283 2931 4238 1768 5952 6513 6823 1049 1536 6323 7563 1060 6191 8808 3158 9354 303
21 4666 4807 477 1747 3051 6426 6526 8065 979 1702 7634 3273 4029 4570 5737 9827 6224 6417 1064 4622 304
18 6529 7830 4024 7446 1814 1979 6681 3968 4148 5166 8665 4668 5316 2995 5084 3690 7813 305
21 8302 8529 6503 315 4852 8909 656 3221 3736 9170 6820 6617 3395 9647 1362 6782 6819 7731 9552 5331 307
20 4705 7062 8610 9815 2426 3469 9364 2121 515 2567 5976 7164 7736 9949 9029 3259 7437 3619 6419 308
21 1613 6165 4924 6516 7488 1320 3280 4335 6014 6947 8959 2380 2849 8082 8618 2865 654 1858 1939 6461 309
20 4539 5690 717 996 3159 6561 7065 708 1041 5941 6303 7291 1298 4169 2133 6157 3327 5463 4968 314
20 4141 5516 6670 8150 3632 1568 7799 7956 2740 4915 5829 8821 3681 3835 5917 5634 6976 2926 6533 316
19 7344 4355 4720 5087 2364 3117 3137 6891 7727 450 2016 4639 5572 8418 736 6766 1086 2530 317
19 9112 354 1634 5648 8270 1058 1816 8248 8387 1394 4198 4835 4967 1802 2203 8019 1646 3042 319
22 3092 2783 8917 5582 965 1766 6141 9718 3213 1432 2334 3180 3125 3345 7154 7496 9294 8879 5048 2993 9326 321
20 8426 4207 9143 6859 7130 9751 2444 9839 3598 3219 8512 8839 1350 8752 4577 3434 3609 455 3711 325
21 2008 428 580 3629 1515 2722 5184 5913 3494 4209 8761 2763 4932 6688 5396 6113 2664 9677 5003 7559 326
22 7005 1773 1689 1757 7867 4481 6962 5327 336 787 1085 6281 2514 5130 1359 4715 690 3387 4157 3284 9196 327
21 6523 3199 8440 9843 1712 2872 6145 6537 5603 2154 2302 7960 883 4542 2529 9660 2277 748 3612 9573 328
20 9935 9952 2498 6178 8505 5001 607 9501 1749 5687 6530 8355 8757 844 7136 5215 3427 7667 4239 330
21 8774 1071 8743 6578 804 9973 3476 4176 5897 8432 1707 7756 9117 8701 5773 3343 3063 7800 9304 5493 331
21 4088 9675 3066 947 3122 4532 5379 2792 3136 4362 5559 7923 2050 5661 8295 8536 9961 5361 9220 3820 333
21 8179 5282 1625 6380 4748 7274 9576 6013 1176 4134 8657 9493 4850 4272 5912 5146 6028 5549 7390 2820 334
21 5054 1415 8785 9534 2796 6169 1769 6932 3419 3700 1991 6065 6535 6899 8503 5485 3975 1732 973 2853 335
21 7762 2057 8731 498 5185 7919 8353 510 6657 7057 9435 2381 9977 1258 4447 5893 7718 5117 2049 590 337
22 7494 7553 348 5106 7461 8475 1371 2653 2762 4073 9129 3992 5703 6790 7426 8893 2627 3730 4040 2908 747 338
20 7028 5156 5425 6279 8747 5070 6172 6874 4136 4423 8206 4092 6037 4142 5345 5946 6958 1446 2329 339
20 1138 3050 5279 9151 2702 3949 4119 9583 1921 7802 8108 8391 2703 8483 9105 5859 8083 9764 495 340
23 7448 353 3849 5405 5724 1364 4645 8987 4947 3074 2982 5689 6435 6945 904 1969 5416 5108 9745 7290 8260 9568 341
21 3167 951 5366 6121 3910 9205 4063 4351 8233 456 1296 3429 8032 8598 1390 1377 7954 5644 6093 7739 342
21 6402 9619 9645 8953 5590 5761 2676 3015 4551 5257 6085 7047 2088 9119 1868 2127 3359 8122 7943 9243 343
21 4365 9230 916 1930 3735 4003 4427 7397 8931 959 4626 8451 1397 1765 3759 4929 6051 2940 5024 2353 344
22 6875 513 6756 448 6832 9561 3300 7503 9324 9587 5201 3590 5258 8354 418 3719 6432 3613 869 805 4732 345
21 4309 5628 9130 1090 6677 6922 1628 2052 6898 9299 9053 9847 5530 5236 5450 6313 1073 5159 5599 8700 346
22 7070 3079 6038 7226 3253 9457 2439 4937 5624 6134 2042 528 1490 1231 1788 8078 3630 9661 1526 5173 5618 347
20 9581 2596 4071 5400 8922 1995 3235 6324 9421 3811 6148 6626 6108 6627 424 7472 4339 7460 5063 349
24 2538 4245 7010 1098 4387 8937 5097 505 7351 8658 1484 4049 6142 6606 6759 6787 5088 8275 6250 4133 5633 3792 3884 352
22 4344 8806 5756 1811 3034 1655 2354 8126 1604 8395 4757 5612 5925 7927 9040 8663 3965 7459 3448 5937 9178 355
21 3333 1239 7318 511 4221 7425 7665 7793 9945 9790 3813 4030 9582 564 1028 2877 6991 6242 9123 9922 356
21 9964 3471 4872 9031 1591 3592 6824 2466 5823 8729 3714 6020 1129 839 1115 3935 1014 1569 3407 2968 357
22 8329 9140 1384 6672 9103 9225 8662 4232 9890 9908 919 1535 2879 1262 4759 1915 2827 9909 4671 3558 9172 358
20 565 8274 8370 8652 3487 9624 3738 5496 5827 1914 6131 7902 2682 8790 9154 9056 1987 9465 5586 359
21 445 8072 5495 9082 5049 2234 2344 8962 1715 1786 4166 5126 2378 2915 4479 4697 9389 3927 7996 1653 361
21 3245 5500 5654 7114 8258 694 990 3154 1871 4998 6788 7343 471 4326 6460 4284 2225 3485 9555 3941 363
21 3168 1518 2311 8007 4842 6886 8322 9002 8933 9822 4280 6276 4416 4976 5551 2333 7100 7228 2098 4983 365
21 4066 1240 2686 7479 1307 6312 7710 8247 4914 1779 4367 7560 8954 2572 8011 1304 1797 8165 556 3526 366
22 3790 4826 5018 9460 4244 6848 2500 2587 8532 3547 4060 5202 9556 7607 1059 2287 7288 752 2258 4108 3440 370
23 9068 9452 1181 3220 7686 1541 9038 2991 9159 7693 4906 6117 1837 4182 6096 5787 7697 3408 5973 9290 6775 2862 371
21 5090 7134 5099 5632 7247 1313 8014 8246 1877 5414 8721 9454 3559 5753 5825 6978 8332 2830 1905 1495 372
22 9353 3271 8786 9819 9939 7381 2270 7009 8272 9422 1927 4322 5190 8927 9010 4995 6118 2011 3825 4298 7002 373
22 7709 6752 2415 4017 2131 4159 5831 397 487 3642 9278 5918 5370 1957 6929 7918 8943 6555 3447 7906 8053 374
22 3426 1986 4089 1436 3119 9445 2869 7729 1393 4061 5167 944 1737 1241 1487 7533 9807 3413 5745 3223 5312 380
22 6135 4087 2731 3640 5031 1299 425 2744 3686 5092 3766 5625 6736 7722 9553 4766 3102 4158 9431 4556 5723 381
19 2512 2788 8021 8782 8323 5686 9037 5132 5733 7790 2148 5793 1694 5581 7017 7375 3356 5544 383
23 8271 4693 2327 4441 7255 7846 9192 6942 4595 7416 7719 7942 9834 1754 3013 1380 2289 9097 3076 6869 1153 3525 385
21 3176 7512 9946 1690 7882 2534 8687 9054 9275 5933 7945 8487 9594 915 5836 7951 4680 9791 9891 4540 386
22 8586 645 1734 1406 3802 7931 2299 3782 6751 9284 2935 6554 4686 6054 6951 2550 6318 9814 7358 2492 9488 387
21 7430 7993 3692 8160 1908 3044 7651 4675 1946 6727 7622 9575 3018 829 998 3595 1383 1573 2724 5953 390
22 9255 8728 2850 5955 9508 9801 730 8492 1243 2156 3599 2069 5754 6531 4926 3041 4490 1805 6559 9374 9736 391
23 2917 3188 5971 1508 7320 847 3394 1308 2025 4899 8141 918 8343 2624 3506 9984 4079 737 3264 8147 664 3012 392
24 1843 8715 2986 5970 8259 2230 3796 8615 9264 1787 5019 6284 9236 1214 2111 5945 673 6696 8279 3528 5707 2488 9067 394
22 5433 6805 7048 7941 8864 1836 2867 5579 2119 2392 3898 9266 1457 2886 5845 8500 4516 1166 4701 1599 2312 395
24 1833 5712 1396 1942 3947 9050 9394 2209 3600 4503 4825 5930 1606 3928 7297 8849 1954 9061 3856 1025 9885 6624 5714 396
25 7864 1013 8094 9731 5541 3114 8379 1499 1775 4114 542 1688 3019 4403 696 5928 6949 2087 7669 6070 3120 8195 4269 8964 398
24 3281 4990 4938 8489 7309 6044 634 753 1424 1735 7066 5186 1519 2739 6938 929 6683 3597 9358 1990 648 7173 7820 399
23 5324 4184 8214 8573 3475 3482 9410 9625 9630 2332 6722 6408 4754 5708 3186 5357 1187 6653 5030 5363 7979 8131 401
24 1794 4112 9046 1221 3607 8659 8293 4615 4985 1047 1933 5016 6506 6268 2716 1195 2855 5630 4193 8755 8716 4116 2746 402
23 9314 1369 5751 7999 9487 843 4656 7434 987 8127 9780 1368 1975 8944 3004 4409 8058 9699 860 8299 1961 8866 403
22 4208 780 2507 5409 3625 6989 1078 2769 5052 9089 9904 5314 8608 6064 4371 5750 3481 9373 6230 7980 8265 404
24 8587 6474 482 5386 9441 7466 6393 2916 444 2244 4623 6925 8229 8903 3704 3071 5993 6106 7413 7530 6221 7304 7617 405
26 6003 3029 2401 6202 9991 2017 4020 9366 3174 9395 1556 1853 4001 9051 1112 1904 6557 9700 2730 4785 6577 1149 2888 4538 3931 406
26 700 3384 8595 1627 2184 2447 6903 6953 1475 5359 8693 4406 6235 9447 3248 3764 9524 3998 5786 6892 7880 5474 5978 7725 7011 407
26 9681 9987 6883 8827 8842 2323 3191 6201 8551 4302 8300 4461 6812 6961 6979 3206 1137 2249 640 7268 1760 7042 8507 5501 3380 409
24 6023 6456 2652 6161 8557 3750 6232 9303 2078 7064 7743 1770 5698 593 3563 7027 2976 6368 6314 3464 2929 1300 5078 410
24 2883 3904 7162 4328 629 5005 8584 3953 674 713 1448 2517 4395 1636 567 2083 6447 7801 4311 2666 2019 7625 1510 411
25 6269 6831 3865 9896 3845 6663 3972 5577 6406 6571 461 7523 8460 4256 9535 574 2001 9461 2027 3289 4120 3985 4961 7338 413
24 6849 7677 2928 4884 8277 2675 8516 2948 8193 8314 4928 9958 4254 5203 7386 8867 3455 4242 4292 8417 8778 9206 9203 414
24 3036 4733 7364 7230 2060 1710 6466 8640 7187 8161 1414 1466 1839 3142 6267 5362 4683 5044 8226 3662 5286 9970 5149 416
25 6654 6851 6304 1746 4713 7328 3465 3822 5247 7871 8477 1413 4183 7168 6661 7758 7833 912 2194 8017 8580 4911 2691 9439 417
25 3524 8945 1297 4202 6625 2126 5104 9458 889 1960 4443 7584 8142 9656 9713 5116 5671 5482 9064 9176 3523 5035 4341 7283 419
26 1993 489 3826 2577 5193 7847 8263 2999 8444 6098 8020 9912 2580 4963 5121 1622 2518 3310 9214 8380 5095 9239 8137 8154 9766 420
23 8868 9191 8266 7626 9127 3754 1310 1453 7046 1700 2485 3404 7807 1334 5115 3303 5623 3113 7095 8405 4649 7537 421
25 7732 1869 9167 4658 1251 1281 4659 4957 4767 5349 7388 8307 9367 2443 8643 2120 6621 5469 6464 1641 8453 7591 9711 5788 422
24 2296 3146 4421 6977 7629 2236 6927 9163 808 8051 8190 727 777 6376 6802 9665 9689 9772 4363 1238 3954 9399 3184 423
23 5105 6413 8055 8749 9362 2036 3215 4353 5375 8875 2903 3593 9268 2987 9728 4472 3234 1093 4332 1472 9906 7181 426
25 6984 8510 7690 9657 9930 2264 6203 8694 9157 3551 4647 5640 8651 6344 6354 8579 2373 3899 6955 7863 2347 9673 2755 3043 429
26 718 4455 9052 3549 4664 9221 9302 9333 3567 5992 595 970 5420 7823 2435 7597 8349 6346 2215 3099 1570 447 5596 1982 3313 430
24 950 5743 4605 9867 2374 4388 5870 6188 3449 4117 9688 875 988 1913 4700 8238 8877 7881 5339 9638 5354 3914 9522 431
23 3005 1981 5995 4628 6180 7875 9455 1791 2320 3187 9194 2539 4974 8393 6183 6847 5688 3171 5011 8057 3644 6721 433
23 1724 4651 4848 6615 8699 7970 7675 1311 6449 2107 2262 7403 855 1095 2553 8235 2034 1588 8286 9281 2564 3422 434
25 1664 3194 4426 5904 1937 3818 6648 3531 1520 2778 1756 2186 2714 3268 7202 9039 2271 6294 7983 8741 6176 976 5364 3858 436
23 9293 2835 9670 4168 4368 4770 8221 8409 1845 7427 8264 9676 9762 2350 2685 3687 4904 8556 2540 4592 936 4817 439
26 5598 6164 7477 7794 6147 7456 8172 9761 714 4964 6864 3376 5143 2503 2672 7183 1859 4192 8540 7201 9990 710 3723 8723 6934 449
26 5381 6119 9118 3783 5107 6331 6359 502 4673 7282 4477 4845 8388 8650 1672 7455 2946 9593 8476 9131 1378 7615 9898 5926 6569 451
24 3966 8784 1830 4099 8705 467 1752 2969 7853 4537 5154 5217 5670 3250 8466 785 7310 9467 9423 3535 9716 3656 4568 452
23 3615 4637 5837 5861 846 1444 2465 3428 4386 4453 2477 5417 2978 4165 1044 1934 8478 1566 5047 8424 7676 532 453
25 3457 7203 8991 2663 5771 5668 1649 1753 3307 9879 2801 7077 1964 4632 3049 4858 8501 8685 8311 1036 2197 8777 5264 1731 458
27 6261 9345 2217 5402 2543 2648 4028 4777 5878 887 2348 4294 4505 555 6369 817 2683 4375 6421 3981 679 3344 7590 8523 6539 4310 459
23 5192 1215 4944 5045 5602 5550 484 5959 6921 8852 9337 2870 6006 1124 9098 4236 7315 8921 9596 3863 7828 7058 460
26 8590 9874 4654 6206 7661 982 1539 9627 3583 9858 986 2254 5313 7735 569 5772 9437 1762 2475 7544 9979 571 1661 9915 3797 462
25 8915 5034 6081 8421 9779 1010 1693 4449 4975 7866 1237 3377 5139 1155 8514 1268 2826 7317 1476 4149 3255 4189 4741 9606 463
24 6069 4724 612 1004 1741 5943 8040 2402 5546 6468 9671 3052 5114 7933 6588 3405 9957 7786 9413 9384 2772 4243 2658 465
24 1888 5710 5352 9015 9400 5285 9433 3955 7401 3466 5336 7798 4053 6948 8358 5807 2229 4009 7096 9148 2182 5682 2579 466
26 9965 2941 2207 2248 3375 4164 5804 2519 5208 4710 6983 8181 4529 8756 3881 1287 1083 4582 4606 1351 4554 7356 8528 2257 2521 468
24 2316 7004 6378 6716 2093 3785 5748 8288 3342 4430 5483 5694 7139 1618 3768 5932 4076 2794 5855 3837 2594 2750 3458 469
24 7135 8498 9631 800 2566 4397 1315 2116 9357 803 4306 6459 8436 7273 4095 3906 3996 6866 9210 9259 3132 4488 5224 472
25 7876 2525 3721 5998 6058 4875 7106 8495 2651 8760 9298 4997 6954 7885 1852 7734 7897 9197 2544 3942 2728 7160 2586 9034 473
27 9852 2335 4495 7769 1264 3846 6451 8969 4708 6386 5291 8844 9752 5852 7858 9060 2064 2918 8880 5100 1948 7289 2823 2139 9198 3543 475
26 6418 9347 2220 6101 2242 9620 7190 8600 8918 9828 1531 2306 6372 2647 3228 861 5428 8037 745 4769 3945 4945 5390 4251 5542 478
26 3988 9851 1169 9070 3847 4989 4093 8583 2048 518 4828 3365 3915 6478 7551 888 2761 2779 4611 6153 8385 4019 6701 1080 3588 479
26 3068 5967 6218 6265 2737 9263 1211 3970 5492 5680 8205 1485 1639 2552 7286 760 7052 8026 9669 1585 6467 9674 7959 6573 7606 480
25 3555 9820 3414 7879 2006 4856 2290 8812 2266 3832 4113 1388 2535 3318 9835 3804 7826 8114 3586 4506 5931 8611 9792 4185 483
25 7186 2781 6255 8155 1872 5899 7595 1668 1504 3756 4279 4786 6043 9335 999 1572 1657 2165 9434 9818 5545 3838 6612 9317 485
27 6094 775 4630 506 2797 5862 7366 969 9481 1236 5243 5907 3266 3641 5109 5616 8241 3350 5935 9006 4962 7244 9967 2847 1174 8897 490
28 9485 9738 8407 992 2319 2979 3991 5014 9477 659 6728 7033 1671 3039 5206 1218 8829 9174 2798 4565 2692 2961 3098 5987 9227 9025 8674 491
28 3989 9246 1640 5872 8646 8801 6337 1742 2351 3660 5472 6709 7225 8976 5740 6388 4336 8771 9161 5410 8724 9516 1522 3902 8124 5460 9296 496
26 4115 9182 4782 6969 7132 8316 8689 8876 5101 1629 3101 5805 8366 6278 1235 6357 8399 1052 2440 2410 2610 7642 5265 1089 2897 500
25 8768 1325 3717 4602 6356 5678 7021 8601 5701 2331 5700 5759 7333 8548 4370 6964 1708 6343 6391 2457 6396 2839 7044 1540 501
26 9743 6538 7916 8616 1745 2345 8542 1861 4389 6077 1189 3016 5447 9093 9863 1167 9500 1128 5760 6151 4891 8554 2597 6487 8012 503
24 5012 5218 9549 9838 6897 5527 5704 1317 2082 2712 3974 6605 7895 628 4262 2421 6525 7219 794 2752 4994 8517 8333 504
28 7840 949 3775 4834 7701 8133 1443 6498 8445 1783 3789 3925 7647 2832 8810 1571 5153 6336 8537 4464 2460 1683 8090 4610 1274 1139 9854 508
26 8787 4536 2233 5120 2467 7253 9291 9976 7843 9283 509 1945 9079 9758 4621 4299 7796 2422 8180 1249 6595 2059 8336 5144 5916 512
25 7085 823 3544 4090 4689 5792 6698 9466 2464 4356 4196 8952 9572 3489 5231 2713 6315 1130 5454 2689 5467 5696 7093 1602 514
