27 2735 1335 6663 4143 6916 6228 2009 658 4742 7140 6493 1492 6159 4467 7483 8290 4898 9941 2127 803 8410 6301 8277 6250 490 3933 3029
23 7013 6547 4973 2184 9018 1443 5751 4309 3387 3081 5875 4933 6783 5497 7255 4195 6616 6014 4187 4550 1176 3435 7352
20 8640 7965 2432 2519 6689 6466 3549 8962 7109 211 881 3267 2464 507 7691 956 6836 7542 8422 9750
19 9913 580 7846 6277 1054 583 3708 2110 4654 6077 2503 2500 8840 3431 9813 4938 4003 6098 547
18 6412 8773 2480 3710 3425 6222 6363 5879 3669 568 8225 711 5393 293 1618 6555 2089 4420
16 4214 1066 1273 8878 3468 5856 3622 4913 6900 2439 3215 9190 5006 823 3654 4476
19 1900 88 3607 203 9231 2654 4794 8346 2075 5155 4984 7598 6619 3285 8638 8728 6013 9048 6520
24 1757 7475 187 3156 677 7499 423 4008 2720 8406 8329 3471 5192 8708 3655 2917 2695 9402 7471 6321 5284 7042 2688 9067
19 4094 8175 4601 2135 1543 5860 273 769 3167 8420 5649 3475 1860 3025 8815 5650 24 8071 8397
15 6031 8274 8557 7891 9702 9105 5031 6206 311 25 2613 8880 1358 8395 8152
9 5970 672 9256 5934 3990 1399 3774 2402 4998
20 8292 3629 1305 8670 7940 1945 8048 1654 668 8318 2121 9967 5744 5323 4970 5878 3096 6756 5024 1517
29 4839 2571 549 6541 7957 6952 4435 3176 9976 8629 1260 2589 6724 85 9381 6274 6851 736 8254 9492 9838 3680 2911 4194 9128 8609 2485 1825 306
6 5858 3245 7347 5250 1000 7671
29 3253 7429 5335 3817 719 3119 4208 1862 3531 2333 6279 3778 3735 4232 2829 3127 241 8076 151 6538 4036 682 6380 7392 7993 9100 2194 4857 2346
30 4948 7028 5710 5189 8204 4396 9869 9164 3148 9138 7329 7737 8209 5400 6155 5984 1814 4115 6652 6443 6751 4118 1421 4465 6306 9412 5759 705 2479 1996
36 9707 1560 5424 519 1209 7928 4307 6381 9563 1773 8086 8459 3602 1637 4066 8784 1686 5156 5511 3116 9754 396 2714 8750 7494 2825 9557 9583 7934 1013 9945 7411 643 7674 734 1411
24 5018 303 7463 5445 2247 3555 7141 5161 8509 1664 4959 7849 4346 9852 726 4071 1524 9633 5054 6744 9109 5491 9279 5071
20 1879 1353 9670 864 6208 7314 2788 1955 91 9320 5998 5332 6630 2646 9568 7211 5599 1372 7868 5254
17 5885 6822 5716 8189 6662 48 7553 326 8224 209 7152 6360 3947 8348 7097 1817 9997
10 3696 2166 761 2511 9345 9845 3770 2324 1880 5891
10 4525 6252 9579 2288 3809 2721 3000 4971 4963 4077
7 1992 8518 5299 8890 984 3578 4965
27 5137 3430 7709 1530 7226 7019 4656 9514 739 6969 2060 8489 7380 7926 7106 1513 2760 4768 7247 1818 2209 3370 341 525 4269 9440 2975
32 2949 4379 3055 7929 6633 1866 741 6658 1528 3049 1315 7455 7936 6793 2109 3352 9195 2159 9038 533 1388 6231 1081 8558 3058 5262 6653 995 5138 1791 7814 4025
40 9313 2356 7956 117 375 8102 9084 4583 2538 6115 6849 222 7129 9463 6656 9820 2518 4990 7874 120 7558 9191 399 1981 9819 5341 9386 7066 2241 3261 941 2442 2413 4689 5674 2236 1060 9741 8482 2527
19 2581 5815 4119 852 9720 8661 2977 8548 5862 5325 6887 4375 7538 4237 8485 8742 3014 7595 2568
28 2465 1097 2015 5954 7104 9830 5507 2981 5426 2388 5021 8055 260 4276 7897 2097 4619 7861 8326 446 4980 4594 8004 2173 167 4642 2901 2528
10 8950 5991 8394 4517 9330 9581 5236 7291 9040 4337
20 6670 4679 5352 6329 5699 9610 7683 4605 2731 8681 559 7866 646 292 7386 2156 9186 1949 3446 4726
36 1515 9752 3869 768 7318 3276 957 9495 6245 8978 1693 9353 9246 1550 4056 4428 9393 1453 9429 6333 8868 9729 7248 482 2016 6378 4343 9578 3066 1310 2837 4772 262 6425 1391 5702
26 7270 9636 3988 4250 2566 2831 6815 2857 4101 8562 9401 5304 9113 9613 9273 2873 3866 2868 3997 5143 3495 9778 5980 9372 1706 3656
34 6002 6403 6189 2507 8323 7546 7572 3789 6884 7561 1004 1221 3168 5088 1883 4882 5698 9400 8041 2933 9444 1292 9537 4889 7583 7624 7843 7212 3195 7765 55 4023 9092 3507
6 9504 3729 4052 225 7171 7627
25 7399 1178 1977 5112 9681 4546 5510 3236 5049 3181 7952 6904 7609 3292 5532 4092 6651 1735 8800 4894 7648 5701 8833 7835 3635
22 3580 7657 4494 7070 8179 1414 5693 4058 8024 4869 6634 977 1835 6293 2343 4072 5133 1980 1008 8495 4736 2486
36 3444 5769 2869 2941 7640 8758 1111 9604 4958 9487 9920 208 9222 4064 8378 4141 586 6983 5957 3761 9871 3098 1601 3211 9240 7364 487 1465 7865 7300 7312 9013 7821 798 2767 3810
31 2920 6263 1867 7401 622 474 4842 7889 5237 6831 9020 3546 9003 3855 1105 9072 5525 9949 313 8628 3506 826 1881 4289 4104 1902 3615 6477 3523 913 4320
33 7005 2883 84 157 9799 9207 5324 5598 6767 6807 1407 3697 7188 3005 6164 8477 1784 9705 3693 9503 8864 9561 4355 1667 7045 1930 5417 6734 3785 3429 6737 3362 1416
18 9847 8731 9409 9449 2031 7435 2784 3608 7153 6174 665 861 9051 7096 459 7817 3701 2782
13 5868 837 2061 1776 4586 9291 2316 563 7113 4853 9344 2240 2384
24 1113 2748 6780 7779 8493 9132 7286 4907 4544 3783 9046 5943 9127 3932 3717 8136 4155 1828 1078 5347 1270 380 5500 9295
25 5440 3090 4078 8342 489 666 2132 1179 3062 2557 6729 1553 5292 6940 720 4032 3962 9566 1240 6131 3912 7554 7830 6223 2265
40 3030 3692 5881 8630 4788 5359 2422 2641 7975 8573 1674 8521 6053 8614 4940 1324 3849 1511 3326 2455 9810 4029 2601 7351 2875 7654 9037 8807 9959 2832 1225 8213 280 809 886 5387 2762 8499 690 1959
28 8310 4758 4618 5086 7913 3527 8116 477 4404 6786 3904 319 1203 6647 2693 8439 9104 7142 3311 6798 5399 2260 8193 2763 8370 1155 3940 509
13 9619 606 5235 9679 2986 7799 9979 6961 7716 8231 8969 6960 6397
18 4377 3442 713 3307 5406 1005 7293 6695 9698 3564 9305 1803 7534 3073 4851 4892 1855 6644
28 4090 6901 700 2576 585 9626 268 6456 6110 3147 3325 5301 1561 6251 7653 5416 9524 4441 5279 8766 4645 1320 4577 9059 1742 9376 2352 1213
10 4059 1138 6706 5300 9550 3490 3200 4520 174 867
30 5717 2559 2912 1833 8520 9411 6843 7108 3338 2989 5154 5829 6316 5249 1714 1597 9458 11 2513 3946 4336 3047 715 6304 9825 6262 2131 360 3028 1327
18 9888 4855 9325 8703 7040 1135 3767 3905 4021 4256 2004 8702 6646 7148 8445 2216 9595 6612
7 9140 3371 1040 7468 3246 8486 2620
28 1978 1724 7862 7186 6272 6757 3739 5317 1289 7354 6709 8738 7327 7103 6580 4247 6677 3750 4297 6858 6844 4607 7361 5989 3447 448 7597 2931
23 9675 6198 9216 6160 4687 1794 3103 789 8991 1655 7230 7382 2212 8821 7167 4356 1878 3583 6290 4266 6837 7523 4126
13 920 961 372 4637 5381 4829 6910 8918 6856 592 9346 4439 1935
9 4150 541 9523 9283 1993 1269 4184 3202 7376
12 3149 29 610 4495 1228 1384 696 1973 3534 3793 7613 7713
17 1888 7119 8675 3239 2418 8345 1541 4994 2229 3287 5461 731 219 530 2421 6758 3164
9 297 3281 445 6039 2330 1470 7672 2591 7813
13 2020 2008 8559 3457 4098 6794 1227 8227 712 6464 5095 173 2815
29 3743 6649 61 7877 9187 19 8587 190 9473 8783 8020 6404 9137 2123 271 2934 4761 8167 5803 5374 6694 1937 9872 518 8257 8814 3271 3539 7194
20 8184 4154 8338 4200 3632 2512 3169 1 1685 6868 2769 3305 3353 1166 286 4251 2910 1108 1546 101
13 6424 5245 4536 1438 8965 9392 3331 6814 4621 6791 5194 2904 4796
24 5572 2296 5771 5971 6446 2118 7883 4285 3566 9647 5990 8157 9538 1494 9141 9297 2531 9114 6146 928 9110 6704 1023 6980
30 8578 2074 6128 9654 2140 4024 5576 1886 3594 4773 1710 1417 4202 8597 8729 4988 6864 2578 6167 1302 819 7328 1360 5258 9364 5670 1127 9033 9491 8476
20 9121 5382 8799 2565 3470 6216 7557 2547 760 7363 640 564 3921 3960 7612 6340 1590 469 651 4367
9 9901 7911 1563 4666 2119 8303 3330 5450 8727
14 3294 1605 4781 2536 9996 9559 2426 1588 8029 9199 9075 2520 9927 9569
40 5902 7229 6965 3008 7711 113 1838 7864 457 7373 4233 950 5913 8981 400 5027 245 81 35 7665 4365 50 5966 4130 1329 7072 5583 1045 3479 4871 5905 1831 9054 5564 954 2105 6690 5338 4593 3439
32 2429 2278 2774 2327 6044 567 8711 4449 2973 8970 3191 5668 930 3977 4997 3493 5172 3141 122 8009 2313 1073 7175 8610 3077 7699 2670 4567 7871 5353 5101 9160
7 4644 3138 902 7346 589 1319 3755
19 7227 5384 5743 615 3221 9314 5546 9134 1692 5447 8271 7512 9080 6810 4398 3593 1680 2367 1847
11 2176 1325 40 3992 355 9946 9783 8620 8343 6801 7678
21 4873 2297 8819 935 6953 2739 5530 7415 4085 9208 968 201 6168 6196 8161 3509 4148 9070 5888 4496 3337
17 1815 5222 2944 4475 6877 1489 9267 9890 3865 3403 32 6247 3685 3384 7256 2053 9021
23 6361 3321 5062 4815 2320 6184 775 8060 7217 647 511 6192 6948 6011 8904 6631 1727 4962 2294 4225 3653 4946 3650
23 3647 1186 8588 7754 52 7221 6204 6625 8294 169 7513 4512 4505 5594 3624 8655 2069 4635 5001 5719 2607 8475 6495
15 8564 6913 6607 8736 7088 5295 854 6200 7196 9763 6384 1281 7828 2623 6973
17 5402 5343 3667 554 6418 6485 8458 1024 7198 6740 5377 3193 8753 865 6243 1067 4811
17 8698 3410 2828 394 6269 1447 3918 1609 7325 1670 1415 4211 3360 3816 8541 706 746
21 1332 7064 6912 6951 1170 444 4415 3906 2314 2368 3086 2088 2394 7566 6930 2842 9889 8205 6359 3953 6502
17 8787 3333 1194 1512 4414 1874 196 2497 4352 2533 8095 4983 5883 723 1539 4124 7134
23 9733 6529 4877 7810 6654 3409 5213 2899 892 2963 1030 5034 3329 2942 3249 2577 6558 318 2128 4347 7316 6190 6521
40 9166 2603 6139 5227 8149 5218 8932 9405 8484 1630 2838 6135 8426 9685 4255 782 419 9116 7442 965 9232 9974 9068 3554 2397 3579 8857 4073 2690 4468 4191 8464 7560 6055 6410 1780 8503 8409 2341 8666
36 7687 9090 5615 2424 5727 2233 1406 8262 2357 3575 9768 2791 7102 7787 5748 6048 7465 7043 3542 6357 9975 6584 8504 74 8534 9144 9333 9234 3757 7984 2106 4002 5692 5715 1027 5141
35 3540 6745 6296 4867 7631 1010 9485 8774 6069 166 7840 2355 1142 9527 5310 5135 5907 255 4433 4802 2965 1171 4748 7788 7651 3570 6747 8889 2189 3189 600 4603 7199 6266 3601
36 9935 7114 2738 9649 817 9406 7020 206 513 3368 6454 4016 1201 6305 3199 608 1168 5120 8118 1211 6942 1117 7633 5764 582 388 6462 5642 8315 5068 8909 576 2768 3382 840 688
14 7156 1323 3197 6150 8739 109 1852 6457 7637 5535 5818 2736 3536 5687
19 7287 3257 3651 8302 3358 7962 987 9541 5321 2344 692 1053 5268 4282 4570 2488 8226 8639 9964
24 9864 3758 5358 1734 5757 945 9602 8447 3050 3477 3054 8298 7337 1348 3220 4472 5663 4834 8746 9955 5486 8247 9287 9609
11 7948 5475 9101 3124 7532 3721 3660 5308 9086 5780 5597
39 5808 3596 4387 9347 7398 3826 7320 7704 8425 9691 6924 842 3991 8207 4848 7668 3795 9944 2605 9410 1160 856 5892 6089 8307 3974 2740 7915 2108 5366 2284 3640 967 5075 561 9451 6349 6082 7173
18 8158 4693 7180 6123 5948 2079 699 5113 8848 661 2957 8715 3291 6319 5679 1744 4321 7139
35 9052 9985 4260 6199 4706 9452 7451 8073 933 3773 9926 1503 9631 1625 6280 342 3949 7205 1255 3645 6413 543 4076 6235 3145 8598 8291 1854 362 3666 2417 1001 1207 836 5669
30 4885 7210 3208 1651 627 1593 8376 1090 5721 3833 5917 5263 1859 9177 8560 5746 802 2665 3112 9438 2505 9012 659 9482 2541 5190 7647 9307 5163 5896
34 7116 1984 8586 3951 8435 4511 2006 5654 7768 2436 2399 5303 378 3232 1313 244 5844 1884 3623 7176 8872 5976 3818 456 7792 2335 3079 1853 8741 6180 7808 5158 5794 1143
25 2026 8021 8699 8979 4170 4575 9627 4910 601 2293 4410 1904 8379 4648 5994 6179 3799 1523 3952 409 3359 7809 7630 2596 3389
19 4537 3196 6735 7575 9798 2187 2246 6581 2715 3379 4397 1297 1217 6739 8952 5140 2027 442 488
8 6752 8104 4437 1192 9152 8437 7362 884
26 9544 3160 8566 315 8449 1635 7082 6239 7000 8940 8795 3068 3910 832 8187 7829 6925 2882 5619 8446 1102 9767 7781 3374 2678 9954
33 7357 328 3024 8574 3354 6875 7876 1970 2984 7430 3970 1598 1830 4274 9908 1519 2742 2291 9972 7209 6615 8989 7820 1450 5778 4294 9861 6512 6921 9842 1728 2968 5457
15 4223 2928 3170 9851 5487 3104 1689 4164 8892 6409 3114 4720 5983 1582 5886
14 5060 9459 6154 5927 5210 5048 6000 8624 4400 4623 9674 7619 385 5397
16 8792 3459 9087 1100 8713 9306 1778 3986 1914 2473 3159 4334 98 2319 7972 5272
22 7319 3067 6377 5782 5725 4153 6292 894 5437 8500 2484 9119 1918 799 2138 2286 357 7197 2064 112 3351 5549
22 2915 3424 7677 3891 4455 499 6066 6902 2945 953 3807 1777 8510 5919 5864 5419 8050 1084 4514 6557 1809 2866
14 3572 7428 7585 2143 368 9366 9821 2539 1474 7095 3926 4926 5975 5653
14 1251 2523 6068 8967 7854 8576 9298 1843 97 8998 5959 934 1788 2274
15 4084 3976 7117 5466 6004 7804 9471 8155 3166 2747 9760 5151 5042 4488 1690
32 5517 2711 7224 2230 1697 9274 873 412 4171 6163 6932 4457 374 2213 8920 1967 9043 2351 9448 1163 2651 6970 8961 4402 4323 7867 4861 7271 2896 5283 3712 8097
18 6741 6455 9666 874 3461 4112 8203 9469 5920 3022 1223 3885 4862 8529 3258 3129 476 932
7 4935 9556 5480 2548 8133 6517 3848
31 5890 7927 200 3989 277 5369 4833 1002 6460 5160 8928 4453 4628 8856 3894 8440 3398 4333 9617 9226 5372 7294 6946 127 5331 8236 7690 1699 2302 3001 8664
23 2626 7355 1233 7666 1792 989 95 9680 1537 6703 7692 9248 7282 4221 422 5853 3434 8492 2817 3824 6006 9415 6686
14 5089 9316 2681 1121 4717 17 9963 1956 3071 7732 6092 8324 8533 8245
30 6804 1363 4196 2642 7406 8328 4624 168 9815 9804 4673 4376 1580 5554 1098 1215 146 3751 39 816 9734 8812 3187 1322 2310 2373 7348 1661 6859 7277
14 4661 3334 9282 8832 6669 481 3426 8823 3512 8088 5813 5490 4924 2699
38 5996 9965 3779 2401 9255 3092 493 1869 1527 3603 1326 3038 8085 6338 1508 6188 7822 7245 3278 7610 7422 3913 1746 3375 6519 5534 139 1385 3301 7168 3263 1268 2858 3888 3484 6742 7477 9986
37 7638 3396 8786 8462 6307 1995 2147 9806 4502 4657 6765 951 4384 69 6484 6684 4828 1834 4371 6898 2495 8040 814 2396 9762 2861 7949 3192 7407 8064 8572 3003 2649 3752 5200 3820 8150
21 7379 3317 697 4109 8902 7372 9385 895 6261 6886 7685 5678 9512 2025 3381 9921 738 4843 9439 3316 5193
20 5214 1564 4630 3510 5636 2198 9078 5205 7580 1640 5425 2036 8198 4585 3319 7438 8018 9576 2718 5821
22 2657 4421 5540 3188 9011 1208 2264 6029 5656 529 2614 1790 8883 2290 7931 7698 2674 9769 2048 588 1381 8135
19 1177 730 3821 150 3786 9543 3541 1276 4080 502 846 1647 4063 1913 560 4481 4411 8077 5982
23 128 435 6012 2382 4826 47 3829 233 9708 924 2638 2579 7338 290 1916 841 8305 1487 4131 1386 3707 5792 4529
13 6450 5307 248 8309 1267 9030 428 4558 4686 4011 305 1070 1555
21 364 8973 2164 5514 2325 7707 9153 528 6923 3896 6227 4473 1681 8658 494 1668 4503 2408 6358 8657 1953
24 332 6202 5025 5887 6879 8108 2846 3909 2686 9006 5082 6120 7584 9694 6473 8014 3037 4992 2835 6369 1709 3749 6933 5785
27 2780 4836 4507 41 825 439 4349 8128 2305 5799 5562 7924 6522 6036 7837 6528 9739 7628 4508 9652 3222 267 1369 6754 8093 8835 4380
30 6003 4665 9805 1218 5282 5541 3017 5017 8434 2167 8035 2304 2261 4699 691 1193 8617 767 7490 9357 8026 361 6064 5456 6626 8481 2893 2454 8200 6441
24 8382 7249 1804 9874 8351 6255 6536 6327 5626 6503 9289 7174 7548 6367 7239 6830 266 8432 3895 2034 5327 8546 2007 5441
19 9744 4863 4733 6749 2600 6825 4615 3930 833 7275 6659 3782 353 6058 7708 9987 4698 3709 301
18 5285 3830 212 6125 565 6265 3557 5621 3938 9419 3840 7464 1623 7545 8003 544 8074 6527
22 3462 4299 6220 5816 5212 9757 6270 5602 9265 1634 7884 3227 2787 6743 4625 6571 8992 2186 8972 633 7760 9732
10 6711 8448 5516 6420 9045 9286 7446 9252 7206 8319
37 5090 1200 7574 7086 4875 8915 9628 975 839 2783 9735 9180 4643 8146 7118 6618 137 1908 417 6982 1106 7679 8595 4770 5877 3186 6871 7761 307 4222 4111 7170 9516 7299 6401 9585 3478
20 718 1518 4048 8803 381 2952 2250 9738 4099 210 6475 6680 2160 8530 2434 8164 2799 993 7110 2049
35 284 655 7236 2717 9640 9382 498 2881 3051 7387 2095 4228 8353 1222 1420 8112 8747 2068 9212 8841 6172 1493 3059 5708 8550 239 9262 9664 2469 5229 3595 8689 5458 5931 321
18 199 7602 6718 4246 8536 9586 4207 4807 1206 5756 7726 8830 2850 8109 4912 5473 2099 3207
33 9696 7243 3105 3083 3411 1986 5777 135 4482 1252 4920 9457 2112 5550 9341 5766 9368 9912 30 7448 8906 7966 8672 4102 6726 4709 5463 9533 8199 7722 628 3814 785
22 3875 4830 3544 6922 9349 8412 5260 8148 6076 8160 8882 7267 3788 7771 3300 522 6760 9704 1309 6225 5178 6834
13 1994 5955 3108 8816 1997 2425 3605 4050 5240 2056 7434 4887 788
11 2440 8285 4107 780 5732 2537 6430 2207 3502 2573 3911
22 7870 4088 5686 5712 8554 4703 9575 6186 9947 7085 6550 9925 8478 9034 2315 4335 2558 5707 1216 9099 2648 7394
5 5711 9254 3614 2660 5334
24 5182 6567 6021 9549 6645 57 6710 2338 7492 9135 5779 7466 9477 1152 9859 4775 6402 5911 4329 7071 9126 992 2509 9648
26 119 8637 5566 1628 1500 4705 3585 7567 9251 5008 9981 3663 6134 594 7250 2226 5405 7626 1798 5866 9522 2615 4144 3299 220 7259
20 3445 9562 497 2856 6474 2992 3915 7172 9625 8419 3936 2663 1035 4638 8697 2777 5492 5772 7805 9688
16 9483 6101 9948 4819 6610 3297 6382 7491 4518 7215 6987 7440 2891 1990 6453 8682
24 4782 6563 9951 1723 7323 4629 3966 9634 1460 4291 3036 7191 1169 9209 7187 6141 9073 7122 8235 534 7179 4357 5805 5834
36 7662 6818 6352 6842 4020 830 8219 483 172 9620 4028 3433 1480 8645 7208 9106 9789 3532 808 5861 1235 3393 1463 6392 64 2781 1342 5326 9158 3914 2483 1974 7971 8641 2988 377
9 4405 9071 656 6984 7444 1236 2771 4471 3503
25 9795 596 5477 8653 1873 9657 6903 2967 3740 3972 4409 8188 907 4652 8996 1660 1741 5391 6566 2766 1827 7365 7564 4949 722
16 5620 8192 6173 7263 4798 6771 1985 4588 9699 5496 5949 6137 8943 7290 648 8206
34 3565 1272 1963 1755 1729 9743 4613 6764 2245 4602 2639 9464 8173 7193 7169 2525 6719 8691 2125 7535 2191 7003 8248 214 9662 6661 1253 8516 9849 3206 4322 3765 5392 2444
26 2235 6498 3842 9511 8791 9002 2916 8772 9042 506 164 330 4139 6989 1475 9031 8505 8293 7645 6451 7599 1622 2841 4800 7632 6285
33 3616 1491 2982 9450 2570 4137 2635 849 4957 5351 1863 5012 3537 5628 9035 7010 7342 4403 2909 8796 7701 6722 5123 1130 1104 890 7120 3483 3551 7121 3725 9360 2749
35 7710 3026 5627 7686 7579 1797 8079 6575 5234 1910 671 6537 629 2180 5557 5593 7882 8212 2407 3851 531 8058 121 9791 6506 3547 4561 9284 3487 5590 2130 7417 3268 2950 5080
34 4658 7190 3420 3453 6356 8059 1430 6398 8955 3082 8191 942 2745 3648 2482 1220 645 6857 4916 1368 7777 740 4591 3277 6386 8288 217 2228 5050 1282 4777 1440 7763 8605
31 9179 1684 1627 152 4245 5783 7034 1175 8037 8951 3205 1365 4866 1264 3315 9784 3846 4316 7454 8038 9594 6320 5072 9454 6608 3978 9323 4574 2047 7682 6370
22 9064 2470 3414 6438 5539 8768 5107 2041 6523 2754 7994 8110 9065 66 462 4914 4832 3173 4660 4019 8824 9082
19 8042 2000 3270 8034 5662 982 5503 8575 8995 4953 7901 7785 1436 382 4017 5553 4361 4678 3870
24 4587 9182 2181 2077 9712 2999 4806 5601 986 9923 7284 1836 5579 6716 9624 3728 4589 6755 6524 3440 2446 6878 8577 2661
21 6966 4493 6526 8831 611 2409 4065 7922 8259 9742 4659 7769 5952 2059 4326 3753 1745 8105 22 492 9848
27 8368 6119 4704 4205 753 9130 2323 4035 8194 2741 8806 3839 921 3722 8911 9462 8646 6820 282 9870 4327 4701 1919 6355 9000 1018 1087
37 2997 6985 354 2937 1529 7916 9263 3057 7445 5933 5603 1250 1603 3999 9022 9165 6746 8159 2174 1068 9348 7292 1604 7345 1457 4165 4688 8266 7509 5938 195 9645 1129 5521 4378 335 7200
33 922 5291 1557 6023 3879 9118 9171 5495 6034 7232 5453 7253 5409 4450 1431 8312 7381 7562 7081 5097 9221 5995 3806 8469 5401 2556 5622 3847 6065 5098 7395 2318 9299
25 5428 5187 7246 5371 1245 1620 2033 7344 698 2370 3798 5094 5689 4263 205 7273 4974 9513 6516 148 451 2859 7521 6458 6790
15 9751 2178 6601 5091 693 7620 5908 9854 333 9844 6335 5146 4732 4982 8881
37 100 1046 8421 607 6927 376 7663 4372 4007 2732 102 6971 7276 4300 2640 9684 7515 5700 387 9983 4248 1771 8373 6582 7886 3154 8616 6648 7478 8072 9837 9057 2307 3132 3501 8233 3694
26 4318 6638 8937 7092 9497 2927 572 9832 1845 475 6705 8615 4070 5103 7734 6949 9807 7145 6776 5524 4856 107 7667 2116 5720 4304
24 2551 8854 1496 6182 5267 7847 4854 92 415 2751 9843 4565 6678 6855 3659 673 9761 3993 8062 8523 7729 5857 1266 8237
28 3732 5228 908 5036 5433 7759 5069 3366 6078 1762 6597 379 4944 7288 6657 6956 1094 3508 7930 3599 7260 2179 5493 6015 3754 1732 4516 8147
38 6244 5584 5422 6026 6024 9202 8367 1079 3636 657 2217 6480 952 7746 1429 7162 7068 129 8228 4031 8748 405 6628 5522 1531 2684 4074 5940 8408 236 5238 5644 3101 1612 6599 3626 3832 145
17 1733 2900 4595 751 161 2776 3194 6809 4764 8306 7910 8895 2959 4181 7992 5057 9841
24 5287 7203 1587 3802 660 5690 8671 9375 1146 9952 7650 3198 4485 6229 8121 1708 1858 6828 6213 4893 3144 6116 742 3113
13 348 6009 9710 5344 4749 552 617 5830 7479 8642 7636 4027 1452
23 2653 5375 3190 9678 7684 876 9505 2852 2498 78 1062 636 938 1257 2752 9599 1311 5963 6337 76 8264 2269 8452
38 2585 4880 2696 4986 4786 8403 6133 141 4639 1294 1232 704 2377 772 9546 403 3530 3776 4034 4809 708 4407 4206 1719 3592 5630 6691 6219 2029 991 644 3019 1906 1643 4149 8591 5385 3111
15 4555 1676 2171 1355 1352 1349 3760 1763 3996 2063 581 1185 6091 6273 9387
21 5241 8785 6643 7912 6399 8876 6967 6762 6336 6698 7135 1422 2885 7383 8780 1484 7498 4082 8606 4808 5394
22 5724 9737 2919 6313 8273 8665 3958 8176 8030 1565 853 369 2612 3075 118 2415 4317 486 3836 637 8827 2987
29 4541 4123 5124 5660 9242 896 595 1239 7856 3117 3451 4497 9570 1476 4456 9133 4117 1810 4677 8767 1291 7216 8873 9709 9833 5614 9968 3341 8332
44 9276 4713 8555 9475 6896 1346 6639 6346 1263 5043 1613 1331 7041 7730 1846 8869 6374 2386 7274 4734 4539 8694 7334 4218 2122 618 4724 2334 6867 7022 2281 2575 3582 9882 2621 6682 2759 6975 3089 1398 3545 3486 21 2065
22 3784 46 2385 9564 1181 3775 871 6570 4366 5837 5169 872 4492 5898 9839 9835 1033 9213 7495 9427 1395 8966
36 9897 300 2930 1441 6132 8151 7811 2126 4930 3102 4966 709 2076 3513 8190 7933 5087 7341 2948 4168 4792 4903 7853 5729 7418 1396 1979 2792 5634 4771 8360 426 6323 3591 9973 6514
24 5838 7816 5695 8094 7278 2404 4344 1968 9394 3759 649 8851 8990 6283 8416 6905 6515 1085 7078 4257 4110 2938 1136 1361
23 3345 2802 2673 9466 2044 1631 8938 3482 3290 159 7425 5170 8761 9655 9846 4838 9519 6362 9878 9582 5319 7863 2590
20 8652 1256 6893 1509 8804 7642 6407 8695 2706 4664 6422 6805 9159 7745 4879 4895 8968 8891 9301 9377
15 3364 2979 9858 1182 6589 177 156 2797 8585 1787 8788 7359 652 9049 7519
36 4744 2954 6062 9481 8737 6784 1189 9062 2406 990 7315 3981 4163 8644 6218 1700 9085 90 8976 8359 4985 4395 2676 6254 5680 8828 2391 1219 9350 8790 4283 5523 5637 5127 3641 9725
19 4636 5713 3122 8719 9272 1259 9238 5074 1521 130 8296 527 9884 8101 6832 9611 9181 5979 9600
30 2652 7941 3418 7643 4872 1738 9044 7149 515 7712 2898 1761 4902 7397 1786 2380 3223 5605 2504 6050 5030 5081 2013 2211 2656 5874 7485 1362 1468 2030
35 2011 8860 252 1109 9731 1583 4331 3524 2753 9836 2362 7309 5962 2292 5899 6907 8383 6885 7301 5041 4747 276 4937 6548 4113 2427 3419 4859 8993 6237 6792 242 860 2205 3044
20 5116 2602 7988 9900 2360 1864 4477 4006 9718 3597 6181 9509 6324 4389 8810 1533 8684 3899 5134 0
25 7555 9962 674 3746 4696 1721 9539 4756 8300 115 2675 6081 5064 3269 425 5076 3404 8027 9496 4382 4190 8571 5471 9969 2282
30 9156 8272 553 7762 105 7456 5045 5914 1725 9950 7370 7727 3432 8511 1960 8662 8687 6043 5255 8244 4175 9953 960 4324 103 4751 1157 9991 1144 1379
31 4888 1246 2667 6672 9809 2543 2969 8984 4328 5289 4270 254 6416 5967 8182 5730 3684 9919 1451 8393 9902 8668 653 4461 9660 6668 5754 8663 2996 6332 1454
16 178 5951 1768 578 7693 5847 9151 7457 546 1942 2275 3165 7907 8506 6544 1722
11 9249 8243 8263 9019 6372 9328 663 5482 1042 6090 1559
31 3609 2924 4617 4213 5100 843 9928 175 8220 4089 4045 5298 4858 6587 3465 5452 7749 193 8218 6248 2633 1538 8778 520 7794 5217 4969 5684 3262 5763 9824
29 1412 461 2790 7150 8782 514 2884 3867 2107 9379 2057 7062 7006 2438 6264 7046 3085 4978 5356 9428 850 4030 634 4303 7280 1991 6660 9039 1341
25 5014 6476 5809 2045 3099 2810 189 1459 3203 6491 1110 7697 1595 1051 1123 7296 897 408 5157 153 3763 5171 264 3931 4818
20 4227 3247 821 9812 3373 3675 106 1644 294 7629 3657 847 7503 2680 4204 4443 4825 3065 7147 4700
35 7576 969 2453 949 6331 9408 1101 2072 4552 9424 8542 9027 6094 8809 9687 6121 9701 9823 4535 2793 4647 4533 9442 2526 3355 2617 1568 5520 3248 8714 9271 6943 6365 9686 3980
32 4278 8667 6962 6593 1455 454 3646 7778 397 2395 6579 6882 7715 9623 5451 3673 7764 9641 4487 689 4044 9998 1624 5033 3672 3372 9894 4004 903 1574 9910 2376
22 2966 2477 2115 3901 9028 8631 2270 458 1943 2702 1779 23 1274 2279 4972 9189 4079 562 3428 6813 8745 5320
34 7812 147 7048 9288 6344 8686 7037 1458 5910 8956 7014 7604 485 9632 979 7305 9300 3443 352 6103 4043 2867 7099 1132 6883 6376 9529 2655 5420 5038 5776 8114 3955 7753
33 4776 883 2809 5835 584 9822 3133 2035 5526 4105 9478 2192 4584 5941 5104 77 5271 3606 4055 93 9880 8115 9407 7888 4845 9136 1851 2202 8197 3489 1483 7842 2978
29 2220 6197 7143 5632 4989 5009 2515 3155 542 9388 9612 9077 4653 4314 9474 4426 7488 3873 7770 870 9788 9122 4765 801 6889 9489 5889 4462 5322
27 5915 3228 4528 5070 4884 1532 6562 6850 6298 3511 3391 8473 3027 8933 6431 8180 62 2682 3678 265 587 9646 9506 4369 8429 6635 5580
9 8028 7903 8214 9817 249 9228 5903 5531 9259
17 508 7453 1872 6426 6268 7234 6800 6140 3210 5247 9554 2935 2644 5694 1048 1339 6016
20 8953 8413 6297 3146 4491 2054 1912 9264 2906 3621 8407 2412 5498 6551 7902 7233 5750 3254 5053 4146
23 3843 7873 7569 1016 5465 5824 9896 230 524 3466 7857 5256 463 5569 8798 3230 1940 602 6406 9510 4215 5519 3298
15 1785 1299 6156 4249 1716 2630 2272 1428 1944 5478 5965 3401 6144 7605 2337
25 4353 8075 1376 4147 8186 4685 9421 8140 1736 2913 7032 8600 2692 4576 4434 8801 3563 5926 1086 868 5414 2650 8242 7473 2490
23 9639 8945 9553 6865 1947 6161 523 6727 1338 8820 4714 9370 1197 2374 215 8339 7075 7947 1617 1043 6317 6383 4136
36 599 4236 4244 5770 3499 6999 138 7724 7207 5221 1364 7516 6178 2141 4821 9167 6325 6226 4262 275 6351 344 6909 143 5924 270 6162 3886 9154 8364 2124 4551 7039 9517 5065 1314
25 4498 5219 3731 9526 3394 1896 4302 6393 8987 1433 6067 5099 5201 6059 9157 6774 9079 4712 9293 4198 8431 4681 5199 359 8596
15 2921 1589 3469 2972 4046 3421 2467 1820 3811 2234 3225 8875 4901 2243 4793
19 8316 5567 9089 2043 4532 7573 1752 9980 3505 7614 6681 4406 5600 2375 4850 9740 3837 6260 9374
18 9911 716 7080 516 7592 3691 8401 1069 4159 3314 1330 3157 8033 7501 6041 2645 1159 3559
37 9268 1504 3790 7339 4293 8239 4767 2206 7474 1248 6056 3859 1891 9992 7493 8743 1934 3610 7823 5801 916 1237 1740 1711 4128 8817 9605 324 3957 7520 728 5882 4581 2705 2628 1156 4928
23 4939 1799 4559 8229 2023 6674 6379 5608 2393 5709 6238 7264 6990 6504 279 3716 213 8724 3481 3841 1633 687 2863
28 8023 2907 3862 2958 8103 4068 550 5105 3874 7508 163 8051 8603 5462 7793 1012 5464 4235 7635 6211 94 7306 7796 9261 1656 4014 9258 5513
26 1271 1096 5610 9074 4784 5481 7366 7872 4634 6106 9441 4209 2808 9881 274 4038 2308 558 5383 460 3151 7757 613 7659 2501 898
27 929 8659 1393 4114 6915 281 8099 272 3584 4062 365 1875 8444 6641 5380 5664 9225 1753 963 2894 8954 6847 6600 8070 3229 184 3956
31 8843 1466 9303 5211 6838 7680 6596 3476 4224 7894 4564 6104 7898 1275 4549 2154 2710 1071 5552 3661 664 3282 7841 7747 6176 749 9435 8337 8930 6926 1034
18 1198 4301 2040 1639 285 1922 2461 2493 3642 4279 9982 6688 2496 7702 3480 4702 5558 2295
23 6808 1584 1679 9667 777 1392 9319 6114 402 9584 2248 310 1442 5827 3959 7646 3013 806 2643 5148 2157 7044 5793
15 3496 9192 3498 4787 2796 5302 6848 5386 8494 8111 3323 4936 1657 1498 8730
29 9644 862 4921 1188 15 4722 3450 9659 9508 536 5243 4188 8621 1796 9091 1850 5364 7063 8361 6037 309 7101 7860 7389 2619 6972 3383 8356 8722
24 2052 2366 4824 7414 1638 2086 6345 3231 9724 9324 2622 8871 9143 7806 1800 2468 3163 2144 1017 7982 53 8502 6591 389
25 857 5635 9420 9592 350 6391 5188 538 7920 2359 8721 7004 3973 7802 2960 6543 9403 6049 5168 964 8295 6941 2431 2244 4538
27 9229 7998 8760 3031 6437 959 8491 2874 5329 7900 9433 8901 6683 7222 3007 3070 3295 5527 6920 7091 1715 2535 5872 8400 9026 3088 5616
30 1924 1389 1748 384 9322 8125 4167 6769 2534 6699 7987 5176 8764 4219 5929 8268 5002 4259 4710 7065 1107 2918 9643 8039 4012 3074 1707 2491 7524 620
34 65 2104 6157 3854 5901 3845 4667 2082 3561 9790 9001 1461 8134 6389 4981 6696 6085 7743 72 3772 8826 6714 2400 1946 5005 6777 1696 7848 4608 3516 5581 1842 3864 7844
39 4470 947 4086 8988 4566 9362 7967 5040 893 6253 484 8366 5306 724 779 7009 1592 1387 5259 1116 2414 5768 4906 3801 134 3436 6781 45 2971 8985 7160 1316 7960 4212 7369 838 2046 4313 9756
34 1871 2804 1861 1464 395 6642 9056 880 6839 4087 8450 8793 3877 9479 9239 889 1224 5349 2990 2085 6929 3018 8528 6996 9547 9185 6483 5972 630 1075 6981 906 6906 976
20 7525 1448 8926 6775 9607 4690 7594 5208 4394 4675 6963 3308 5909 9826 1905 6713 9224 7782 8402 3791
22 6203 1199 7231 9574 1774 1061 202 5373 10 9361 9934 1911 8725 9658 8705 4121 1551 232 8405 36 1695 6687
15 8063 3135 8007 9219 2383 2037 7918 8017 4499 2758 2133 5936 6057 2175 1056
19 9015 320 3454 6866 7164 8551 9230 6806 1844 6620 1616 2925 7107 5726 6707 6513 8113 5657 1701
36 2021 793 133 612 1907 2 5305 3474 501 2042 9800 4125 3924 624 7791 4899 8544 8470 8916 7531 9727 510 5556 714 970 3556 2153 2923 7590 5013 6411 4226 227 6835 9665 8839
22 1840 3216 2309 5039 235 912 7689 9155 4358 6821 4515 3963 8126 1424 83 2151 7368 9863 5032 943 9933 9668
17 3121 8627 3463 1688 6201 2737 5559 8963 7384 8547 6708 2713 680 7909 5084 8056 3560
21 4340 5278 6880 1317 6605 9785 9321 1876 304 7178 1050 909 7077 6033 8863 2447 5122 3711 6230 4325 2583
15 1897 2636 3967 2078 7502 8428 5411 2332 5026 8334 194 8553 9436 8330 6795
7 8253 3174 4711 4096 6463 3748 9723
27 5092 936 7755 3039 1591 5658 2722 3328 4651 8540 7588 7285 7543 972 7047 4438 4135 9867 4392 4033 6310 6986 6944 9203 3142 3118 6007
23 6824 2599 7266 8688 3925 670 4718 3574 4840 1819 4669 2694 9994 4330 5472 1501 6187 2956 2299 6452 8427 7990 8344
23 5804 7262 5073 754 4523 3948 3356 5582 8460 1747 1756 8650 8960 9270 9593 3413 1058 8567 5468 695 3736 8047 7719
36 67 6974 6138 2729 7587 9302 3714 216 2051 4562 6165 6375 8289 9534 2437 7507 8811 8779 5167 2364 6505 8335 8202 8971 973 1091 858 3106 6664 6428 551 7611 27 4590 3880 1646
18 6240 4486 3550 5999 2345 4060 9779 776 7935 6779 2137 6888 6728 4272 7462 918 4941 2502
30 338 2561 9103 866 8261 7750 774 6730 3339 9418 8031 8299 6977 1072 2350 6937 5421 7326 2871 8977 3407 4373 3668 5233 407 5736 2155 3787 1782 910
31 1037 9358 1328 3340 5340 6312 683 1921 5379 8974 9351 9378 5389 9498 8549 2204 8143 7447 2820 4947 2222 3935 875 6675 2872 5625 226 1125 7371 1865 1258
27 5314 4009 4106 5442 2218 3293 1394 6488 5880 3137 7547 9139 1308 4264 2452 3449 8692 6692 5925 1965 198 4386 6047 8844 1575 7721 8563
21 3182 9023 639 575 8755 6622 6447 9722 2844 6171 26 3130 3241 9490 824 7486 1340 4831 2311 2709 1064
25 3115 1283 9758 4646 4543 4964 3392 9278 4075 2765 3242 3344 1383 5946 5912 5328 4597 5802 6545 8283 2336 2403 4341 7252 2039
20 1822 9247 9879 4582 8935 9029 6353 946 1626 694 5102 8565 6387 6667 5589 6725 5037 8467 1839 2134
42 7132 5083 5023 7220 5004 8590 9205 2390 126 1029 9150 7021 3907 3 9397 4692 887 7879 3473 4454 4360 9651 7675 9480 5755 7402 2701 5191 5728 8771 8818 2985 6136 2704 7018 6027 1404 7845 3860 9622 3902 1124
24 2580 678 9671 3213 1337 1499 3377 5180 1702 5470 6423 7090 6234 6415 5786 6712 6366 9292 614 7007 9416 3805 9055 3491
14 8545 8775 5226 8704 9875 4429 1687 8683 9669 3568 8132 5897 1793 1021
19 6772 6578 8693 6939 6799 4440 2546 37 3689 3573 6908 2631 2805 2947 3256 5444 2532 7424 5166
30 8177 4290 1781 1720 1767 800 4942 5992 2139 6038 5651 5767 4682 2268 8649 5016 3625 5986 7944 3161 7904 8802 9174 4480 43 9455 1049 5209 223 9961
25 2024 7807 2506 2851 3699 366 7506 2756 7735 8169 4754 256 8709 2761 1520 6540 9148 125 8756 316 6108 322 6841 7714 8127
26 3123 3494 5640 3251 3416 4569 1031 9716 1772 1307 9542 6873 5704 1783 434 5061 6105 473 2062 3961 8532 5852 1730 1205 5573 5342
25 5958 2595 1534 7529 283 8749 7237 7570 6602 4489 1041 9706 6444 5537 2955 6733 4368 9142 7790 9447 8347 8754 8496 7061 6152
19 1047 4093 6861 5117 8903 8067 8917 4138 1999 537 8325 5595 1382 9828 4755 7396 8297 835 6276
30 5734 4312 5587 7298 9163 1471 9816 6326 5139 6281 9083 257 1402 1988 2478 1286 3072 3893 5738 8006 8221 6761 4881 8845 2398 2821 3882 1303 8052 6284
34 3201 238 8601 1870 6609 7615 5529 4547 9917 9337 6816 1435 732 6862 6833 517 6083 5313 3212 4979 5274 9183 8842 3395 1145 9331 6759 8907 2812 1594 2689 4844 3023 2843
18 5981 6863 6436 6459 9460 7094 744 278 4388 9355 4805 6542 7024 3139 8958 3828 2445 1093
22 3009 6629 8986 495 2854 2443 3011 6785 1345 5184 958 7819 1154 6122 9384 1649 9456 5739 9017 3016 6583 8975
33 3150 386 6339 863 9988 9571 453 433 6617 7125 7510 9939 1832 2994 8415 6897 1516 5216 4359 9548 6811 7461 7541 9211 7027 8457 6022 8333 9201 6928 2697 8139 9764
26 4746 6042 243 2129 733 3235 684 7192 3808 1525 7130 1277 6778 6995 5136 1405 6655 5893 5518 3056 4095 2081 3633 2806 6993 8465
27 3052 8599 6574 4351 3045 7718 7100 8166 5565 4217 5810 6891 686 7403 6829 4745 183 3525 346 7450 5000 756 2262 3485 1917 8579 1611
12 4890 6396 3686 2887 3438 4925 3178 9924 7859 6936 8623 807
14 2340 8593 3053 8284 4620 2231 1982 9780 6102 356 8025 2939 4390 7182
33 6486 512 7999 467 3968 9943 8997 8524 1065 6442 1882 1296 4993 8304 5502 2237 5052 7582 4216 8584 9893 4427 7976 1158 1600 3517 735 2671 9695 1769 9683 7410 9831
22 6874 6773 8049 8656 5484 5904 8153 5350 3266 4459 3796 6846 4919 2017 7340 149 2084 2555 2093 2890 5968 4952
29 1682 4442 4067 3856 5733 1629 4430 4789 2142 4878 7552 7195 9250 261 8669 2632 9653 2772 8944 6385 1409 6109 7124 9877 7973 4763 7476 6193 1806
29 5512 4464 9630 7189 9697 8673 7353 4852 6414 4950 8270 1964 3406 8129 4173 1933 4572 7838 7917 1606 331 1954 4847 2629 3324 6072 4151 132 6592
21 4460 3979 1357 859 171 9774 9237 4469 5257 8569 9312 1007 8081 3306 2588 5330 2836 9063 7899 1119 4339
21 1140 9978 5309 6604 4265 3078 4632 8539 6552 7939 6308 3233 2785 7661 160 8336 7272 2101 2757 7482 5174
24 7016 5561 999 7321 6679 9661 5548 8010 3613 7505 3399 2634 9112 8107 5851 6145 9855 7852 4609 2251 6594 3662 2786 7581
19 7914 7798 4000 4626 7497 8250 4810 9269 5575 6224 7258 7797 2201 1712 5638 7720 1936 31 2298
31 6205 9470 5357 6020 4730 6130 9193 6565 2087 8931 6129 1976 3982 2991 7800 9188 8084 3448 9989 1556 2349 9204 8852 3704 8825 9690 2980 3543 7831 3097 123
37 5956 8513 2358 6556 8141 1229 771 2611 3747 6061 7978 6823 5577 7177 4663 6008 8855 4915 6478 7012 104 8905 4385 8592 7738 6568 3876 1366 931 110 7023 3971 4178 3042 9629 2456 154
32 2148 1566 1926 4715 5396 186 9162 3674 2190 414 3455 8813 3939 7265 9682 997 914 7385 7556 8015 3171 2903 5850 6701 7895 1659 420 3125 9467 8626 1673 1614
12 9868 940 2430 7310 4039 2149 5832 1928 8260 4484 8836 3954
17 4280 3234 1857 5969 3919 6025 3756 9335 9194 155 2672 1648 3237 9352 2719 1998 5197
36 812 1743 6945 7331 545 6854 1920 2348 2563 1371 9244 449 4614 6142 3567 8061 877 9862 1444 5220 5849 974 2419 5215 2003 8733 9036 4739 1173 815 4451 6448 108 1671 3975 1165
34 9930 6539 8246 1567 3813 4578 8822 2197 3010 2700 7076 3152 1770 5019 3630 8068 7405 34 4176 4513 1885 237 250 6934 6309 9500 1164 5056 2361 7963 2405 4762 5819 3742
24 6318 4874 4804 8165 7137 9886 1932 2567 5093 7773 6086 8471 1989 6371 6525 1354 9663 6099 5515 9956 3415 7001 9876 8522
28 4521 5675 7551 6763 8381 9175 42 8258 9363 3738 5722 8281 6803 1901 1026 9318 9170 5479 3472 3917 4961 6490 2998 8732 5604 4908 4721 7518
22 5705 8387 7025 4423 9748 8763 4345 2494 8362 8354 1775 9016 7225 4116 3363 1737 1167 2800 2849 2066 9425 7432
24 3397 2834 9395 2892 786 8390 539 9929 6530 985 8512 9275 1469 1446 9801 8461 7851 7526 2249 6315 8982 3887 4310 75
29 1889 2789 7549 996 4694 7313 3682 288 1572 8314 2943 5183 4876 8442 619 1749 6249 2451 3900 4757 8181 1927 5348 2196 9310 9521 4145 5765 299
25 1824 4258 2433 6117 6469 7098 28 2995 6509 3553 7528 5360 6149 4100 1666 2668 3771 2168 9565 1554 8468 755 3733 8123 8355
30 370 5870 8438 1057 116 5367 1262 855 676 450 6697 1486 2256 9218 3628 2560 4452 5681 2254 727 8201 5153 2371 2587 2379 8720 3265 3046 5647 3827
27 7741 9233 3437 701 7832 7330 1502 3700 7723 7875 4419 2876 4571 4234 1765 5339 4053 4081 6549 4129 5918 6736 667 4037 1321 6348 441
31 3283 4152 3521 6590 1535 2936 1351 2685 4097 9957 7419 7786 5747 470 3844 6175 6812 3214 681 8751 191 2795 1162 3274 58 7317 3683 5691 3600 3718 5676
16 1789 7839 6286 7974 1750 5655 8252 2354 9755 180 548 345 3464 5961 392 7035
18 2552 8680 7958 2285 5106 9914 1941 2462 9616 6560 5639 577 500 2002 5784 5454 6143 1961
21 9431 9423 4801 3920 6947 7377 8829 1672 556 8317 3777 5921 5506 8583 4560 2712 2522 6289 8922 6753 3224
30 9111 7969 8676 253 363 4631 6030 3061 2215 9572 5796 8526 9389 1011 2545 2582 8946 1915 1187 1632 60 3140 8090 3183 9904 8106 4780 6770 7533 1506
24 748 9866 3076 5175 6802 2242 7015 9597 6738 1485 4001 8045 8660 4238 7767 605 124 3715 4501 8589 1758 6917 3286 7295
22 9958 80 3376 3577 2365 8887 9422 3136 2389 4870 9899 7504 185 6282 6429 2263 7923 337 4362 9525 5742 7641
15 7536 2524 5568 8525 7608 9327 5950 4122 7388 3336 3244 6471 6561 7433 7391
23 9060 1025 6124 905 5195 6572 3916 8170 5007 3296 4210 5789 96 3881 6075 8885 8269 4500 5997 6394 7242 9713 3134
23 6636 1477 8280 5611 9730 6267 2102 813 3004 8436 9515 5618 4448 4524 7921 4179 1122 4655 4231 6958 6501 6511 8726
33 2584 1449 8498 9865 8234 2214 5645 4674 8013 6314 1650 7725 8357 9488 703 3878 8651 4684 6299 9786 1596 9966 9404 1703 6621 4600 6576 9885 4370 7151 7985 234 9555
31 7995 471 7302 5696 7322 851 4932 2150 1298 983 7932 1373 5186 7706 2687 2378 632 5906 7695 4201 8399 7644 9931 6343 5820 5129 4342 3162 1149 8251 3504
25 2662 5607 3342 3590 7591 8927 5336 9621 1265 5132 745 1423 8016 2728 6637 5430 5828 9672 7530 4995 49 8706 2827 2816 3388
27 4817 7500 7616 5035 5181 6054 7400 3361 5483 3452 8286 8936 2708 2499 4740 6827 787 8215 2549 1829 3243 5418 9853 9971 9367 2152 4868
23 8241 6347 654 3908 5741 4478 7201 2177 6588 5427 5270 1704 2091 1390 7343 6892 6001 7360 2200 2823 5046 351 7031
20 2733 2381 4026 2283 3332 7622 2420 2012 334 5448 1183 114 1375 7408 2010 752 5985 9642 7460 2914
18 1717 5059 6126 8896 3412 9009 2162 9102 6938 6869 1578 8632 229 1238 5432 7055 5840 1545
20 7656 641 5128 6079 7752 3598 5164 3538 3091 7652 7480 3272 6935 7083 9383 7202 7158 5873 2677 7228
33 4526 7155 1621 1370 4579 7728 6510 8776 7333 6532 7571 6860 9591 4960 9518 7449 6666 6169 6215 7439 7942 339 162 4816 340 9399 3209 5121 1868 9540 845 2593 4996
26 3519 7945 5863 4166 3006 7961 609 5288 7815 1925 7238 4051 9598 6432 8886 3889 7470 8633 1698 8267 5843 9120 9794 1726 7694 7983
22 5203 1856 4900 591 5196 4252 4835 3158 2239 3060 2517 9245 7420 5570 2476 2018 2727 9502 5459 3467 2669 5825
24 2553 7855 478 6400 4650 9531 3927 505 9235 7890 5633 347 1610 2257 521 3639 5993 3526 1615 7623 2574 8240 2879 89
11 2895 8679 1890 978 4691 5066 3041 3695 9587 2492 9426
14 3897 1548 7703 8162 1214 4727 4573 8805 773 5239 8384 8232 8923 4823
33 5930 5165 2267 1678 2303 1092 503 2542 5333 2199 3365 9053 3943 5807 4945 3385 5149 7578 8196 2974 5109 5119 4381 8625 8256 1577 2481 8893 4616 4408 7740 9850 1893
31 8002 7240 7893 2183 1151 7997 7056 4849 3320 1505 7925 7887 888 5761 5585 2459 1816 5706 9050 4436 6564 4142 4463 5438 358 5823 917 7649 4797 9081 4432
35 9047 3823 8392 8914 2466 6256 6787 63 5945 5355 8757 2158 4917 3730 9802 9437 743 1131 7736 5126 4943 9308 9149 1807 597 8924 4697 4927 2666 4534 3727 3934 5273 1378 9656
26 604 7060 621 2489 9588 9883 3587 8531 878 6303 8172 5346 1432 1894 6554 6988 1975 9932 5987 1099 9777 427 2811 3652 8568 1190
25 5111 5118 3713 2471 496 2572 1434 4738 9895 8417 2038 4708 7517 1821 5505 373 7367 4527 5276 6673 2637 2908 1938 6955 298
31 3764 6720 2514 2616 9342 4822 5 8846 3634 4015 9108 1950 3670 5152 827 1957 9093 1401 9728 1083 3581 2022 4253 8912 6207 7568 6232 9746 2830 5078 4977
26 5114 7378 829 291 569 6531 1243 7550 5261 2232 2778 2331 2416 4612 71 2111 2569 9413 3303 5110 5410 5787 8276 8959 6300 8913
32 5363 287 3318 8734 4254 1400 4954 5277 5022 5286 4182 6328 1036 4719 4827 8443 5542 7443 9285 8643 5085 6040 3423 6183 4548 3552 312 6045 3369 5791 3995 8861
22 179 9453 5648 2889 6388 7128 8117 2860 2487 3649 1249 8388 7254 2428 9315 3312 2306 2195 804 8777 3705 7089
12 1811 6497 6894 904 8900 7670 923 574 2028 7655 5318 2664
26 9096 5947 4975 9856 207 1196 3497 717 5677 4425 7030 3804 570 3217 5115 6611 7858 3706 158 5826 8287 8537 1397 87 9125 820
22 8065 9892 6632 2801 7336 9903 7908 336 8365 5574 8340 2803 1766 7639 1028 2050 8762 8948 2847 3720 5145 7696
25 9161 1089 2387 2951 9618 5412 9236 2317 1413 4923 5795 6918 1764 165 4633 8515 2301 7869 3350 9747 7977 6676 5688 796 8380
26 1971 3768 5010 3815 9076 2510 4240 6671 3769 2932 4239 4837 6577 2826 8349 5315 7979 9173 5365 2071 1184 6217 926 1174 4057 6665
24 9445 5067 3834 3794 9907 5916 2342 7304 2255 7607 3177 988 1526 6700 2779 1802 5560 4399 8078 3040 2707 9993 2227 4354
32 5378 3822 5206 571 6233 2328 4192 3087 6500 6623 9398 6395 6295 7970 3726 9253 192 9501 3884 8604 1333 7989 5246 1231 7157 4640 8899 1951 1805 3131 7681 9721
17 1713 1032 7244 7919 8322 8466 8570 625 9530 8752 5544 4363 5836 9596 9960 5953 5063
23 7511 5509 3153 1347 3109 7596 7185 9535 4671 6499 393 9356 7892 750 367 6236 5842 8389 4554 5591 9749 7356 4991
28 3852 6553 9041 5643 416 5275 3998 4598 9032 721 3034 5703 1895 8474 8358 7775 7658 9094 4284 7204 7634 1076 8983 6732 5311 398 1374 6322
29 9995 8744 7029 784 7105 2058 6095 8472 5231 8561 5403 9066 7514 3831 6852 5488 2475 2953 4306 4737 6214 1462 1126 4934 6950 221 259 6427 1536
19 7033 765 5612 2001 4999 9726 7332 6010 418 2092 4169 7780 2750 603 1103 7 5223 9693 8430
9 4557 5297 2347 9365 7050 6766 4783 1284 5790
26 781 5774 3937 631 5528 1760 44 9107 6624 8634 6354 8859 925 7625 8497 4022 9468 404 6259 5762 2096 2372 1507 7600 1691 1887
31 1540 4271 8032 7038 4680 8769 2647 6957 9115 7774 3890 2824 2258 5671 7067 3515 7358 8483 5177 981 7181 7308 5673 2723 5935 1153 8707 2877 899 5609 7744
21 9098 9603 1754 2146 8677 3226 5884 6797 6586 2120 6964 6166 8678 3427 532 9715 7421 1241 5588 9803 3185
31 3357 6976 5266 9745 2083 5144 8230 3558 3658 7126 468 1080 1608 54 848 9551 9124 3094 1063 9332 8011 7559 4183 5781 4510 9772 762 8046 4189 1576 4662
27 6768 6992 7084 8455 9615 6071 7980 3456 504 1571 6408 8012 3548 1244 2363 9528 8255 919 2744 4298 8092 1636 7374 7880 9689 8635 7522
31 5740 4956 885 8005 8781 8853 4627 6084 6278 6100 3800 6419 6899 9414 8794 7241 8712 5775 9857 5015 4422 6535 2182 7251 9069 4412 8083 5629 9196 4791 7540
21 9088 5745 915 6330 3367 7688 3048 2369 7426 2855 6640 1478 3488 5469 4391 4315 4760 2743 7297 7954 707
25 3941 8759 1675 5752 764 2929 7589 5142 7144 5281 466 8611 9178 7053 8124 4864 2865 5044 4132 6876 8249 4445 9095 4091 7416
25 4672 3944 4483 6017 6472 7756 3309 4193 6487 642 8514 9206 5974 8942 2223 5264 3744 9007 349 3681 9277 4779 4479 3021 7427
27 7981 4229 2392 4931 5185 4005 3063 573 593 1877 5797 5079 323 4599 5028 6028 1039 1694 3803 4814 7324 8619 4812 440 5623 3679 2798
15 7621 7218 4707 6723 8723 1607 7431 413 3020 3240 7827 38 3766 5578 2005
13 4108 747 5800 9443 2562 1426 6194 9905 1172 4447 4417 8000 6080
23 269 33 3273 8418 5788 8964 2902 8066 725 1542 5624 8608 9197 1987 3179 3348 8765 1161 1490 8451 4769 9507 218
17 1808 411 6954 891 8837 3219 9999 6890 7487 6508 6826 9343 5354 7159 7059 4604 6063
17 1445 3861 766 9580 9417 9217 6046 204 4041 8313 2474 5661 8424 5806 1133 9369 7700
22 3835 1795 2188 3302 8208 5467 1344 51 882 1759 4922 7826 1849 4230 9168 8613 3126 6546 7393 9371 6112 2266
29 7257 7390 1242 8053 9590 8894 3084 9840 3100 971 9008 4670 4275 4431 4766 7544 1437 7593 2807 1044 289 5833 9005 8222 4393 9290 4683 7784 2516
23 2472 3175 2962 7850 4287 6018 3033 6489 7776 4401 7452 8949 5423 7279 2878 6275 1663 1899 5894 421 99 8350 3143
19 14 9606 4774 2775 2624 9373 8716 2136 5641 4416 1380 879 9338 2014 4668 4466 1285 1586 8994
25 4596 7878 526 2529 7127 9257 1280 9058 2725 5613 2716 9891 4504 79 140 7213 9294 9145 1619 7073 3687 6881 401 6911 447
30 834 479 4288 6731 6796 8479 2853 6417 2870 8999 3280 2070 7054 2726 5337 9465 9719 3964 6468 555 7349 9391 7087 3275 6496 6177 7057 8275 6035 5230
32 228 8456 6817 4676 4444 68 2625 9898 5290 246 7481 5555 6449 9942 8934 73 4199 8685 5871 8423 8036 7261 9339 5869 6702 2886 8216 7834 763 7017 8019 343
28 8908 5683 429 7660 5773 2822 4542 5822 6074 5207 1334 3015 4860 7074 4010 5960 9873 182 4545 5928 2460 7603 6373 8223 6291 1287 5811 7937
19 2435 4580 9520 9243 1481 6097 8144 6341 3868 4743 4261 5252 8174 5316 9214 4305 7606 431 6212
29 7955 1549 4174 4509 1739 2746 7705 7539 4458 9814 3604 2970 7833 6440 7739 3322 9601 2067 1848 5831 5096 6032 8282 7136 4474 535 3080 4364 3043
17 5489 7469 3252 9808 7836 4413 6287 4967 1112 869 2339 9692 9984 1552 1022 4778 8888
25 4061 452 8441 5814 6435 8866 1059 8929 3745 4530 1801 7423 9887 8100 4556 9200 480 9147 7664 6614 1356 4054 662 5435 8463
21 1128 7484 1427 6107 3698 3922 9309 6872 9359 2165 2353 8145 7052 4795 7163 1077 8701 3671 4695 325 1909
23 2080 2450 6302 1336 6153 7437 8454 8501 650 2976 8238 6005 911 9759 5932 2114 966 4161 9922 6606 7959 2888 1114
28 6895 1279 7283 8919 7307 5131 410 4083 6195 2564 7676 1495 9260 4610 1665 3703 2094 2734 8386 3002 7803 7184 308 9210 8130 9787 5867 8142
26 4753 9434 2098 5251 4563 9266 5162 1367 8834 1662 5617 3872 6311 9567 822 6421 3950 3260 7946 9771 3792 9608 1522 9432 4040 3012
26 1482 7885 3702 4896 7079 6482 7268 8321 8341 258 9340 3492 2604 944 3460 7617 3250 9676 955 9223 3923 2730 2905 8490 7825 3643
29 390 8507 7669 6209 8867 792 5749 810 4180 9703 1812 1645 6390 111 1467 9184 6368 5429 5242 314 783 1903 7051 2145 5839 9589 1479 6994 579
27 1202 7214 7458 4519 5345 5812 844 5685 9280 7412 2946 8195 1419 7938 8352 3644 8398 2252 8877 5439 6693 9486 635 8168 295 3588 7951
17 1813 5895 8096 2458 623 8849 5667 6445 5248 6598 2550 4968 8411 2703 9773 3638 6595
26 3343 2161 3898 3942 5845 5130 6096 8369 1952 2993 7269 7577 3627 4172 8183 2219 9336 5431 1658 1683 9714 2457 2253 1573 3929 1261
23 5224 9296 2764 5407 6573 197 9390 8696 1118 4134 5051 5922 3637 9493 2448 3676 4197 2103 8879 8156 4929 7281 6715
31 9010 3441 5269 4813 3797 3576 8487 6534 2521 791 4418 16 3128 1837 7905 5003 176 3533 4728 7717 8602 8797 7953 5551 4242 8327 6088 757 2679 5108 5011
25 2594 8910 5846 1669 5198 438 5404 6788 4383 3983 1350 5499 3422 3734 6991 7950 1751 3612 7489 6914 9461 3172 8363 3853 2627
19 1585 5942 3819 3184 5296 1641 6019 5147 702 251 3349 7618 3180 491 927 5460 9129 9024 3288
27 7964 7413 296 3095 6334 9484 2259 6070 371 1014 1969 8636 1731 900 131 2598 1403 7008 3945 5204 6845 9650 5760 2540 1898 4846 4716
28 8508 1234 9552 8080 188 8391 436 4162 901 5735 937 1074 6717 5731 8858 8089 1120 7801 4785 5368 1408 9792 1514 6246 9936 3719 6481 3204
21 3327 240 3762 6979 2193 3310 4735 2683 4886 3529 4752 4918 9775 5362 13 8082 7350 5563 4220 1570 2840
27 5596 317 4611 6148 7183 5964 598 2170 1095 3304 8488 9061 2592 5533 3417 7165 1301 8581 1497 4540 1195 9123 5361 3522 9 1139 828
29 5395 2287 9797 2277 5202 8717 1295 7563 2326 5737 6685 4729 7154 540 8320 1278 4308 8838 3035 6998 3677 6627 1425 5659 7673 7968 9977 9827 12
32 1180 2554 3571 9169 5978 8925 2210 9793 9781 5937 2833 5753 383 1147 1288 3520 4759 8648 5077 7991 9198 948 3871 4976 6782 4841 6959 5536 2610 4281 1020 1230
24 8371 5718 1473 669 4905 2100 8279 8538 7026 4157 7219 8580 831 5652 8647 2423 6051 5817 8433 2289 4350 8690 4531 8674
27 3390 4286 4267 2606 4731 1581 302 2113 4723 6147 1599 9446 6158 9909 1983 4203 1148 2961 9711 770 5150 1544 432 6968 8372 2608 8519
26 5388 9494 4741 443 1015 2321 7748 5413 5485 5159 8385 3987 8311 5443 3238 1052 5545 3741 8 56 797 2329 6242 6258 9829 9097
28 2940 6461 7166 7409 2224 6093 3405 4820 6118 8404 8091 5055 18 1191 8735 5047 455 9014 9220 4424 6151 3378 9637 9499 3780 6465 8278 1377
24 5434 7996 3965 1966 4295 1141 6569 5973 8043 6470 7906 5977 1312 329 4049 8607 729 4273 7742 9025 9146 5474 2698 9117
28 7565 4649 8138 7818 1488 6978 7496 7303 2880 7112 1115 9782 82 7751 7069 1579 9765 2794 3264 5294 5855 70 6789 3110 4047 5697 2169 7601
27 9818 5312 5232 2185 9215 4140 6434 6294 3688 5494 86 4904 3863 7896 2411 2814 8622 5446 4522 1972 2073 9940 6241 6853 263 2659 4883
