27 2735 1335 6663 4143 6916 6228 2009 658 4742 7140 6493 1492 6159 4467 7483 8290 4898 9941 2127 803 8410 6301 8277 6250 490 3933 3029
23 7013 6547 4973 2184 9018 1443 5751 4309 3387 3081 5875 4933 6783 5497 523 8714 9271 2648 7394 4852 2529 9513 6516
16 8292 3629 1305 8670 5284 3242 4289 4104 1902 3615 1781 9783 8620 8343 6801 7678
21 5858 2432 519 8458 5885 8040 9325 9412 1601 5234 1674 8521 6053 8614 4940 1324 3849 8811 624 1399 4476
20 1900 88 3607 203 9231 2654 4794 8346 2075 5155 4984 7598 6619 3285 8638 8728 6013 9048 6363 3347
28 5868 7956 1867 7401 622 4214 1066 1273 271 4693 3170 1803 211 7003 8248 214 3382 2431 2244 3697 3662 2575 3582 8476 3049 1310 2837 4772
18 1209 7928 2920 2015 7097 7028 4585 9256 2110 4654 6077 2503 2500 8840 3431 9813 4938 4003
12 3869 4379 6252 984 3578 9750 3686 7431 9627 7704 7439 9803
18 4948 7314 2788 1955 6123 9452 4687 7399 6082 5808 5054 6744 9109 5491 4118 1421 4465 6306
26 7965 7475 187 3156 677 7499 423 4008 6277 1543 5860 273 4644 3468 5856 3622 4913 6900 1004 1221 8189 4704 7385 3221 8773 2480
27 303 7463 4601 2135 5137 3119 4208 2020 8546 9702 9105 155 833 7275 5597 6079 617 3094 3456 793 5078 4221 2294 4225 3653 4946 3650
37 1992 8518 9707 1560 5424 2313 549 1879 1353 9670 864 6208 7329 7737 8209 5400 6155 4112 9020 7755 506 4232 2829 3127 241 8076 151 6538 4036 682 6380 7392 7993 9100 2194 4857 2346
19 6541 7957 6952 4435 3176 9976 8629 1260 2589 6724 85 7891 2343 4072 4395 5213 9045 3225 101
29 4094 8175 5192 6381 9563 7318 2720 8630 4788 2061 7711 6786 3655 7446 9144 9581 6352 4080 3490 3200 4520 1416 2966 2306 4370 7151 2552 7842 2978
30 6670 7109 8274 615 3294 9951 3249 2904 3245 7882 8902 951 4384 6198 2141 9156 498 881 1770 7872 2539 6269 8444 6386 8288 4162 1326 9311 3243 4000
16 672 6031 580 7846 3680 4405 8536 4828 6222 6548 4113 6430 884 4642 2901 2528
25 2166 7889 5237 502 5006 2912 9743 7668 3795 9979 1846 1281 6662 48 1655 7230 4344 6794 1233 3031 1876 5729 141 5178 6834
25 3030 6767 6807 1407 5299 4842 6884 7561 6656 9820 2518 4990 7874 120 7558 9191 4767 1508 3685 1217 6739 5692 5715 1027 25
24 6002 6412 4839 2571 4679 5352 2673 2230 3236 5049 3181 4533 482 2016 2977 3435 7352 5326 6131 3912 7554 7830 6223 2265
11 1040 4536 6912 3475 1860 3025 8815 5650 24 8824 8397
37 9313 2356 8640 7070 837 8559 2774 19 3555 9291 2316 4428 9393 2838 4618 8758 6630 2056 4237 8485 8742 7914 5464 8585 4373 8125 813 8562 4861 8318 2121 9967 5744 5323 4970 5878 2983
17 84 9847 6822 9504 3774 2402 3905 4021 4256 221 1189 3122 8411 8482 4963 4077 3389
28 8878 474 8520 8086 2967 6711 475 596 8055 7988 1773 409 8272 5123 1130 7188 5764 582 388 6462 8041 2933 9444 1292 547 5680 5133 4923
12 5970 1097 7270 1949 3565 530 8486 6039 3809 2721 3000 4971
8 1515 9913 3138 902 7346 5250 1000 7671
12 3253 7429 5335 3817 719 5934 3990 7037 9441 9037 5649 2486
27 7929 3055 8102 9084 4583 7406 2748 3276 957 9495 6245 2291 9972 91 9320 5998 5332 4965 7420 9314 5546 9134 1692 5447 8226 8639 9964
19 4090 6263 8890 7940 1945 8048 1654 668 7886 4403 2909 7073 4867 1474 7095 3926 4145 6779 4621
41 2465 7657 8950 6466 3549 8962 8564 113 1838 7864 5161 6003 3457 3541 8406 6849 8523 7729 9920 208 9222 4064 8378 4141 586 6983 5957 7141 2555 2233 4388 7321 5789 5070 262 6425 1391 5702 56 1194 7926
8 6403 3430 7709 1530 8329 6377 7376 9072
17 5440 2519 6689 5018 6831 563 7113 4853 2541 6793 8839 914 8368 2417 533 1388 3492
39 1757 8731 8708 2883 568 6695 9698 3564 9305 3546 9003 3855 7229 3540 5377 3865 3403 32 6247 8978 1693 9353 9246 4235 6416 5967 1650 680 8344 654 4119 6668 2875 7654 6826 1783 1524 9633 843
15 8310 1178 9636 741 6658 3366 1422 6966 9761 3993 6265 4593 3439 3760 9997
22 3696 2074 6128 9654 2140 4194 9128 8609 2809 117 8004 2173 3168 5088 2097 4619 7861 8326 446 4980 4594 7061
7 3149 9550 3527 3608 7153 9102 5793
15 4525 9752 6706 4377 6815 4758 7468 5815 5681 9523 7878 4863 1024 8864 5570
23 5693 3090 4071 4059 5300 8477 2581 1411 8905 3494 5558 6858 7681 373 2125 2088 2394 7566 6930 2842 9889 8205 6359
28 2695 5324 713 2986 7799 1776 4494 8328 5393 2293 5304 4920 7428 9402 7759 5228 9457 4575 8128 3732 3974 8184 5272 4447 799 2138 2286 357
35 4078 9619 9679 4855 1664 9207 2941 7640 5341 3692 7005 5359 2422 7129 9463 9685 4255 782 9996 3191 5668 930 6764 442 5724 8904 5730 4457 3160 4613 6353 928 1138 6610 8753
21 1315 9514 606 9888 5086 7913 3325 9806 3370 6357 3281 481 9272 2216 9595 3442 6319 5679 1744 4321 7713
38 3580 3444 5769 2869 585 8395 5445 5245 9503 6450 8713 7574 5887 1252 5025 9626 3319 1433 5382 6122 1550 4056 7442 8166 8141 727 5734 2495 4815 4633 256 8709 8508 7116 5011 6459 9599 8664
15 2949 6901 3307 8703 4495 8179 8698 6418 1724 5743 8557 6752 6669 2573 5891
28 2247 4058 8342 7293 2576 3147 2132 1179 3062 2557 6729 1553 5292 7019 1979 7287 829 2396 511 4617 5532 4092 6651 1735 8800 1576 2777 9708
17 700 7936 5954 7104 9830 5507 2981 5426 2388 5021 8892 1283 9653 6836 7542 8422 8821
15 1105 6189 2507 8323 7546 1528 3921 7248 47 3829 8445 1061 3330 5450 8727
27 4586 7952 1227 8203 961 3891 720 3566 1794 7245 1587 715 6304 3867 5211 9062 5810 2561 2355 3682 5537 3355 2617 2251 8231 8969 6960
5 9449 3539 6644 8593 4577
17 311 206 513 6634 977 1835 2857 4101 6536 5405 7626 1609 3429 6737 3362 8493 9132
15 2917 769 3167 3371 9411 9799 5222 2384 8394 4517 9330 5048 6000 8624 7362
9 4637 2559 9187 8489 734 1113 4829 3729 1706
28 5717 222 4894 268 6456 6780 157 567 8711 867 4028 7650 2693 8439 9104 7142 3311 2420 6401 2547 760 1886 445 8187 7313 5805 6160 6773
27 5235 9409 9675 29 8420 5381 5027 7088 583 3708 3338 2989 5154 8623 4389 7341 1690 6234 1429 5144 5315 8841 8741 6180 7808 5158 5794
13 768 489 3239 2418 3246 209 2144 8117 6898 3074 3402 2601 7351
7 9140 7040 4307 1135 9579 2288 6980
13 375 1005 5716 3988 7227 3767 4998 5202 8539 9821 1548 2535 6967
20 920 372 3654 8345 1541 8051 1101 686 5827 3959 7646 3013 1634 4183 5781 7157 4640 3894 8858 8662
18 4150 6115 541 1833 6649 5402 3471 9935 8509 4935 8104 5480 712 6464 5095 173 2815 5492
19 6961 55 1978 7716 7194 9546 6565 5052 7545 8003 5989 3447 448 7597 2931 1463 234 9307 5163
23 9216 9283 4346 7862 7186 4848 5881 3317 7710 2335 2717 2330 1203 6647 5864 5419 8050 2497 5736 1322 4983 5883 723
32 1888 7119 8675 7911 6485 9090 7319 6529 8915 7379 1977 3785 6420 5941 775 8146 9224 5579 6716 2984 7411 643 7674 8621 1447 6402 2060 6070 6722 9235 4895 8421
32 297 3103 3693 8587 190 61 6745 1111 9604 4958 9487 4099 7221 1406 6498 1034 7164 8826 1707 5317 8875 9822 3970 1598 4954 3459 2267 8626 2393 5439 8009 378
30 2008 5598 5406 3743 1993 1269 8736 739 8029 1186 8588 9819 2250 4352 7630 2596 400 9630 960 7553 1549 8446 1102 9767 3019 9141 9297 2531 9114 6146
9 8204 7877 9121 6910 8918 6856 592 9346 4052
5 6321 9392 3616 8303 2533
16 6424 1866 9901 2327 1228 7455 3358 5384 3153 1986 8010 7815 8663 5701 8833 7835
29 8578 1 1685 640 1913 5120 8118 1211 6942 1117 7633 5695 3451 683 8073 1325 40 3992 355 4342 403 2785 5113 7148 3613 249 8752 1728 2968
25 1563 3409 7585 2031 7435 2784 2975 3082 8191 6886 1098 7267 4017 8601 7999 4880 6921 9842 6608 4398 3593 2147 6474 5589 3207
11 4882 3321 9021 2800 1500 3501 6316 5249 1714 1091 3202
30 5572 8370 9944 6740 1908 417 9046 7762 3133 5535 5818 3579 8857 4073 2690 5470 7901 4912 1166 286 4251 2910 1108 5138 1791 7814 4025 3206 1935 688
34 5902 4066 6965 3008 9166 1170 3596 9985 9011 2731 8681 559 4537 6473 967 199 6268 950 4773 2024 5453 3139 7168 3263 1268 2858 6804 975 1967 9043 2351 51 5557 5593
27 610 2429 6633 8271 2324 6361 3918 7108 8998 5959 934 4761 7205 1255 9949 313 8628 3506 826 1053 5227 4651 2057 5075 561 9451 6274
12 2278 4098 6694 219 2176 1670 1415 9473 7893 2708 6018 9754
23 1815 2944 4475 6150 3779 4648 5829 4048 2769 3305 3353 6502 4045 8617 767 7490 6307 2282 5721 6349 3902 7203 969
19 3647 5913 8981 2192 4584 726 6081 6880 8469 6760 9704 1309 6225 4915 4219 702 2702 2715 3379
25 6913 6607 554 7064 7156 789 7373 4233 6454 4016 2511 9345 9845 3770 4986 1787 8788 3292 7145 6776 5524 4856 107 7667 2116
32 5343 3667 6044 3410 2296 1384 696 1973 3773 7812 777 9460 8956 2123 7857 4843 9611 903 3632 8767 1291 7216 9955 5486 6958 4994 2229 3287 5461 731 59 7440
13 2828 7849 394 6843 1332 8213 3333 1883 9347 7210 8967 1546 7139
22 8787 5971 9733 8965 6378 4343 4357 4009 7171 7627 6736 1854 3536 5687 3504 2261 2804 1256 5312 7098 6788 4869
14 8227 7962 987 9541 8464 7560 6055 6410 1780 8503 8409 2341 8666 5766
20 4877 7810 6654 1414 6139 817 9406 7020 3575 9768 2791 7102 7787 3462 7211 128 9274 2718 7813 8598
38 8783 2603 4873 8149 477 5218 2424 1605 4781 2536 7357 8262 2401 8425 9805 4661 7637 435 9751 1346 1797 4421 9900 1656 4014 1030 7479 3368 127 453 9262 9664 2469 5229 3595 8689 2319 7972
21 666 7534 3073 992 1960 6638 3699 9378 3981 2959 6197 5733 6588 4100 3187 2439 4647 5942 4182 9398 2795
31 8932 7687 2297 933 1689 7034 9561 4355 1667 7045 1930 5417 8440 7512 7103 2479 1996 2988 377 8135 8379 7767 4144 3299 8391 9747 7977 7583 7624 7843 7212
12 9405 5615 1637 5727 3005 6404 1784 5991 5475 9101 5886 7291
23 1512 7114 7612 2738 9649 7398 3640 8699 7927 5425 8426 1430 39 7692 9248 7282 7595 7380 9763 2209 9362 1003 6550
19 8484 1323 3197 8024 1438 5387 7325 362 3666 9085 90 2749 370 4616 8818 2985 485 4800 1904
30 3257 6135 7198 3651 3826 7320 2106 7471 5295 854 6200 7196 3635 7792 9890 733 6940 4115 6652 6443 6751 9279 358 866 9836 7238 8861 2237 5062 4697
31 8302 9864 2436 4959 6457 5517 2143 9926 7465 5511 3116 9199 8338 3026 3839 7638 365 584 852 9720 8661 305 9119 1918 8704 5143 3495 9778 5980 9372 3028
11 7948 8819 935 3911 4906 3337 9585 5802 3064 6232 1083
47 4387 1372 2942 8158 7180 3148 6329 5948 3208 6110 1251 7117 730 8462 3602 2992 4246 2626 8376 1830 1762 5602 6825 7732 7430 4012 5017 3211 9240 7364 487 1465 7865 52 917 30 2214 4995 49 859 1244 1450 5778 4294 9861 809 886
20 2641 1630 109 1013 2079 2538 8020 9852 7082 8459 7224 5626 1792 8989 4862 8529 3258 3129 476 9569
16 699 9052 5358 4260 6199 4706 4885 4546 4414 1874 3904 319 1470 7672 2591 4811
22 2714 3758 2357 1651 627 8848 6851 2523 825 7870 5732 6069 166 7840 7665 9925 2302 3001 5353 5101 9160 753
34 1593 6558 1984 9137 8586 3951 8435 4511 6455 8739 135 3017 6951 5620 7883 4285 5169 7174 7548 9190 4957 9524 2825 9557 9583 7934 1632 3137 1458 7677 8608 7826 8403 6686
14 1192 6154 7474 6178 9989 1081 8558 3971 4178 9607 3810 2352 4689 5674
23 2006 6747 5990 2026 8021 2899 3196 1090 8548 1778 6397 2077 8025 8504 74 1561 6251 1975 4171 220 7259 1557 8730
22 2512 2915 4223 2928 9286 4910 601 1580 292 7386 493 4415 3906 2314 2368 3086 5141 4564 4840 1608 4726 9298
16 6877 6735 5034 842 4437 9544 5654 5369 5554 5746 8382 7557 7355 589 1319 4439
20 7575 8595 3530 5782 5725 4153 6292 7556 6519 5534 139 1385 3301 8702 6646 5561 9952 6981 6389 1525
12 2736 9798 4266 779 9724 5569 9375 9407 4699 5663 6583 3755
16 945 1734 9974 7451 6924 3384 8566 3104 9267 2963 9289 8088 6521 6376 8151 776
25 5112 2426 315 8449 1635 5510 9851 3067 4084 2881 5089 6206 3022 1223 3885 3542 6705 3112 5371 3750 4297 3895 31 2007 4836
18 5487 328 5060 1852 9459 9152 8437 42 5530 6100 8093 8835 4380 9936 3226 792 2550 5742
19 8792 3329 9691 4170 3910 8774 9666 8832 718 1177 8035 2304 8786 5014 3557 693 9735 3088 174
13 9087 1100 2520 9306 4200 7804 7854 8576 3322 3278 1610 4820 3751
32 1625 5500 5698 3424 8979 8715 2742 3334 8868 8309 6601 1142 9527 5310 5135 5907 5076 457 8160 2442 2413 7094 225 6078 6645 5190 7647 6300 8913 146 3611 2262
22 4455 499 4666 9559 9620 6922 6029 5656 529 1710 1417 4202 8597 3068 9358 7457 7508 4123 3315 9784 993 7110
17 6164 1869 1240 9586 428 3603 8254 9492 5699 9610 7683 4605 9810 5625 6444 4471 9609
15 3572 892 5710 6068 8447 1489 3024 3976 874 1276 5955 4624 2660 1582 1745
24 5466 6004 9401 6239 661 6168 1697 6296 7631 1010 9485 7323 9282 9483 932 3953 4041 7749 193 2634 1496 9189 5816 8779
7 2711 4635 873 2425 2212 8077 5982
38 5189 3396 7255 1054 8059 8637 3789 5214 9947 2927 8791 6985 2566 2831 5267 9817 6953 1176 376 37 5160 8928 4453 8778 2640 6938 6869 553 346 8977 9953 2853 7100 5195 830 2657 7794 4768
32 6741 3601 6875 3461 7768 965 7779 196 7339 5473 4833 3499 6140 1565 4074 774 4659 6885 7301 8660 4238 9934 4213 7209 6615 2688 9067 1509 3018 2521 6379 8245
34 2957 9556 3291 8795 5182 8228 6446 9617 7232 2434 1494 9164 832 8500 9438 2505 9012 659 9482 9225 5711 7610 7422 1843 97 8478 9034 2315 6460 3860 6948 6011 4203 9966
19 4184 1588 4164 5890 7347 6582 267 1369 7477 4981 3753 9496 4382 4190 8571 6384 6167 913 4320
32 6756 368 2663 9429 6023 6066 6902 3915 4733 280 8938 6762 8990 6283 8416 278 7505 1239 8075 3332 5747 1840 9884 1493 1937 4175 7516 6057 2175 6506 3547 4561
19 200 3989 277 608 1002 4154 5771 895 6261 9639 9229 8038 2174 6186 8299 7975 9238 6636 5441
9 9316 8574 3354 655 4673 4376 9628 4887 2767
43 1363 4196 9602 2642 1121 245 5996 4109 5636 41 7580 1640 8653 4953 9757 6270 9458 6119 2119 2246 6581 2543 3553 8804 2206 3421 6098 9537 4889 1386 3707 5792 4529 3503 5013 6411 4226 227 5457 1048 5641 3691 3802
23 9965 2681 9469 9255 5983 9366 184 2041 5188 7370 1711 4128 8817 9969 2040 8015 3171 6021 7176 8872 5976 3818 456
21 3092 8573 2455 1995 3947 6192 697 2118 9385 6360 7579 7535 6048 5803 2558 3648 2482 4347 7316 6190 5653
37 1564 8224 4630 3510 2198 1959 2112 6703 9180 4643 2817 9871 3098 57 1069 2248 6718 3165 5090 3 708 4407 4206 1719 3205 3214 681 1567 4198 8431 8951 4730 9895 3432 8511 5068 5652
12 7648 5748 5540 3188 1208 6659 3782 353 6058 8494 364 8572
32 7372 1970 2782 3821 150 3786 6765 4207 839 4020 922 8575 9419 8298 7337 1348 3220 4472 691 1193 4440 6422 6083 3038 4550 2739 2896 7333 8287 4892 6090 6006
16 9543 9078 5307 8198 248 1267 9030 8207 9705 6710 6879 8973 2164 3725 9360 3848
25 332 6202 9869 5205 4717 3986 8155 2390 4043 7187 684 1831 9054 5564 954 2105 6690 5338 8145 7644 3039 1298 7154 9958 7539
31 8784 2780 4507 4665 3991 1218 4502 5920 7000 8940 1365 802 2665 1016 8991 6915 6579 4566 2108 5366 2284 9738 5986 6264 9519 6520 556 1755 7712 3754 1732
10 5282 5541 3426 7249 1804 3381 2548 8133 6517 5813
25 9874 8351 8157 6255 6327 9744 9631 7086 5686 7193 5285 7464 8108 2846 3909 2686 5917 2631 3047 6676 8235 7236 4626 5246 9050
27 3866 3830 212 1527 4349 6125 2649 8448 2470 7686 3414 4035 92 1201 8237 4930 5582 7718 6733 7315 1800 81 6385 8694 28 5780 1087
24 565 1313 5562 8803 35 5662 4764 3364 1985 4588 2186 5677 6828 6213 4893 3144 5042 4488 5403 3545 3486 21 2065 7138
37 4299 326 3512 5516 5757 7666 2973 168 9815 9804 6012 9897 7555 8554 3326 6089 8307 5999 2783 9447 3660 5308 9086 5630 6691 6219 2029 6244 8732 3625 8005 2726 5036 3497 5607 5316 4205
6 1200 9927 6101 9175 4868 722
38 4875 8434 4720 2399 1518 4686 7876 3066 98 7602 8085 6338 381 2952 6749 2600 7494 4441 5279 8766 4645 1320 2614 1790 8883 2290 3141 122 8901 9376 7817 3701 2171 2491 7524 620 3109 3657
18 284 6409 3833 9640 4807 419 9696 439 95 9680 989 5477 3193 8992 9699 5496 8247 9287
26 2605 9382 7277 7690 2577 645 9177 9381 425 3952 819 7328 9264 8212 6982 1106 7679 4603 7199 6903 6291 6489 8705 3950 6567 9764
35 7243 3105 3083 3411 1206 318 9042 119 6563 2651 5240 8079 4944 4749 3816 6805 9000 7515 5700 387 9983 5061 2154 2710 6362 1858 5772 7805 9688 8846 9554 2935 4284 7295 8165
27 5777 3717 69 3875 3050 7867 4830 9349 412 9665 1331 4400 4623 9674 7619 385 5397 4719 114 3392 9332 3526 8121 1708 9878 9582 5319
18 3544 3739 4011 9082 4907 4544 3783 4368 2895 8181 4250 3736 2454 8200 6441 7937 3057 4736
26 4482 4826 1994 9252 7924 6522 8257 8814 3271 628 8750 9276 862 6895 1012 9594 6984 3752 5200 5642 3518 2243 169 4277 4574 2047
13 3108 8816 4228 1997 2440 8285 7572 4107 2856 1723 7662 1817 5821
23 780 306 9848 3645 6413 509 4224 7240 1729 6503 9466 1235 3806 6431 8180 62 2682 2446 6878 8577 2661 2799 4803
36 2537 4088 6220 8823 4404 2305 6475 4703 3375 6340 6818 5621 3669 4615 8550 5779 7466 2670 4567 7871 9526 9605 2729 6830 266 8432 6050 7415 4085 9208 2946 9818 5427 1360 5258 9364
42 5712 956 9575 3605 3199 5212 7085 5347 4050 210 856 5892 8652 9549 102 6971 9002 2054 7167 4356 8126 4663 646 3123 3477 7584 9694 2218 4565 1342 9715 9962 6599 2363 8851 4705 1340 764 7675 5150 7178 369
16 9254 3614 9613 1381 9732 7894 9710 3879 5329 4161 254 6725 921 3929 1112 6699
18 5566 9769 7226 1628 3585 7567 9251 6904 7609 2264 4805 2924 5548 7382 4569 9968 3341 4337
23 4558 3445 7312 5888 2167 3554 9562 3938 1503 497 7152 4493 8968 1623 7327 9080 6810 3978 9323 9875 4429 1687 3359
29 290 1777 2382 2036 4657 2338 8419 2639 7172 3663 6356 9182 1686 5156 6584 4714 1531 1393 1491 7837 865 1513 2760 5217 4969 5684 3262 5763 9824
18 9625 8856 4782 4410 2934 7444 5103 7734 9221 5995 3393 7126 6229 356 406 1231 1506 4939
17 8348 4629 3966 3058 9634 6842 3114 6293 5437 7276 8192 1129 5678 1161 8401 6162 2273
11 8219 483 9071 846 172 665 656 3594 9795 4411 7206
23 5719 1873 9657 7698 1460 6398 552 6809 6272 3373 1232 3290 8631 3623 4244 3434 8492 8218 6248 1253 3735 1146 7071
22 3840 6742 3740 6771 1272 1963 3972 8747 9512 3453 9118 8037 6946 907 121 1709 4532 8988 2037 2565 2445 8332
6 5756 7884 507 9954 8605 4361
40 2245 4602 2235 9464 3842 9511 6392 2916 8772 7434 3398 2982 2181 5303 4396 4485 5291 3624 3721 9912 2732 8134 7570 4821 8293 7645 6451 7599 1622 2841 6586 1925 1668 4503 8304 5580 3556 9165 2865 1107
23 9450 2570 3936 2954 6808 4029 4652 8996 6855 3659 673 2849 2066 1124 5128 3427 3059 5708 3930 2672 709 182 9365
36 164 2333 4137 2635 849 5351 1863 6141 5012 5627 5783 8768 8995 1263 7811 5452 7907 5847 9872 518 6036 9729 3054 235 4739 2602 7699 9477 5289 1445 6235 3145 9471 9571 3248 9428
45 3036 8682 6575 4658 7190 3420 3583 4656 8034 5799 9273 46 3609 8695 5082 6120 2802 4888 6605 2595 6866 282 9870 6754 3761 6366 5552 2179 3446 1965 2274 4481 4755 7860 9911 4582 94 7306 9356 9833 5614 6209 2618 4245 7404
25 8796 9179 3537 1684 1627 4291 7685 152 9064 6438 5539 4409 7208 8530 6216 7342 9981 3232 1922 788 9033 9491 9505 8238 310
30 1175 5107 6523 2754 8042 2000 7663 6480 6305 6331 2052 6094 9462 8646 6820 202 6939 6105 3935 6612 7101 5830 7793 9442 1818 9843 3876 2873 8642 5423
21 6076 3270 982 5503 3051 9116 3807 4587 7628 5601 9068 6580 461 8945 4270 9655 7909 1327 2189 3189 5108
17 2787 9712 1222 7492 3502 2999 6526 8831 611 330 4139 7284 1836 175 8032 5067 486
11 9681 6173 761 2409 7994 4065 8071 9921 738 6653 995
30 4806 9130 3433 2323 2997 8110 9135 6648 1349 161 7456 8665 2043 156 8412 5260 72 6484 7250 2226 2860 798 6285 9991 1144 1379 5153 953 6421 3143
26 1647 4914 354 7922 9341 2937 1529 5008 7651 3570 1746 7982 7299 244 5844 1468 2030 8193 2763 8964 1624 9263 926 4548 7359 1377
33 9065 8194 8955 2180 8173 1910 9171 5495 2464 6026 8671 6719 1864 5100 2377 9324 2122 618 4724 1436 8335 9440 8116 6137 8405 2191 3198 9303 8887 6065 5098 3483 5404
14 6034 5428 5187 7246 9538 2178 5091 5463 9533 8199 7722 3056 2893 8047
36 100 1046 4024 607 6927 3493 4607 8761 6989 1475 9031 1774 4031 1768 6064 6486 5104 77 824 7486 9185 6483 7549 671 2889 1056 3053 494 1033 9213 7495 9427 1395 8966 8870 1957
19 6969 7438 8236 4318 4450 8937 4372 7092 657 5069 9731 6367 7239 9624 4274 9908 1163 5513 3297
15 9497 2059 1884 572 9832 986 2741 1845 233 1236 2771 9151 6907 1023 8891
17 7253 1245 2551 823 8854 6182 7847 4854 2781 415 8176 704 5374 5298 7256 2053 301
29 4007 5263 2751 908 1721 8273 6345 395 5879 1589 880 1075 7286 5981 7879 7155 8334 3534 3793 2568 7915 112 3351 5549 1878 9794 5083 6423 4151
16 5433 2207 8112 8615 6512 9209 7785 9138 9410 6537 8306 1452 216 9603 944 2416
36 6814 5584 5422 422 6024 633 66 2033 9202 8188 8367 1079 2217 2160 7043 3778 9070 4371 4236 6165 3949 3256 4786 2128 1990 2325 9618 814 815 7500 595 6709 8738 8008 9301 9377
16 3636 1733 2900 4595 751 660 531 871 2919 3524 5553 7947 6677 9600 8903 2593
20 942 2776 3194 5287 9576 8259 6196 5690 1215 348 6570 2797 7684 17 6289 1678 7984 4972 3776 2951
18 6009 5628 5344 9127 9923 4639 6346 2404 847 3507 4301 1085 7078 4257 4110 2938 1136 1361
33 2473 2653 5375 3190 9678 7682 2585 2696 6133 1294 2930 7162 7344 8167 5009 3997 294 8244 4335 2874 970 4547 6106 6396 7895 8828 2201 3599 7260 2613 2703 6988 9663
36 4555 1676 2852 8353 1355 5050 1352 1487 7448 6618 4089 5043 9106 9789 3532 808 5861 6987 5309 9212 2126 9163 9823 3873 7770 2569 9413 5594 4442 5073 2371 2587 2379 8720 3828 9047
23 3169 5241 8785 6643 7912 6399 8876 4709 4366 7169 2525 5514 2612 3075 118 7081 6238 4700 2084 4534 8164 5408 6129
26 6336 9737 8882 7636 6313 3215 3958 7916 9158 6871 3784 2527 6237 1725 9950 8182 5914 129 1851 8748 405 6628 5522 9149 3824 5127
32 8030 4541 6280 5409 5124 5660 9242 896 853 7856 3117 4034 1523 9684 9195 2095 7066 2241 3261 4653 4777 9917 1389 3531 1682 9489 7910 9230 6868 1289 7354 3178
34 4713 7135 9645 8555 7191 9475 5853 6896 6639 7096 1613 5866 8190 7933 5087 9846 4300 275 9379 8540 7588 396 7454 613 1763 3996 2063 581 1185 6091 6273 3360 6312 8242
12 7041 3940 3124 2385 9564 1181 4063 3775 5837 2745 1880 8319
22 772 4070 300 2578 5170 3759 649 3859 4734 8510 6864 2407 3851 4903 7853 3946 4336 8491 6774 9079 4329 5498
15 1441 6132 5952 4027 137 694 5102 8565 742 3113 8707 4612 2219 5116 6557
40 7263 1537 8806 380 3102 1453 5838 4966 9647 7730 1511 1250 1583 3646 1311 106 9027 7513 8843 4792 5002 4259 8610 3077 5704 8063 6777 7150 3071 3155 9041 2759 6975 3089 1398 5944 4459 2044 9237 1566
33 7777 1152 4326 7816 8094 952 7278 9035 1968 9742 3513 5622 1644 7425 9481 4866 1264 8159 5074 4093 8148 5023 15 8289 9902 8668 752 2923 7590 2002 5784 5454 6143
36 9394 3345 1631 3482 159 6597 6893 7642 6407 177 6956 2753 6587 2035 4664 4871 5105 4756 1051 6680 6042 2859 7521 3772 8474 4425 787 1849 1536 9578 8676 2980 3543 7831 3097 2048
35 2706 7010 2076 5238 1143 2979 4331 459 252 5713 5962 2292 4327 4701 3790 6629 5901 397 6996 9547 2808 2438 6149 7745 1596 9725 7137 6482 981 2594 1301 6371 9994 6212 1400
26 9159 1169 2187 6698 9858 1182 9570 6589 2320 4744 6062 6962 7971 3227 1071 2386 1862 6683 6282 7498 4082 9509 6324 807 9099 9612
24 7746 8737 6784 64 2240 7068 2406 9265 9232 7134 8719 9718 8531 5938 195 6562 6015 6833 452 714 3231 6554 8364 2124
38 990 4636 7387 2652 7118 9948 7941 5576 3418 8324 7643 4872 2045 4477 6188 7822 5809 1480 1448 9075 9800 2159 9038 9403 7960 4212 5924 1881 6153 7149 515 644 9268 4710 3489 1483 1828 1078
11 1738 5994 9044 8101 578 8827 9089 674 2737 1376 2049
14 2011 8860 560 1109 8909 444 4798 629 9186 8780 6393 4419 264 7075
21 9234 2362 7309 6172 2360 8970 6374 4006 6684 5114 6033 504 9863 5432 1096 3323 2843 3917 201 6713 4416
36 3746 6279 4696 9539 876 8300 115 2675 374 4497 9357 1942 2260 7693 9388 1944 2790 2234 2960 8830 8294 6758 3164 2317 8039 6874 9205 4303 8452 7105 2193 946 7084 7272 5899 5758
15 1160 105 5045 1246 8809 9687 6672 5786 7383 7519 9247 3899 5134 0 5157
34 2667 9809 178 1062 5193 5951 5603 379 4130 546 1521 7697 1595 4819 1431 4168 5512 7461 4279 2484 8362 7873 5638 517 7296 897 6977 2158 8270 6542 6697 430 4267 9834
10 9975 2275 7761 9249 8243 9019 1274 2279 5438 5071
9 8263 1168 6544 5531 7807 5436 4783 1077 6152
25 9928 8220 6657 7445 4195 1859 4858 1412 1700 8782 514 6476 7274 3901 8407 979 8460 6056 7931 1956 2376 4581 2705 2628 1156
34 8506 2884 382 3099 2810 189 1459 3203 6491 2556 6163 6932 3811 6925 2882 5619 6609 9284 3487 5590 2513 5675 5567 5166 8590 7292 1604 7345 1368 8427 7107 8186 1224 6477
16 1110 8560 9963 4227 3247 821 4838 6832 2156 138 872 4492 5898 9839 9835 8023
28 9812 3675 2866 7769 4328 8062 1943 2397 6218 9659 9508 536 5243 8283 6469 6224 687 2863 5482 1042 2991 4712 4449 5940 8408 236 5544 329
37 7629 7576 2453 949 9408 9133 3465 2072 4552 9424 8542 4278 1455 883 6850 6391 754 274 1953 6375 3561 9091 3146 3450 4002 7897 8886 5084 3282 7841 7747 6176 749 9435 7407 8064 1940
18 8667 4879 6593 7503 454 7778 462 8869 2969 8984 8214 7903 698 2370 3798 5094 5689 1855
28 2395 1620 9641 2477 2115 9028 7562 2415 6041 1980 1008 3874 8974 6240 4358 8161 3509 8749 4902 2428 6622 7130 1520 6991 2461 2493 3642 9117
12 8018 1660 2270 458 8058 3896 1779 5031 23 3748 9723 3749
18 147 7048 9288 4834 6344 8687 8686 5910 1257 6121 7014 516 1891 350 8645 4188 7613 3788
36 711 4776 6243 9652 636 1302 5835 9516 7604 9566 5526 4105 2867 1820 8505 9167 2850 8109 1681 5565 2444 3201 5356 1639 496 3413 1058 7688 1715 8961 5399 7955 6572 1426 9986 2826
21 9478 5550 2220 7143 1476 5632 4989 2515 542 5915 7715 3228 9623 4019 612 9534 5364 3661 3939 4796 5334
13 4528 7532 2680 4397 7829 9837 4114 4498 6591 389 3955 5723 2492
13 6882 8028 2107 5033 9228 1297 5903 2913 2679 600 1722 7869 5595
27 508 7453 4247 1872 8014 8266 3157 7493 5099 194 6085 2398 7790 8721 7004 7995 6827 9321 4282 5834 652 9059 1742 153 3763 5171 8606
32 6426 8953 4775 7197 8413 6297 4163 4433 6333 938 9701 5519 4106 6974 134 3436 3628 163 569 3163 8026 361 9525 7053 8124 3670 6978 6071 3808 8589 1758 6917
23 8644 9077 4491 1912 1220 3621 2906 1259 3843 2948 7569 5465 2412 1539 2582 9648 2307 3132 2025 8693 2145 5350 1578
24 7764 5824 7271 9896 230 6757 524 1785 5391 6566 2766 1827 7365 7564 5645 3374 2678 7204 9295 9957 4136 6187 4779 7727
29 5001 1299 6156 8798 4884 4249 3230 1123 4660 5451 8268 4787 8944 1897 534 7179 6867 7022 2281 9022 299 8790 4283 5523 162 6813 8745 5320 7898
25 4353 8296 4638 2885 352 9632 4677 9741 6746 9553 3694 8895 2272 1428 537 8325 2213 8920 8136 4155 7708 9987 4698 3709 5889
25 7234 6865 1947 6161 6727 1338 8820 1643 599 4147 5770 4293 281 7754 9328 7080 434 4456 6488 4394 1072 5032 943 1559 6504
28 7691 6999 7724 7207 5221 1364 8373 5219 1282 3731 1198 3295 3597 6181 3877 9479 9239 6625 6325 6226 3407 6049 5168 9880 8115 7419 8516 9849
21 5064 3394 1896 4302 8987 4117 1716 2898 2921 6067 3469 2972 1752 6905 6515 6687 9467 7338 3844 9169 8852
22 4046 8801 2467 8316 7573 9073 9844 716 3466 4937 7592 9370 4924 1067 8954 6847 5368 6720 9196 4791 1207 836
31 9980 4159 6179 408 1197 3314 1330 8033 7501 1504 544 7361 6909 2023 4634 3673 5256 463 7680 7368 5380 1666 9706 6020 3096 7823 7866 7961 4523 6382 7491
32 8239 8312 1248 1045 5933 3505 3085 1799 4559 8229 8603 5462 4784 8097 4942 7363 8153 3339 8863 6406 9510 4215 2149 5832 2851 3864 7844 9593 7603 5966 136 1488
35 6674 2374 5608 1104 9992 8533 7334 5709 2907 3862 1532 2958 8103 4068 5481 3963 4096 6642 2400 1946 5268 2086 3473 6303 9153 528 6923 2542 5490 3265 3046 9057 5046 9651 5825
19 550 8952 3044 7122 9859 2630 4802 1387 5259 3210 5247 9327 6838 2447 342 5820 2811 835 1064
23 1271 76 5610 9074 9226 8339 7366 4496 7488 929 3425 8099 3007 3070 3799 2607 8475 6495 4430 3154 8616 8596 6016
17 8659 272 3584 4062 9882 5394 4211 1875 1568 1159 2133 5936 878 6775 8552 703 4671
31 1466 130 7614 6596 6103 3476 7726 8691 4832 6681 4209 6134 6883 320 4881 5140 744 5670 3815 6528 9739 6075 7280 1991 7120 6332 1454 2965 1171 9176 1887
26 285 1584 3710 1679 7381 5372 9667 1392 4314 9319 6114 402 857 9157 2498 78 5278 7587 3449 9474 4426 604 7063 4132 1362 3861
30 3173 9584 3765 3496 9192 890 3498 2796 9881 5302 9644 1907 2835 9758 9671 7720 5139 5741 2599 7125 9122 4765 801 3820 8150 7660 2740 7074 3383 8356
26 6848 5386 6800 4406 8746 8111 215 8072 6211 7935 8225 2506 9355 9542 9867 4489 5870 4201 8399 7006 8027 7981 304 312 3244 7581
20 4921 1188 4722 4111 2366 7414 384 7904 3308 7195 4932 5164 8065 861 9051 781 2827 2816 3388 6972
30 4824 1638 2622 8871 9143 1603 5635 9420 9592 7659 3372 538 5201 6059 9103 1383 8551 8314 242 6604 3511 45 2971 8985 7160 1316 9760 5151 6116 4728
32 7920 2359 1981 7998 8760 8743 6437 1934 959 2468 7900 7949 5306 6452 6655 4067 8547 4899 3525 2485 2861 7848 1498 2560 2021 8513 3676 4197 9004 8822 7437 8922
33 9433 8502 7222 1924 2645 1748 9322 4167 6571 6769 2534 7987 4628 5041 1461 3845 1337 2311 6802 8889 6772 3237 9352 2719 5493 9404 1793 1021 7771 3300 522 5401 562
38 5301 65 9838 2104 6157 6104 6641 3854 4667 2082 9790 9001 7389 7305 8799 484 1612 2042 4746 3455 4685 9421 8140 6759 3888 3484 4925 7992 4033 6310 6986 6944 2318 9299 2071 3336 1001 1825
18 4470 947 4086 3722 816 7967 3757 576 5040 893 8481 5176 8764 3714 9006 7237 8563 3559
35 6253 9300 8366 1810 1871 1861 1464 9734 7806 9056 6839 4087 8450 8793 5072 4060 2936 503 6937 5421 7326 2871 2375 3913 9892 7484 7918 5005 7303 6295 7024 1575 2880 5146 4732
35 7525 2373 8926 4690 7594 5208 4675 6963 3079 6203 5909 1199 7231 8007 2051 5026 4992 4982 8881 7703 1262 1375 6732 9597 338 6408 8381 9092 8067 4179 1403 9416 6358 8657 2925
21 9574 2034 5373 3135 6696 5527 9368 4539 3592 2089 10 2383 4125 5340 1029 8549 3508 7930 6531 3491 6795
21 9219 5768 2228 8017 4499 2758 1551 232 863 3999 2778 3136 1277 4229 1477 9125 8471 1680 2367 1847 2668
13 8807 9015 3454 7763 3846 3269 8534 9998 7809 1533 9257 1119 8330
11 6806 1844 1814 5039 9384 8958 2242 2142 2146 3142 8253
27 133 2 5210 5305 3474 501 4263 9826 3924 4121 7791 5191 8775 5484 473 5172 2834 4468 4191 7966 8672 4102 6726 2474 5661 5019 5637
15 3216 2621 1911 7065 2309 4317 912 8105 1756 728 2580 8599 558 2620 451
35 1695 4916 7689 9155 6821 4515 1424 3121 8627 3463 1688 9361 1592 2546 6897 9139 7832 2003 2676 6254 543 7752 7855 399 3744 9007 7942 1307 2150 3977 4997 4751 1157 2940 1673
34 6201 6857 8911 5559 1771 3443 8963 93 7384 6708 2713 83 4608 4340 3115 9270 2504 8360 3356 1999 5004 3568 5600 858 2526 2655 5420 5038 5877 3186 667 4037 1321 4390
22 1317 9785 3967 2636 2078 7502 7796 8428 5411 2332 8553 9436 6620 1616 6852 3034 2222 5657 5252 3928 432 7241
25 3174 4248 3610 736 4711 1396 6463 4669 2205 7781 8725 9658 7403 6829 6891 2403 5414 4204 4443 3937 8472 2131 360 9933 3914
13 5092 3672 936 5556 724 1591 1339 3516 8622 868 4341 590 1923
14 255 5658 2722 3328 6824 1420 6678 4625 7266 8688 3925 9333 492 7719
27 670 4718 3574 1819 2694 1736 2151 8916 4378 7620 4330 5804 7262 3948 6138 5472 1501 3222 2762 4681 420 414 5333 5412 3023 9693 6184
25 1747 8650 1842 5583 67 7147 8031 4265 2062 3961 5097 594 5081 4512 4505 4812 3399 2823 3352 5591 9749 7356 3162 4631 7782
36 4038 6290 4055 8960 5664 3606 3267 9302 7077 6743 4562 5801 4486 3550 2345 3428 7462 8935 333 3213 6318 6947 5958 3832 3684 9919 1812 6640 1049 5209 223 9961 1806 8197 6552 2188
23 9779 2137 6888 8383 6728 4272 4473 7701 918 894 2945 6231 8261 7750 6730 692 9418 229 1093 7027 5787 5682 1191
15 1037 1741 6920 1328 1590 3340 1921 5379 8976 9351 11 8906 3962 2430 2502
20 5314 5442 695 3293 8400 1394 4851 3277 7990 3027 8933 8297 3689 1594 2689 7089 6845 5273 1378 8583
33 5880 7547 1308 689 4264 991 3847 2452 3182 9023 639 575 2633 8755 3404 6447 9110 4747 1702 7552 6600 5321 2344 4748 7788 9197 1796 9728 4551 7039 9517 5065 1314
20 4646 4543 4964 1822 924 8291 9879 7529 889 7944 3161 5739 4316 6564 5634 4771 4126 5707 1216 8070
19 7091 7009 2501 5262 9722 9029 3470 1626 2155 4590 5963 6337 887 7371 8879 2499 8393 327 5059
13 7132 8692 7220 9026 4487 126 2844 9150 7757 7021 3907 6527 6594
38 9397 678 6926 4365 4692 5385 5122 1499 8470 9490 3377 5180 7090 6415 2765 5929 3241 3251 3893 4312 4535 2793 8525 4816 8512 7264 6990 7185 1351 8983 5863 5935 1153 5488 4463 9709 71 6005
22 6712 8545 4688 7062 3316 5226 1657 4461 748 9498 2232 8515 2301 4478 8765 7617 6872 9439 7958 2886 8216 3900
33 6047 5389 6578 6799 7288 3573 6908 740 2805 4825 8177 4988 4290 1720 1767 2153 800 1031 6861 495 171 9939 4165 3401 6326 1265 985 9661 5096 265 2684 8143 7621
11 527 5694 5992 6038 2139 614 5651 5767 1555 4844 9924
27 4682 2268 8649 9136 5016 1073 366 7506 5640 9716 2364 6505 3738 8081 226 1125 9348 1382 9828 6074 7875 3268 2950 5080 5988 948 7476
13 5911 3416 4044 1914 3065 1772 5919 6873 5872 5444 1442 4678 3870
16 4591 7507 4518 1834 1534 283 9292 6602 1041 1047 2437 6970 9113 771 4469 4952
10 9142 8074 7007 4809 26 5117 8917 4138 2887 5174
12 2109 916 6692 5587 6682 7298 4770 1471 6262 9816 4941 5518
28 1905 6281 9083 1402 257 8544 1988 4985 238 5785 1870 9278 7615 6171 4075 8591 433 6778 6995 5136 1116 9093 8842 1526 9204 664 8056 3560
30 5529 9337 2478 6513 279 909 6816 1435 239 512 3011 5360 8829 217 9244 2868 7721 3769 8751 191 2310 6785 7963 2700 4883 9400 371 8680 447 5586
37 732 6862 4845 5313 6863 6436 4979 1753 6043 9643 2955 1275 103 3009 2532 8986 8993 2443 3072 449 9480 3152 8442 4464 9727 510 6037 309 8467 1839 8625 9807 860 5365 4568 5489 5257
24 2854 8169 7046 7707 7538 7743 1345 5184 958 3212 7819 1154 1761 3150 386 6339 9988 6617 4890 322 5349 2590 6753 5000
31 9894 7510 1832 2994 8415 4947 1516 5216 2129 243 4549 2947 3235 3052 4323 4614 5882 5035 8052 8317 8975 6935 8684 8132 5897 9801 7625 261 1573 2258 9488
24 7192 8264 6298 6574 4351 3045 1649 2990 5233 6540 4978 4217 5167 2340 5862 2231 22 9456 4135 6315 9683 4827 9791 7773
14 5908 8284 4620 2756 1050 1982 9780 2308 5950 1615 7623 9312 1007 1022
17 6102 2939 183 3968 6372 5286 8633 5186 9063 6667 5448 7989 579 2087 1607 7485 3587
25 3159 7402 9183 467 9943 8997 8524 1065 293 1519 6442 4420 8162 9170 7954 123 1419 4408 7740 9730 8315 1950 5735 2488 9253
33 1882 1296 4993 1850 2956 5502 3016 276 4032 8049 663 8656 5904 1266 3266 4919 4878 1964 3796 9233 6928 9899 6174 9399 4876 1811 4917 9971 5605 5639 7427 1068 7202
27 6846 2017 3973 1145 3856 3101 7340 1629 4789 8127 1286 9250 7189 9697 7106 4874 973 1597 9774 5893 3438 3890 8885 8528 763 5271 2902
23 8673 7018 7353 6414 2299 2039 4950 1132 3406 8129 806 4460 3979 1357 1140 9148 3106 7290 648 8206 2130 7417 9211
29 9978 4173 2768 7217 8532 3078 7735 4632 7016 999 6679 7939 6714 3233 9112 8107 5851 2918 4943 3704 4427 972 7367 3837 602 6395 804 3361 1704
20 9331 5520 2204 5925 7798 7497 2099 4810 9269 5575 5277 5346 631 5823 4961 6490 2998 2298 8907 2812
37 8250 8359 6205 9470 149 5357 6798 6387 6308 8669 7635 2644 6130 9193 260 2414 6008 3331 8336 9111 8280 3777 3747 3395 4480 43 9455 2604 9266 3391 5354 7606 8045 1278 3172 796 4928
31 8931 1976 4218 8361 5956 4369 7531 2358 6556 1229 4359 7520 2611 3551 6061 7978 545 2348 8569 9629 4360 1885 7449 2903 5850 1927 9055 8893 4570 1183 5973
31 6823 3130 5577 4454 7582 7177 8855 2148 5943 1926 4715 7285 5396 186 2632 9162 8873 7605 2354 2752 9748 6284 4999 1358 3801 5997 4745 2836 5446 6260 9374
23 3674 2190 8813 7265 9682 997 9868 1933 4572 7838 7917 1606 331 1788 1070 1538 4484 8836 4814 4391 9453 9713 2134
20 9877 940 4280 3234 3841 1857 5969 6539 7800 9188 6532 4804 8697 8234 9107 3668 3834 7921 3272 1545
31 5274 3919 964 6025 9335 3756 812 1743 6945 7331 9194 6854 1920 2563 6142 7802 4674 7797 63 250 8971 5987 651 4367 9339 1938 6955 298 7258 2322 7760
21 6204 1371 3567 8061 877 9862 9930 1786 5220 6707 1727 8246 4521 3700 9017 7294 4210 8215 7528 8139 8402
29 3813 4578 2197 3010 7076 5849 2996 3630 8068 9548 2068 7405 1035 5093 4452 9946 1671 359 4097 8844 3312 6109 7124 1404 7845 4261 6276 6435 8430
29 8729 9886 1932 125 2567 5728 6859 7551 6763 7653 7397 3980 634 8258 5705 205 7273 4974 8392 5106 4908 4721 7518 9280 911 8053 4193 2475 1998
12 9363 7099 5722 8281 6803 1901 8387 1026 7025 8722 2692 4576
23 4423 3397 5478 1094 8763 9395 2892 786 8390 7741 6124 8172 5110 2872 6145 3683 5691 3600 3718 5676 3665 4609 7200
18 875 539 9929 53 8495 6530 3982 1889 2789 996 4345 8473 4694 5975 7391 2408 3805 7279
16 5479 9275 1444 6734 6790 288 9049 1572 5852 4597 2943 6117 6429 9740 5471 7035
19 5183 619 6014 1824 4258 1749 2433 1740 4276 9686 2995 6509 6543 9506 50 9181 5979 4339 5953
25 8438 1057 116 5367 855 676 34 450 1486 2256 9218 1782 841 5984 4850 3437 701 213 1164 1611 4333 8810 6230 4325 2583
34 7330 6478 1502 4076 7723 9318 7418 7820 104 8060 3283 2876 7047 4152 3521 6590 8567 1535 1974 5655 8927 7571 3342 7121 9502 2483 593 8537 1397 87 2392 9893 8825 9690
27 1989 974 2685 2254 2451 3448 1469 2004 7786 5525 6755 470 7753 1789 6072 7765 5056 2361 1662 4808 9310 9521 6569 7964 6028 7044 2592
24 1165 3195 7839 6286 7974 1750 8252 9755 180 9350 4571 7072 198 4386 785 2283 4753 9762 5388 9588 8090 2770 1807 3927
21 5738 2093 5968 870 2285 7543 7976 96 5339 551 5945 2890 1270 3061 5754 33 6144 5609 5456 6626 6616
13 6249 9914 1941 2462 4322 963 9616 6811 154 6560 9293 7433 6348
29 9431 9423 2494 2269 8584 4801 6027 3920 7377 1672 4234 500 9425 5921 5506 441 7504 1853 3472 351 7031 1505 7706 650 6534 1413 6881 4079 9827
32 4560 2712 2522 6906 7969 4262 253 363 4754 6030 7661 2215 9572 4762 5796 8526 2584 6561 8592 8465 6510 5328 7774 8762 8948 2847 3720 5145 7696 5871 3886 9154
24 9389 1011 2545 9866 3076 5175 7015 6738 80 7322 3823 2081 625 5918 8853 6320 2662 8016 8776 8083 341 525 4269 8202
27 1446 3577 3376 2365 1485 9422 8006 3960 2911 2389 5383 4870 1769 1187 4122 2038 2387 9342 8972 8936 4004 3604 3766 5327 6405 6614 3185
29 1618 9945 185 4831 2263 7536 2524 5568 8946 7608 8812 9448 1167 7388 2687 1696 1449 5119 4381 605 124 2496 9660 3224 5294 9551 8279 1645 7890
28 941 6471 6175 8347 2757 8221 9060 1025 905 2236 3916 8170 7032 5007 4936 8845 3519 5325 6887 4375 466 637 2643 5148 2157 5024 1517 6481
14 3296 9039 4438 4053 2405 5611 6525 6267 2102 3004 8436 9515 7641 7087
33 6086 8498 9865 2350 8013 6314 5416 968 8357 7725 3878 8651 1409 471 7302 5696 851 5132 6545 1457 8658 1894 7348 1661 5162 6950 9662 6661 1958 2252 3892 5085 3850
18 9386 983 7932 1373 6675 2378 4039 5906 4001 3590 6511 7591 5336 9621 3827 1961 7123 710
38 4684 3481 7175 7012 735 850 745 2772 1423 2728 7541 6637 4817 4176 7447 7616 6054 5181 2334 7652 7480 4849 9261 2514 7868 6954 9898 7852 3217 4383 197 9984 2255 5930 7128 2864 3084 7358
24 7400 2336 27 5483 3452 2619 8286 4740 8241 6347 3908 7201 4501 2177 548 345 3464 1484 7834 5022 7537 2353 6559 5198
25 8201 2733 1906 2381 4026 7622 4187 2012 334 2615 9853 3881 7408 2646 2010 6299 8233 577 9825 3412 9982 9591 1017 3367 3286
22 5985 1717 6812 6126 5255 8896 9009 2162 7656 6001 2027 1151 4579 1401 1434 6259 5762 5617 6964 1751 7182 2638
21 641 3598 3419 3538 1237 8930 2894 3091 4526 1621 6666 158 7247 9096 8322 5197 9340 8632 8726 7452 73
22 1370 7728 1451 9565 7923 335 6860 4960 5905 9518 8354 4514 5840 344 6169 6215 3523 339 4448 4524 4557 5618
27 8496 9788 7945 4166 9258 3006 4847 2832 609 5288 7973 4051 9598 1856 2199 7360 5215 110 7023 9531 4513 5644 7859 6936 2005 1141 2669
27 5203 9786 4900 6704 591 2295 632 5196 4252 4835 2085 3158 4334 2239 6791 3060 2553 6388 2202 8734 2091 1390 5965 4192 5616 340 5254
26 2517 8522 9245 5270 478 5430 6400 2419 1554 4650 505 5633 521 5993 9802 9161 5206 1333 8942 8982 1374 8106 4780 3956 5574 8679
14 347 2257 3639 4222 1890 978 9501 1675 468 1174 5972 630 8994 6063
19 3897 1214 4727 4573 8805 773 165 3240 1440 1848 8866 7421 5355 2562 4611 6546 7393 4554 1018
25 5165 1329 7738 2303 3344 1092 6432 3365 9053 1775 6555 3943 1155 5330 4023 4239 6553 2820 3309 2747 7736 5551 8468 755 3733
14 5807 4945 3385 4362 7578 5149 8196 6309 8002 9522 2183 9959 7632 5239
28 7997 7056 2974 3320 7925 7396 7887 888 5761 5585 2459 1816 9855 7695 2476 2549 1829 6835 8012 1122 4655 8456 8341 4996 3730 994 7649 4797
28 5706 160 8914 2466 6256 5468 6787 8757 647 6660 9437 3223 743 1131 7060 621 2489 4708 3764 291 8276 8389 4527 5276 6673 2637 2908 9172
29 9883 520 1432 6370 5111 5118 3713 2471 4030 2572 4500 4738 8417 5109 8771 1919 5759 7470 1462 1126 9885 2195 2170 4458 14 6087 5750 3254 5053
23 1405 9344 7517 1821 2616 4822 5 3634 4015 9108 7233 5152 1765 827 6351 7550 1648 838 1099 9777 8066 923 1737
24 7378 3151 1243 8305 5261 2018 2331 3485 9367 9201 5363 6227 8461 2111 287 3318 4254 1730 5573 5342 5129 3479 3274 9369
25 6328 1036 9081 5199 8443 5542 7443 179 2674 2699 9285 5648 2380 3563 6841 2487 3649 1249 9587 2701 765 8756 5281 8019 343
32 8388 1916 3711 6568 7254 9315 6497 6894 904 9756 8900 7670 6837 574 2028 8643 132 3209 4385 8333 9343 9126 6233 436 140 4596 3922 7308 8404 8959 5177 725
27 7655 6949 337 5947 4975 9856 207 1196 717 8754 9695 7030 3804 5275 44 5774 54 7083 1490 3957 8455 8078 4081 6549 4129 1044 6914
25 7851 2101 570 5115 6611 7858 5194 3706 5826 8600 3517 6632 2801 7336 3771 9903 7908 1712 2666 8340 6217 5842 5669 5896 1562
18 336 8365 1089 2803 9236 5795 75 6918 1971 3768 5010 9076 2510 4240 7482 7310 6592 2312
29 5505 6671 3467 2932 4837 6577 8349 8457 7979 9445 2022 5331 3794 931 9907 5916 8084 2342 7304 5946 2650 1703 6621 4600 6576 4934 7002 770 8568
24 588 8912 5378 3822 7607 571 2579 4949 2328 3087 6500 2761 5231 7526 2249 4466 323 7343 6892 5297 7780 5749 8678 8337
31 6623 9904 9174 1766 9932 7970 1917 3726 5392 192 1238 3884 8604 1713 1032 7244 3125 8466 919 1241 6428 5928 5467 7540 60 3140 9781 5659 3306 2588 3020
14 3440 7919 8570 9530 3363 7511 2050 3548 5030 9642 7181 2606 70 4417
21 5509 653 1347 7596 9535 1162 426 6499 5765 5873 393 7658 9094 7300 9008 7885 9672 7530 3014 4977 7252
28 9173 1205 7892 750 564 3852 4148 1764 5643 3118 416 9973 988 9415 3998 7775 3889 6136 2704 4702 407 3695 2792 7042 7026 4519 7731 4220
22 4304 4598 9032 3183 721 5703 1895 8358 9995 5828 8744 7029 4818 2987 7905 2725 1952 1739 7317 4462 5322 7069
29 784 2427 2058 6095 4216 8561 9066 7514 5755 3831 1574 6524 4436 4116 2953 4306 9500 4737 6214 9098 5337 404 6976 8096 5688 7469 2629 3324 3134
30 7033 5612 2001 9726 4991 2481 7332 7242 6427 6010 418 2092 4169 2750 6419 6017 8733 9036 4743 6341 6440 7589 2786 1514 6246 6492 1837 9831 8152 9484
27 167 603 237 1103 7 5223 5066 2347 7050 6766 706 5418 5528 1760 6624 8634 270 9115 8011 7170 5960 1334 5207 3698 7218 4069 4516
30 6551 6354 1936 8859 925 2168 8497 4022 5126 9468 1258 9529 1540 4271 3678 7038 7828 6040 3423 6183 367 2067 4474 7673 8282 6266 4545 3349 9638 4268
20 4680 8769 2647 6957 820 3177 2727 4142 5671 3803 3954 1437 1336 1754 2450 8849 4769 9507 3787 1877
21 2824 7067 3515 4146 3581 8483 1284 5912 3131 3303 8677 2723 7059 2349 5922 1285 1691 5961 392 1084 2888
23 5884 7634 6797 2120 3552 2891 9040 2069 6166 5843 6369 7225 9308 532 6929 6781 5588 3357 6092 2083 4412 4604 7951
16 5266 9745 8230 3658 3558 1080 848 9124 1063 6768 1556 6688 4793 1225 2848 170
24 1659 4926 6992 9615 7980 1571 5726 9528 8255 2707 2744 4131 1577 9016 5740 4956 885 7639 8781 4627 3800 5236 9359 8641
24 3716 6084 6278 6899 2779 3934 9414 8794 8712 9088 4253 3728 5745 915 7473 6330 5015 5775 3048 8777 2369 7426 8000 3791
16 2855 3941 8759 4402 3192 9857 5752 2929 7450 5142 324 7144 6022 7522 2337 6
22 8611 9178 4672 3944 4483 6472 7756 460 1076 6487 642 6355 5974 9058 7821 9540 845 3126 9668 1226 7577 9922
23 8514 9841 9206 1928 4931 3166 4095 6383 5185 4005 3063 6934 3350 4757 573 5797 5079 4599 5624 8240 2879 89 4823
28 2182 5028 8256 1039 1694 4763 4707 1478 6723 143 2743 36 8723 8706 413 8880 7478 7827 4108 747 4766 3964 5812 7079 762 8046 4189 8100
20 5800 9443 6792 6194 9905 1172 1915 269 3273 8418 5788 1798 1542 2709 6941 8999 2806 6993 2391 1219
25 1987 8269 3179 1808 3348 8619 411 891 6761 8837 3219 9999 4298 6890 7487 9069 6335 4922 8369 1354 3310 6508 2136 4230 9168
17 7159 5927 4864 4422 766 9580 9417 3835 1795 3302 8208 6236 5776 8114 9147 3705 6287
22 1344 882 1759 7257 8499 7390 8655 1028 3037 1242 9590 3882 4431 6448 6099 5515 9956 3415 3745 3180 437 3887
31 8894 38 9840 7902 7324 3100 971 6889 4670 8899 4275 2574 2223 7694 7544 7593 8355 2807 2266 8802 5869 6702 4399 1698 8267 6606 6715 7489 440 5623 3679
30 7523 2472 3175 2962 2372 7559 7850 4287 4313 3033 7776 8635 4401 8949 9606 4774 2775 2624 9338 2080 148 7261 6598 9808 4424 4418 794 4393 9290 4683
23 9373 8716 1380 879 2014 9217 526 7127 1280 6535 5613 2716 1127 9772 9891 4504 79 1893 6108 2277 9601 6514 2656
31 6046 834 4668 7213 4288 479 5673 6796 6731 8479 6417 3932 2870 3280 7054 2070 9854 9145 9465 9719 6468 555 7739 7423 7051 4308 9876 4904 5817 822 5460
38 228 6817 4676 4444 68 6394 2625 4589 3040 1954 4859 5791 5290 246 5264 6275 9426 7481 5555 6449 9942 8924 5560 8934 4199 8092 597 9434 176 9775 9446 6461 3871 4185 1055 7996 5876 3218
32 8685 9931 8423 8036 8908 5683 3814 5283 429 5773 2822 4542 5822 3015 4860 289 2798 4010 5037 9873 1184 2435 2096 349 7158 8223 1074 9637 1552 5130 1801 4506
16 4580 7055 9520 9243 1481 6097 8144 8295 5121 3868 3703 401 1356 4054 662 5435
35 4434 9294 4174 4760 5410 4509 8579 2746 7705 5469 1366 9814 9391 9005 99 4181 2970 7833 6701 1507 6193 8501 3003 1617 1043 6317 2046 9646 3422 2326 1972 4348 5449 7700 9909
24 5831 5836 3252 7836 4413 2830 4967 6343 869 9692 2339 6501 9689 4061 9203 5814 7959 7744 3715 82 7751 8517 4273 4432
15 8441 1899 1059 8095 2878 3488 8929 4530 5578 3797 8251 1726 1909 3626 1408
25 3633 9887 4508 4556 307 9200 2460 480 9622 2490 1128 7664 1427 1086 705 145 6107 427 2165 6032 8080 6911 1614 1052 5318
24 1149 9309 1173 6302 9013 8454 2976 6770 9910 8451 9759 5932 2114 966 1279 1303 7953 9486 9383 4392 5057 669 4778 8888
30 7283 8919 1158 7307 5131 410 1868 4083 6195 7251 7416 2564 7676 746 5459 1495 7432 9260 2098 4180 3995 7717 6007 2224 7219 2185 9960 7568 9387 8154
29 4610 1600 1665 6933 2094 2734 204 3727 8386 7349 9746 5251 4563 308 7803 8834 1367 5521 7600 1213 6035 4691 955 4242 8327 6088 757 8797 7036
20 3872 6311 9567 1114 8142 3260 1482 9787 4363 4896 8321 5926 7863 1095 3417 4606 7748 9589 1479 6994
27 3702 5867 4510 7268 258 9568 3275 9432 7983 7888 3460 3250 9676 899 6700 390 9771 8507 1636 7669 4134 6943 6365 9214 4305 2227 4354
21 8867 2013 810 2877 9703 3002 6390 8222 111 7946 1133 1467 9184 9555 9223 6368 5429 5242 314 1190 6595
16 783 1202 7214 7458 218 8275 5345 844 5894 421 5978 131 9977 3012 6750 2840
27 5685 7412 4231 8195 7369 8923 1903 2064 7938 1802 8352 3644 1813 5895 2458 623 259 5667 6445 6631 5248 3095 6573 1619 4901 831 3942
22 5949 4968 9773 3638 3343 7052 2161 3898 8943 6496 8398 5348 6096 2697 3762 7772 5854 3576 8735 2200 9916 8278
25 5845 7509 7269 2993 3627 3681 488 4172 8183 7136 9336 6207 5431 8724 5224 9296 2764 5407 8130 8636 9552 7297 4911 4490 5737
25 9390 8696 1118 2905 1658 7395 5051 1663 3637 9493 2448 6373 9010 3441 5269 7184 4729 2671 1683 1602 8701 3671 4695 325 5923
28 4315 4813 8683 5044 4324 8487 3298 791 16 3128 5811 5833 5806 5003 9596 3533 756 8602 7611 5296 2289 4350 8690 4531 8674 9396 9227 4891
29 8910 5846 6844 1669 7880 438 8174 58 3983 1350 5499 8380 3734 7950 8384 5839 9656 3612 1585 3819 3184 1641 4310 5596 469 8541 2421 3945 7601
22 2196 6019 5147 3792 251 7618 491 927 6323 7413 3041 296 6177 6334 2259 1060 9608 2321 3390 1473 1646 7801
29 1014 4795 1969 5599 1731 2103 900 2598 7374 7008 5204 1234 188 901 8877 4364 8313 937 6717 5731 8089 1120 8260 1809 4785 5563 8156 6112 464
20 2914 3327 240 6979 5581 5311 4735 7784 2683 6693 4886 9129 3529 2211 1599 635 8168 4140 5790 5533
26 4752 4918 2730 5362 13 108 9210 8082 6045 7163 317 6148 7183 5964 598 3304 8488 9061 6876 7165 8581 3111 9371 4929 7281 9
28 1497 4540 3369 5395 4149 3641 2287 9797 8717 7563 1295 6685 540 8320 1586 9792 8838 3035 6998 3677 6627 1425 1180 6973 4723 1633 8490 7825
31 2554 3571 3742 4445 9454 8925 9793 2210 5937 2833 9714 5753 383 1147 1195 3931 1288 3520 4759 8648 5077 7991 7350 9198 6782 5413 8311 5047 2329 6242 6258
28 4976 9120 4841 6959 8371 3923 6322 5718 8249 4905 2100 2253 3080 5536 8538 4157 8580 1570 8647 316 690 7702 2423 3255 6271 1581 3853 2627
22 3288 6051 8433 4286 3652 4731 5760 2113 302 6147 7228 5604 12 9711 3836 2623 3107 8770 9938 8098 5244 2922
23 6158 9123 1983 1287 1148 2961 7057 9494 4741 443 1015 5485 5159 8385 1544 3987 5443 3238 5545 3687 9461 7410 7235
26 3741 8 797 9024 7166 7409 6093 8613 3405 4927 6118 9095 8091 9669 5055 535 18 455 9014 6635 9220 8232 6151 6665 7496 1569
27 2821 3042 3378 2610 9499 3780 5434 9277 3965 1966 6968 4295 8043 6470 898 8429 7906 5977 1312 7968 4049 8607 3522 1579 2677 8087 679
25 729 2152 7742 9025 9146 1699 9850 7565 4649 828 5647 8138 7818 7215 7112 1115 9782 2698 9765 2794 9650 9215 2411 2926 7011
