35 1900 7005 837 48 2009 3156 303 4839 4094 5497 1335 445 3580 8703 1138 4059 5137 5517 9003 7104 2788 4848 3410 9254 7657 7198 6412 8736 610 7965 400 5402 6069 9504 3411
30 1992 4377 2949 606 3444 7318 7429 8292 7936 4833 2356 8509 9581 3951 530 4184 2581 6547 2784 533 6228 6710 6418 2603 271 2278 2507 328 2934 2123
35 4435 8630 9084 8518 5018 9888 6807 9913 945 3471 4885 1315 8149 1543 5424 7475 6694 1066 4309 4214 3572 6110 9216 6780 9544 6794 9523 3236 8024 9851 157 9852 5744 7229 222
29 9256 4414 6044 3333 585 9935 8578 4225 1200 627 1372 8146 6875 8133 3067 7357 4742 7993 5440 9974 7585 1830 7141 975 3197 6265 8448 1995 4733
34 5299 1815 9675 7952 2576 2296 1209 1664 3457 1993 190 8271 6783 6135 9020 268 7293 5113 6115 1528 5192 920 2920 84 1492 4379 7640 677 7399 2432 7270 483 6189 6735
33 5445 3743 9698 3527 1305 7320 1978 6654 3988 8329 769 2106 6456 6901 1438 7070 3253 700 3607 9393 1178 8382 1635 9401 9305 7913 6404 9768 8978 1867 4665 7928 297
34 4894 88 8175 8204 2571 5890 3329 6952 2917 6150 6656 6457 4679 1593 117 8557 3371 200 5205 4349 6822 4307 6724 3168 8342 2735 3200 3005 6695 4761 8699 4080 8406 6304
37 3869 19 5510 273 5358 9627 1447 4437 1888 9901 3103 5693 6269 4637 9976 9514 9412 3257 8351 7249 61 2519 8587 6916 7957 6296 2135 3549 3024 1515 2147 6765 4687 7975 7553 4829 565
25 2774 1273 5227 3025 7911 9691 9267 961 3055 2531 5090 3017 7329 203 3375 2166 4020 8262 9805 9965 5049 672 5282 5727 4984
20 9996 1609 8484 2986 3654 4935 1313 2465 8559 9757 6139 1757 4071 6410 6711 6913 7499 3972 8890 3445
36 8370 8832 3603 519 3546 6053 7230 394 423 5856 4648 2720 5086 4794 768 825 9625 3294 119 9347 32 474 4980 9164 4112 7471 7557 5948 7430 1240 1674 5668 8787 7465 9314 8711
24 4910 1465 2783 6123 6239 8803 1503 8435 6831 2056 666 3616 2883 497 2436 734 9306 9078 8203 4693 3281 109 6206 5235
21 7314 8784 9733 9550 2538 6466 8236 3821 6706 3555 1097 4601 7685 4455 6424 7862 9274 5387 5721 9670 206
27 4428 277 7677 489 3544 8219 3129 169 1984 3855 6361 7319 6307 6804 5716 1054 6438 6003 7768 5654 3739 311 6004 2566 2060 3245 6849
29 4346 2838 2316 9137 3692 3830 3840 3758 24 8310 563 9869 6048 5887 3540 8489 2357 1090 6922 3564 5335 1869 6220 5089 568 8104 6338 8675 8586
24 3188 9411 4502 1512 1267 5615 6607 8112 1530 9549 5751 4842 8059 854 7190 9707 7186 9559 9864 3693 3208 1866 1269 3817
21 4171 4659 5025 41 5598 3051 4233 3976 9626 956 3786 2651 4948 211 3148 2512 3426 7116 5719 2520 225
35 7243 6718 6851 8085 5324 3891 8989 4153 6786 3170 950 3849 4507 4661 8792 57 2941 5406 2559 7572 8588 9325 3068 376 1170 5601 3398 513 7088 7956 9806 6502 8128 8708 892
17 7759 6327 7373 6403 378 4194 8642 896 1874 2828 4056 7442 417 7692 2696 4028 8158
26 3112 6160 3541 6024 3605 2026 4706 7710 7406 823 8086 3442 6199 7253 4914 7612 9654 719 2881 9042 187 6536 6570 2536 6039 2999
19 6252 8055 656 1228 3958 4536 8449 1845 9202 4494 6575 7554 9121 3795 7040 8157 7118 6740 5713
33 2963 375 8458 5766 856 1986 3196 2578 3047 5189 7934 1794 8795 502 3816 8728 166 9207 8302 1773 208 8555 7188 6971 615 2511 3090 1363 3364 8378 8856 986 1557
29 7428 9166 6202 6742 9705 1079 3632 3513 8671 1349 2869 2711 7690 7451 3585 9846 8868 8425 1386 4021 4421 9680 9087 8614 1613 1908 7171 8773 6402
21 4511 5381 6182 2742 284 1189 775 6023 6485 8190 5955 1625 4973 8102 4090 9282 511 6293 9466 2384 5516
30 3697 8167 1111 6381 6119 7438 2973 7092 5771 4855 8191 2293 9068 3176 4815 419 1441 6076 381 8338 8462 3435 159 5717 6026 4143 4630 4882 8155 7129
27 9140 5060 1384 9538 549 9409 7196 4826 4228 2217 2112 753 5477 4657 4017 6430 5234 7884 726 830 9291 8118 69 92 655 4115 6645
31 7346 8955 9345 7494 9610 6329 1735 4713 7114 2313 4704 8367 9450 9947 6244 9619 1323 1100 7861 1627 4034 9316 8681 3655 6942 1565 6132 4958 3629 1863 1550
28 2912 5649 6186 7134 9820 6101 1527 6843 7889 210 6141 921 8758 8566 7994 2036 4873 5576 9134 300 7020 554 156 9071 9890 8445 9464 5295
34 3030 7704 9926 5507 5332 842 3276 5970 6216 9511 4410 4959 1311 95 5218 3409 3239 853 9503 6399 4724 100 3270 5868 9819 8243 1620 7041 942 102 2695 3468 1346 3057
32 1843 8213 8962 1630 5686 6188 422 1784 8979 4525 9685 3036 1511 1227 8786 2275 9090 553 5087 1777 3420 6903 439 6924 1605 3373 629 617 1475 6222 6639 992
36 3066 9255 718 4208 7864 2992 2385 6784 8686 3622 4109 7877 7837 3414 5554 2245 5678 5746 3675 1010 3203 1257 2305 7263 7816 4544 1494 4207 372 7709 1883 1215 8737 2006 3579 6912
29 5628 2904 3875 2605 7477 462 172 4585 1835 8653 3778 3167 3557 3105 3029 8328 6698 3732 1968 6652 9035 5602 6836 3542 2681 8040 3596 9561 2686
20 2418 2072 1101 9138 9429 1406 2675 761 583 4255 4467 4139 4895 5866 9477 9011 3190 3133 2181 4475
28 5934 266 6809 9952 2738 6965 9557 6098 6805 6172 7174 241 7398 1601 5853 772 1862 5034 1422 1040 4969 7576 6133 9037 2585 3418 8529 435
31 8274 4593 9564 9842 8379 9104 2577 8323 7555 8694 704 4328 5861 2143 2426 8747 4355 9144 3531 7207 6237 6739 5285 922 8309 7569 380 5899 4387 9406 212
16 3384 2020 3770 6476 7445 6537 1206 7693 9473 2015 6618 8698 8075 5409 8412 6058
27 9452 5808 3147 633 5920 4088 4247 2480 8198 2781 1160 64 5012 6767 9313 1912 8882 1745 6409 8637 7846 248 2464 3138 7246 957 8464
26 1430 2661 1994 7915 4673 5967 2108 1491 9744 9546 9127 5535 1864 5287 5300 2639 4586 1002 8804 4450 9505 9199 91 4643 4376 6877
16 2919 6305 8575 245 1910 9495 1500 8965 1221 5069 8652 9286 4653 9761 1326 5636
19 3735 1970 3990 9720 444 9830 1222 6393 29 7548 5193 1109 7019 4205 1560 2981 661 9563 7211
27 6689 9289 4031 6649 9402 4327 6526 8664 4078 4867 6340 4792 2673 3477 3122 6316 802 3249 7162 2292 6663 7988 4063 9696 7512 6541 1263
29 4913 8713 523 5996 6473 1272 3311 9394 9992 9128 7901 8631 175 6893 1220 2453 3966 5465 6956 9743 9526 7364 8791 5695 4788 9265 7687 2706 6280
23 3833 8996 4223 849 5304 1833 1113 6985 2008 8801 8176 1407 730 2110 9133 8629 3325 902 8892 1414 4875 5783 5241
14 4767 832 4260 8290 9226 6031 147 3366 7135 2787 8229 7493 4836 4966
21 7323 9497 5809 3530 1725 5711 5213 7434 8782 9617 5359 9751 1997 8376 665 2930 7595 7103 560 8021 8187
17 342 2641 493 9623 9737 7787 2140 6012 6677 7255 9156 146 2797 5712 9262 4717 6746
21 9679 9109 934 3807 8956 9165 1589 5902 3790 9595 5426 5539 9182 5881 348 2260 9731 8940 4756 2297 8521
23 6842 4781 6647 6749 8346 8585 6579 9845 8902 9702 6630 1697 713 5263 9002 9370 4206 7232 8878 4282 8848 7097 2207
27 7117 1755 9341 4481 5369 4677 8042 8434 9769 4807 3146 2107 1884 7457 1480 66 2352 1729 3779 2551 7224 2184 2377 4485 2543 5437 4537
21 374 9364 168 3334 6902 9151 4642 1256 2442 1369 7628 846 9738 7191 7448 9349 9817 4200 9628 4302 8444
27 164 7156 4656 7840 9273 3721 7234 2105 1223 138 5663 1142 5799 8869 1799 2952 739 649 7574 4546 3050 3646 550 8023 741 1192 7120
10 9303 5237 1944 3993 6884 8062 7468 4347 2327 3859
25 7048 7535 5289 9752 2399 6752 4863 8840 6523 599 6173 4615 3615 2967 7309 3394 5782 5901 1723 5888 1332 2657 6634 2893 6484
19 6729 6248 7792 9485 7580 9031 2261 6067 6279 4981 2809 7456 2240 8799 4664 4888 8520 8227 6966
30 6984 5377 141 8644 4907 1637 3453 7366 6121 128 3651 3157 55 4666 3669 1580 1521 5757 6967 8225 2141 5998 6871 4130 6356 1644 5182 1309 779 6493
24 506 6379 3746 8783 9362 4869 6633 9712 7561 5245 7372 8823 1271 8506 2975 1564 691 6198 7916 8945 6818 7602 2907 9537
22 7686 7903 9045 76 1803 2366 5425 6538 7558 711 6969 1250 507 2982 1553 7941 501 5160 660 9735 6168 8640
22 3482 7422 6987 8485 1710 799 2180 3773 3393 4709 3663 1046 9481 9065 3623 4872 2928 646 2867 403 5466 1276
29 8194 6491 7463 3205 4167 7401 1176 7808 5907 2235 4602 1897 2748 196 6562 8901 1774 671 1595 9319 1193 1568 8207 7203 1102 6582 9030 5818 7515
15 463 3885 4104 6580 3904 7013 1752 8774 1232 7209 3584 6041 3314 4048 3775
17 4113 6757 7931 1838 9815 3425 7609 3073 893 1364 2082 8766 8028 6587 4195 6879 1013
12 4353 2061 5816 9613 7804 7172 2402 7380 2910 193 780 6392
19 2233 4245 3326 6455 8864 5473 3826 4227 5212 6596 9684 8826 7226 8806 9981 4866 1660 7444 8915
20 6519 5208 8739 3475 9729 1738 5743 6815 8072 5620 9219 98 4404 9276 5064 2234 6657 3666 5847 5400
24 9576 3160 5777 6909 4877 7764 3866 494 2523 9645 3901 5070 697 9513 5433 6360 4331 7900 3430 4072 6013 3370 3362 7984
26 4532 8876 4285 1251 5491 2393 1930 2079 8973 4068 8854 6218 8486 9238 8816 9838 3606 4002 1412 9912 6814 354 5201 1734 6247 7874
23 1634 3640 6670 3463 708 6201 7712 313 4196 9038 2167 843 7381 4749 9180 4111 7654 2415 8420 5112 7882 1062 4652
29 1489 607 5662 4495 6946 7891 1721 6125 3220 6426 9478 9192 8984 7920 8505 2556 15 415 3403 5933 8239 982 993 5014 1211 7763 2467 2751 9463
15 8595 2972 9015 9836 7464 5500 3054 5082 8257 9620 2118 2074 5356 2622 6662
10 3793 2216 7876 7325 9272 5279 3044 4689 7355 4772
24 5161 2601 4249 6641 4705 2187 5566 8035 9586 2737 7245 6615 876 9116 1800 2663 1693 2548 9433 6333 4986 8615 1348 5994
10 7794 9543 4558 4583 2954 6321 2927 2802 3119 461
25 5885 7379 8395 9487 2900 1771 3921 1689 2652 2338 1676 9046 715 355 5405 6498 1873 7415 5306 8731 6864 7873 3149 833 5557
17 9158 2078 7109 3991 6571 7010 377 338 7701 7810 5879 5017 7811 2482 4062 990 9847
12 9920 2220 4293 4843 7347 6885 4300 6120 3469 4066 8670 6839
16 5860 7490 9171 3566 4605 5256 3092 6208 3608 8667 7691 6159 7823 2829 7150 2171
21 9641 2885 3974 2790 8768 9141 7342 5769 3636 3851 9139 2132 3839 1433 5699 7647 7045 5756 7193 3708 1123
20 7525 6021 6672 7119 9022 2270 7843 6799 7567 6450 6550 8831 9934 2390 9897 1104 9631 1942 7266 9475
31 1005 3740 3199 8179 8401 4147 4703 2320 5442 8134 2324 8261 2304 4938 1299 459 6825 852 3798 4654 8368 1584 9421 3267 3104 1831 8079 9633 1415 4594 475
8 3877 3772 7208 9382 5417 5991 1282 8447
21 5892 918 65 3789 4696 9778 3601 5764 47 8477 8373 2648 7301 751 6002 2455 3065 908 709 9968 2382
21 7799 1949 292 6029 8953 2335 3510 2355 6865 7004 7929 5001 3381 2126 2935 8277 2315 3753 3466 39 4170
25 5990 5837 4141 8272 1685 93 9823 527 2937 1980 3925 9871 4953 7614 7645 4003 6584 9191 7594 5143 4128 9187 951 8073 3169
21 9106 315 1110 8573 2250 5794 897 5457 3986 6642 3377 5569 6961 8715 6939 4150 7080 2424 3424 8551 3729
20 6480 4099 4213 864 9923 1330 5971 724 9283 4965 2077 3436 4782 881 8038 9710 7078 575 2718 7334
26 6566 6138 1655 6625 949 6896 645 4720 1534 1324 4825 2799 6850 7064 7287 9671 674 6437 3396 3512 9657 2397 4496 1024 3317 8184
21 7341 448 4939 4940 3845 2429 3947 5172 1353 8800 1700 6200 4821 7066 529 2791 7102 254 5540 8952 7065
29 7316 5710 6078 3462 4555 3077 4515 1048 3710 5803 9284 6196 3862 5815 8609 5009 2444 9640 8263 6921 6638 9574 2600 3783 2439 4008 5380 1121 6907
25 9054 8827 5875 239 8767 2898 6529 9809 1523 3989 280 4854 9632 4937 5995 6762 5709 3123 6474 7912 3490 150 1592 2089 8967
28 6255 4224 8007 2568 8502 5386 7180 2206 8285 35 5262 7666 6848 1453 618 7000 9209 5308 2537 1252 3174 1443 3251 9789 7922 6367 1146 2969
13 1387 4117 6122 9925 1345 4154 8682 5698 6451 8033 2151 2176 5043
19 1587 7148 3009 3722 4119 3108 8266 1081 2383 2782 5250 9246 2731 5464 6659 4365 663 1967 1319
13 7267 3785 4787 8534 6503 4628 728 9249 6512 9297 9190 7716 7870
22 5040 9508 3802 6888 4318 320 3316 402 4924 4832 3181 3952 6574 199 8182 216 4819 8693 2989 987 601 9790
18 6833 1245 6832 8063 8591 9800 9881 9681 4087 947 8259 4209 3053 4035 3621 935 5523 2272
18 9779 9987 1470 7894 6165 8981 3340 2121 4990 6920 7043 2332 1047 409 4667 9052 2477 1186
19 2599 6128 4711 9270 4274 3534 8918 8020 9722 1402 8407 2115 9859 6900 4396 1041 8212 4246 9321
20 2244 8150 1004 4050 9114 6898 7140 6000 8298 5472 5603 9813 353 6764 7636 580 2 7769 8620 8970
15 8617 6751 1667 3672 3685 2375 1518 4499 4636 8300 2846 5486 5684 4411 5214
22 4352 916 7077 9611 4879 9694 5351 4944 7085 9264 2291 9988 8814 1248 6062 2241 2589 8951 2174 1902 7227 9160
21 9263 1177 9292 4426 3524 1030 3583 7513 282 6263 2515 1692 3879 2539 3765 5291 5957 6989 5829 8547 8193
15 4784 572 1834 3443 4699 1963 4806 2525 3461 2717 161 7278 9033 1194 1455
23 7847 3648 5689 1981 2626 541 9000 133 1355 1796 3754 6713 9100 5184 9950 5954 6771 7770 477 122 8324 5838 6261
18 6857 5243 7857 8820 9070 8094 2230 6597 457 1294 9376 3295 3451 5008 8830 4270 8988 9980
19 6745 8188 1529 4344 6927 5748 6821 1524 5579 8990 9397 2395 6708 499 2000 9195 1871 2714 4045
22 1201 4279 5045 5240 8413 5188 9784 683 194 7967 8343 5730 8548 720 482 3495 8628 5393 8025 498 8993 6983
13 582 9405 7575 9482 4264 473 3799 6730 3052 6161 5305 396 8950
20 9023 4024 382 6197 4014 1852 9566 9205 1106 6425 9388 2729 2776 5514 2470 8785 2314 4256 1424 2805
17 7724 7312 6930 7650 4136 8326 365 2159 8421 9167 7829 9496 6548 7384 4248 3578 9763
15 9328 1264 9213 3970 6982 7757 1716 2386 3625 1392 4520 8426 3222 5583 7812
13 6407 6703 9449 5941 865 873 4663 2319 4744 3867 4266 8296 7237
13 7791 3699 2614 7830 2979 7663 8214 2835 1105 4125 6699 4758 9026
9 9152 5626 6873 1537 1639 9118 4566 5983 4384
19 2722 6268 1914 5021 5054 1733 272 8009 5679 6722 8510 5700 6181 5238 9804 3493 6345 458 7682
21 3691 4645 9785 3233 1031 3159 3487 5567 4957 6420 8560 1861 3278 6163 405 1598 7446 1681 3686 4058 9810
22 85 2330 4607 8932 4046 4291 2281 7999 8610 2710 7440 3907 293 8268 1872 3433 9228 9666 5120 744 8071 688
24 9795 5158 8590 5123 5495 2665 352 1496 7394 7014 2039 4685 2164 8173 886 1340 1783 428 7236 4690 7296 7762 3083 7344
15 9410 812 3565 6772 244 3117 2248 3459 6858 3193 4591 3338 1198 857 9179
22 9112 2513 7197 2021 4429 2942 5702 7579 2670 5976 2959 8597 2634 4366 3939 6563 680 2228 1281 8273 7143 5093
20 306 5451 2635 9651 3573 7707 9072 1804 6602 4394 9224 3016 7009 1297 9474 6605 1078 7365 5163 8843
21 7389 2649 9288 5366 5394 639 4970 8960 6601 3038 4297 230 4834 74 8237 8798 9424 5187 965 3476 970
19 9649 2899 1532 8539 4443 9554 9658 4884 1429 7321 2916 6716 6008 5584 9972 6366 5210 5371 1791
18 4105 6213 2857 8616 9082 7176 3292 8101 622 425 7217 7793 4776 7668 6059 7633 2754 5503
19 5658 3228 4698 8761 1199 4718 9278 9355 7282 3938 3173 3454 6910 6816 4406 1913 4029 9457 8189
12 2231 5849 9436 2412 7629 5690 8855 2179 4232 7860 1057 9886
15 3489 3537 1132 9734 1394 9194 6803 1051 867 4764 6908 4405 9300 3321 4159
15 3261 6290 2497 6020 370 1513 9150 6741 6398 3271 5915 3999 8143 1023 183
16 2129 5548 5600 6066 2938 3124 7164 9774 682 716 6923 8148 5593 5913 8659 4489
20 6977 3450 7502 6422 1628 7407 9159 826 3811 9512 7630 624 1431 8760 9075 3717 6874 9629 9927 456
18 1460 933 2153 7807 8334 4686 209 4624 6085 326 7361 2771 8099 3307 7631 5541 6808 2247
16 8246 6413 2198 658 8835 9462 2958 4714 1551 9136 6025 2348 9930 1920 1037 9882
6 9395 7732 6674 2777 3647 112
10 9874 232 4658 4121 5704 5958 3865 8624 3358 104
17 137 1436 5367 9335 8903 5124 2702 4441 6558 1218 1955 5520 8530 1860 8745 6811 9361
19 5222 7286 5375 8546 3216 3139 2996 5340 3072 4314 4549 6009 4372 1741 4906 3049 6963 4947 9939
19 9103 1768 2498 8545 545 5792 252 7370 7662 3556 6414 4323 4204 4493 9837 6513 433 4093 9928
15 3905 1597 3262 8431 1746 3731 7383 9407 7867 2715 2284 7962 5844 4979 1266
18 2501 5779 5870 6567 4921 3992 173 8796 5317 6806 8991 689 938 6565 1275 5360 1357 1466
22 2505 3946 742 1907 3470 7933 636 643 9832 4930 3961 4770 4623 6756 2479 1504 997 3141 1840 4561 9459 9298
23 9229 1647 1709 9043 4085 3007 2596 9469 3483 9510 6042 2924 8750 6643 2653 8283 8440 2128 8160 1896 9330 2468 1779
21 278 5692 6155 2613 8748 774 5391 3940 2190 6326 1045 596 250 8159 4423 8093 83 4777 1008 3574 6387
16 6897 3269 3657 9948 202 90 3910 2031 2762 5219 1870 9963 6102 7503 3 6462
17 7958 2431 5031 2323 2547 9225 1750 6331 1937 2119 3949 9570 7205 8450 4805 2831 2957
14 5981 8291 3130 3101 1208 9917 1012 275 6734 7610 4345 4942 9425 5858
20 5537 6332 928 2116 4250 6164 399 8601 1509 8688 7501 1314 1255 7546 2016 2017 5525 7081 8938 4044
17 5076 7392 1393 8917 732 2504 4802 485 1050 385 1502 310 4857 5862 552 561 6030
22 979 8995 5565 4369 8103 4635 6882 7220 3474 3842 8492 5023 3667 2401 5559 7098 6925 4840 8583 5006 2745 5382
17 7417 8314 9799 2684 2062 285 1449 4801 3893 1879 5167 9636 1604 516 8821 8247 5674
23 7679 8550 8446 6970 7298 9442 3843 5050 7627 991 9392 6475 9556 3748 8470 4682 223 2921 786 9889 4258 5962 8873
17 1307 6442 4712 9101 408 5453 9333 1224 9012 3231 1747 6800 7562 4789 6378 2760 6669
11 4276 2913 3291 4617 7626 821 9985 1999 2892 7661 7274
19 8410 2213 7665 2246 5134 7570 2264 4491 249 1756 5092 2076 7587 9929 6283 9983 5701 967 8438
20 1217 2644 5632 3114 9111 2662 120 3593 4584 9652 1828 3416 6068 7418 7551 8361 7802 816 863 9816
19 1842 1396 2178 5835 8339 4060 4587 1471 8889 1235 4988 5101 1702 2042 1668 4992 2552 8813 694
16 6205 3645 9183 5032 8656 3550 3210 267 3924 9039 4595 2645 5656 7543 5622 7619
17 1143 2345 2682 612 6678 2084 2713 7987 3776 6251 8842 7849 6415 6743 6620 9130 2122
20 1827 5675 6298 4173 7210 6156 9175 1493 3135 699 7750 841 5323 5872 6375 6203 8926 9458 6738 4528
20 8603 2033 8933 9884 5715 1891 1629 3332 8896 7648 5708 4043 8817 3319 8564 2495 3221 9879 4219 2882
17 9709 6975 9132 1561 4388 5411 8691 871 3747 1042 4064 6272 5169 5959 3894 8306 1352
20 6245 290 6116 219 4852 9185 1672 2279 4221 6308 9821 7277 5906 512 9237 7474 1921 2602 7108 782
20 5929 6504 2414 1932 3266 7741 7508 4876 847 4828 8209 5582 877 4804 2299 27 481 4989 7414 9718
18 4007 521 9902 7397 2351 6862 4356 214 1767 883 7556 2874 4395 9089 8293 4326 2285 870
19 332 8029 1328 8228 3154 8161 9357 7737 3701 6179 6312 4878 4358 5027 7778 5522 1365 8121 8833
10 9441 8779 7353 996 8088 686 6061 510 887 1469
13 4289 7528 4739 5655 1098 5292 817 8719 3547 8763 9969 659 4163
17 3751 6223 4101 8284 2254 6932 9866 9419 9079 4830 2854 2955 2680 4217 6655 1381 5116
17 1965 6940 2374 8909 5083 3673 8437 4523 8127 5878 668 9420 760 8493 6033 4880 6064
13 318 2048 6777 1233 5904 6149 543 7322 3439 3230 7169 2632 7149
16 1338 8419 7284 9060 4985 397 81 8542 3121 2274 3704 9962 9548 7250 1033 9941
17 3299 8883 7534 1451 4359 5519 9327 5309 7403 7927 6552 1996 3360 1316 6054 1810 8650
14 442 6357 1168 5301 7735 8705 1163 6292 621 9234 1286 4135 4644 5827
12 5042 3498 487 7516 9630 10 2875 126 357 3263 9044 9498
20 1686 6824 6629 4452 2407 7726 260 6319 7231 6324 7588 2362 7504 9247 7879 4786 2861 537 5611 4092
12 7360 5880 8976 7194 52 8793 2236 2960 4137 1181 924 283
12 8181 8481 2311 9153 9801 256 2417 4038 7007 2025 5553 3494
15 3328 7272 6648 2694 7028 7285 9867 862 9018 5864 8645 608 8439 2558 1876
16 7622 7086 1711 6758 6719 2360 6737 5479 4497 279 9444 8672 7738 2765 5650 1715
19 7101 7179 4335 6855 8105 963 7455 2398 4734 6974 22 5074 7749 2451 1889 1371 3919 874 5729
16 1145 9080 4874 1409 1169 2214 7949 4858 1320 7276 6471 305 7167 1154 6883 5502
20 1695 6863 6131 5534 4539 7656 43 9724 4798 3782 5041 2526 6162 8720 3211 5094 7605 130 2780 2142
9 800 6169 2640 6608 97 2173 9547 7613 7683
22 4098 6609 8987 1325 9706 2461 8077 9102 5052 824 4675 808 4608 7091 2988 9299 6081 7259 3829 8018 657 7643
16 3873 2740 7351 1839 3395 3532 8316 7479 3997 7552 5552 4871 692 1203 7075 2590
21 412 3808 5307 8576 813 6747 6802 1717 5268 827 3930 2156 9188 6389 5724 7564 2688 6452 5352 8233 2109
23 3750 578 2580 9539 3796 1724 3538 8359 6813 7536 518 6996 8916 5005 8695 6593 1761 3967 4835 6540 152 3342 4512
19 151 1516 5619 4336 740 3232 930 6556 1501 5140 8135 2209 379 6859 3973 3602 5952 6262 851
19 6856 7021 9378 5614 4850 2205 7363 155 4847 889 3756 9894 8081 8357 3828 4892 6192 4870 8039
20 6446 9268 536 8177 1776 3714 3682 7598 524 3406 531 8599 3082 520 1886 8312 6089 1428 542 1612
20 2948 6380 1474 6953 34 7616 5481 4278 2093 4816 9027 9400 4521 586 9135 2901 969 4560 364 6793
22 3915 9701 4430 8512 1875 2793 3351 2023 4074 1911 6905 7212 7090 4330 2419 8872 4259 9612 1302 3421 2947 6736
18 2667 7608 7865 4433 9077 839 7914 2990 1065 6253 2837 714 3788 5882 3501 7982 4360 5627
13 6137 6359 3136 8662 3382 7637 5530 5605 5347 2850 1165 1778 9896
10 1539 5372 6001 8562 2633 1072 2557 9490 4011 4070
18 8844 7790 8030 3354 7926 8928 678 4529 2732 6243 1945 2081 9233 2712 1941 3446 1591 3738
16 5080 8200 505 1790 907 4033 9944 5999 1508 4651 3757 114 4851 4164 3213 4478
22 3212 4397 5635 4613 3650 878 3570 9602 2051 7531 6829 2341 5824 2104 8516 8646 3912 5166 358 5734 1687 5211
17 5558 7971 7498 7273 946 3429 7177 2856 1498 8115 6755 9945 9447 7037 1310 7260 3163
20 4746 9682 3553 2160 3841 2971 6680 723 2041 2232 8992 67 5738 7072 698 5220 7573 1541 3888 3908
9 9828 7680 9019 319 4822 1857 9055 9322 8220
8 8498 5909 7510 3496 4343 5574 1376 2956
12 7333 1053 4920 7466 7761 5133 5908 6167 2977 701 9483 4440
14 7935 1237 8016 7730 9687 1947 514 3847 2768 3404 1459 4244 6370 7145
24 387 177 8687 4198 2368 676 8129 3432 5804 3391 5106 2413 1450 7848 6469 6560 733 8244 9208 5911 8254 6478 4477 4903
13 9418 8415 484 6337 838 5452 8954 9408 4036 5132 4439 215 1640
16 3397 6763 1457 5136 7924 11 9092 8049 6376 2447 7699 9110 1179 1989 2756 7856
10 8297 9186 5194 4655 5314 8471 8930 1578 4039 8432
19 154 9880 9143 4775 96 4370 5694 5963 7638 2584 7868 8772 7698 9870 1690 2045 2052 4889 7222
12 1603 3339 2587 3127 6006 8593 8403 7507 8111 3182 3401 3323
7 8937 3164 6277 4334 4629 5480 544
13 6336 6980 3027 4400 5016 2834 3116 801 2111 8250 5651 7779 2086
11 8335 2766 8428 3085 7960 1922 6043 5183 754 8258 6297
14 7635 9403 6362 6707 2040 9348 670 3345 2944 693 9853 6254 8348 2542
27 4899 5511 3813 3361 7907 2303 7746 8963 9839 5706 929 903 1856 2068 2803 8922 3575 8003 1182 217 7006 4634 6264 1650 5680 4710 3022
20 8034 118 9975 2611 9460 4001 546 5036 6385 4012 8360 8549 2085 9572 2476 9366 1918 7327 508 105
16 1707 8725 5154 178 8459 1531 7254 7420 8673 9050 106 1781 3818 7542 3933 9872
10 6581 5313 3368 3689 1917 1067 4902 634 2535 4100
15 2565 3968 9363 6712 1458 1423 4932 6904 4449 3467 4730 6681 7550 5091 9244
18 4890 7578 8465 8294 5180 8643 9236 3428 1688 2841 1770 2309 8289 2778 8749 2256 7998 4503
14 5852 4407 1714 6353 2668 7923 3137 4470 5260 500 5765 5802 9565 4762
13 2359 7549 9107 6727 4409 4123 2741 5343 6171 3659 3006 6692 1342
14 3045 567 5921 2018 1421 5498 814 1657 3805 3913 3061 9754 904 2903
17 7248 337 880 1538 6572 4727 3763 5181 7890 9704 1175 4694 8504 8531 4526 1499 8416
8 2154 8252 6515 7062 8660 9053 7453 8511
14 2810 6299 7294 9375 50 687 3331 515 5341 1671 4482 116 9093 2642
13 4385 7689 5810 1260 5532 8665 9416 1243 453 235 6704 8632 4569
21 894 4234 8027 8136 1196 5801 1684 2268 1985 7352 5733 989 3089 1727 9593 3963 6215 3437 5350 9506 4849
18 8170 4371 9728 3752 6776 9163 4954 2560 4263 4824 9665 2484 5103 9344 4603 6219 8074 2462
9 233 6497 1461 9578 5099 9346 1477 4415 286
14 2380 4748 696 125 1034 5297 4845 8807 3479 9435 3177 4964 9686 1119
16 2124 9456 8466 3438 5427 5107 3590 9835 6820 6036 7871 6459 2884 1679 909 62
19 4597 9337 2037 2817 8524 9899 1434 4107 7306 4096 6714 5483 972 7271 2804 1816 5310 8494 4933
6 8961 25 6235 1485 5441 1505
15 7921 37 3774 9991 5228 6778 5200 6284 6094 3599 7674 2306 9453 237 9924
18 2263 2102 1017 8584 7653 1417 5383 7425 2931 1032 8912 1885 4893 1596 3639 1988 3846 1075
10 695 9368 2859 7153 9367 8968 7461 6880 1368 6636
7 186 8192 6270 8852 7047 1135 9232
17 6682 3473 1979 9907 7887 9480 1742 4827 2984 339 3145 4106 6483 3191 2561 5610 3372
16 5984 3794 5231 467 4398 7125 4575 7130 1432 6705 2800 1853 9844 7331 8475 9575
16 2438 5639 591 7729 5038 2687 6488 8841 2239 2420 4800 4299 8231 9583 4006 6377
14 2997 4016 4362 1370 5261 8692 1610 5168 1388 2676 905 5403 6038 9571
17 3725 9062 490 7326 7796 6134 5303 2183 8811 4919 6382 3308 4565 2058 1151 4582 1525
13 8733 6234 72 2146 6938 7883 1651 5171 5992 1239 589 2428 9594
16 2808 6733 7187 1737 5807 9113 2852 6416 2416 2761 369 3521 8241 5221 3225 330
12 6129 5267 5255 2932 253 9320 6395 1785 1444 5007 7060 2065
19 9748 3979 884 3784 2891 6798 7067 9125 7339 4055 8819 2350 5336 9655 9386 5484 1039 2288 7292
18 1854 3736 3953 3247 5496 4155 7805 3508 3209 703 4026 1520 5851 7858 6083 4590 7195 4389
9 6383 9833 7137 2832 4527 3962 8408 9598 4625
19 7505 8544 7599 8627 2387 9822 8383 5097 6785 7782 6309 3511 9982 4089 3668 2364 9904 8108 8362
13 7411 2636 2796 5430 4915 8116 5278 8851 8906 7330 6486 872 4486
9 7651 9310 8721 6463 6554 2150 6709 8287 1789
15 4304 8164 5004 8742 9081 2769 7817 8390 6369 4571 7728 4037 9725 4084 9009
19 2434 7620 8958 9479 1775 8010 1850 3900 2950 7159 7875 3937 6957 9647 4238 5105 5642 1331 9242
12 7387 7711 5199 6232 2473 1519 819 8679 5114 9662 1787 3803
10 8697 6056 5660 3726 1069 468 309 8496 7684 9352
13 6929 346 9863 4342 9582 1416 5793 4306 8668 2506 2295 3374 2991
17 7018 3680 9073 4912 5528 4547 3649 3874 4253 8857 6282 2404 1977 3060 8853 9001 7940
16 9161 9083 1420 2567 584 551 7178 7897 771 356 6861 5271 2012 5088 5155 6103
14 8812 725 3353 2328 8125 9892 1535 4552 6532 4639 4535 931 1769 3881
14 8936 5482 2510 7727 7743 6047 5763 1463 2343 6077 2044 7797 1253 3948
13 2403 8366 875 4004 7016 8399 7532 8746 2466 3678 1298 9471 917
16 4881 9742 127 2483 3365 227 4187 2646 3761 2744 5691 6320 2570 5145 5444 3760
16 4472 94 7099 1265 8881 9825 9275 9621 7872 4053 2700 1382 4533 3764 5028 7491
19 7076 7745 335 1924 9524 8514 3152 1583 6726 7462 7547 1241 6561 6604 5079 9634 6915 8065 6838
10 1236 4211 8886 9951 1563 8011 6431 789 1188 7340
6 9315 6240 6429 1556 1844 767
15 1656 4619 9933 4351 1959 8245 2690 2075 1405 717 449 4386 9584 4853 9777
10 7939 9422 3187 569 3823 5315 4317 3215 9943 8318
15 5670 6887 5556 9730 3768 6868 809 8353 4461 5156 8469 5186 6854 647 6835
21 3918 5061 1448 5013 8649 6947 5421 9235 9085 1171 1162 895 1743 1464 4708 7521 2753 7893 3895 2546 2572
8 8067 7966 1571 4722 7113 5780 8513 2574
10 3118 7003 6180 2607 4144 1197 6866 350 7747 6578
14 7775 8325 8208 9440 6071 7715 9445 1649 6346 1167 2406 6826 5648 3161
10 7945 6549 9353 4138 5529 6344 765 7961 5562 5993
16 8621 7529 600 288 882 9108 6886 2365 359 803 7827 8776 6091 2452 9426 5590
8 71 4280 6072 1666 6531 3852 6075 8388
16 1814 806 1554 5135 2674 9858 9592 4596 6660 9857 3815 5945 1807 5139 8605 9919
21 1960 4322 7107 4740 6951 1946 6259 7443 334 2532 2826 3078 8004 6928 1130 8635 3810 6040 2472 9016 9678
6 9695 4838 1590 2092 8924 6325
14 588 7495 2896 785 7142 7695 8969 1317 2471 5196 6142 9036 9964 4073
12 3219 4831 9385 3909 6658 1071 9096 4076 5102 4453 5527 6408
16 4809 7256 8052 7866 2708 4638 2215 7815 7299 6774 1934 5081 2381 3916 5448 5997
12 7634 2229 3472 8899 3293 2918 5337 4810 5863 9285 3696 7155
12 367 3506 3201 373 9856 80 3777 2923 2757 3582 1122 6557
13 684 3709 5951 8400 6100 8689 6801 7963 5966 6679 8418 4480 5638
9 7902 7308 9029 4960 1094 6906 7754 7122 1308
21 8051 9579 4505 4576 6178 5396 7046 6472 3309 7367 6683 4373 3058 5761 9672 261 7908 9758 2562 7324 1780
15 3499 2792 2524 3194 4152 121 7895 8248 4131 4550 3282 6646 1567 6184 8037
12 6511 1058 2014 7139 5379 8288 6267 6274 2459 9788 6190 6372
10 5374 8822 9491 3515 9240 4025 7421 7942 2489 9230
10 5919 5085 5641 8871 6174 2743 9534 5428 943 9098
7 7071 2004 9028 3155 2478 476 3767
11 2906 5624 6671 3096 3008 8651 1608 3502 7435 7506 1916
19 9618 3079 8794 198 3806 4190 6937 9989 6926 848 4202 7925 9688 3363 5152 7523 9762 2716 5019
5 7063 2485 1399 7703 7798
13 3392 8977 2168 87 9261 2071 46 9900 8600 4773 384 7265 1765
14 6276 6628 4235 4313 3610 3592 3509 5943 9155 577 1063 620 1246 7449
17 162 4975 2340 2500 6225 4166 6590 1819 496 2095 8661 5129 815 5608 6454 135 7128
3 7910 7948 5329
17 517 6797 4262 6109 1125 5384 9946 2047 5725 4168 1117 3814 6313 5191 9356 5487 1184
13 6640 1029 7740 8026 941 2162 9855 6117 7777 8032 3037 5681 5100
13 8759 7033 890 6622 9553 2057 8752 9841 8068 8476 2945 6286 3258
17 7582 7511 5755 5925 509 5488 6790 7541 414 5843 8875 1229 4148 4574 4368 1068 1766
10 4110 4609 7200 3594 8056 5830 5039 6427 6583 9381
11 38 7470 5330 9603 1124 8064 9995 3166 7030 4999 8983
13 4381 4621 4382 6972 6097 9372 2527 1566 345 4627 5795 2201 5914
13 8604 1954 3075 179 4201 7944 228 6449 4524 6506 3707 7094 1401
5 984 3955 9342 3202 9492
14 5965 2066 4436 4616 3018 7082 276 2889 2137 7675 7275 7486 2440 5026
13 1631 5526 8568 1719 7838 4543 6275 6945 4391 6894 1389 5298 5447
13 7694 2446 2533 9324 7488 1675 1632 1533 4030 426 4454 5564 2705
9 8537 1108 6823 3982 2333 2222 1413 4420 4051
11 4466 6551 2266 7492 2302 1915 7055 113 8764 3674 5572
11 5420 2588 7500 4431 7664 99 2619 4514 7199 7291 4340
16 5739 63 6516 8533 9122 1904 4743 9727 5947 2549 7452 5338 9500 5722 6341 7439
4 919 2678 4027 7354
15 2994 167 5053 363 9245 5422 8536 8140 5165 3272 7279 558 2496 9295 3552
18 9047 9780 2801 5206 1749 6508 7106 7592 5217 8706 7819 6619 6082 3935 1832 6810 2699 9260
7 650 2435 7671 3598 6303 9607 5321
11 8771 8911 5164 2242 9588 3034 6949 1016 9848 6114 2621
14 2379 6530 503 8474 4086 1806 5353 3297 5785 1975 3634 2388 3004 8914
10 7247 434 3195 4114 9142 153 340 8571 745 6688
17 7447 7786 5153 3831 6812 2798 6363 3315 6328 1964 8307 2789 30 4618 413 9979 952
12 5450 7774 1373 2317 8456 3352 9021 42 999 1606 7646 4294
12 9091 3178 6668 3320 9708 2860 4917 5066 77 2514 1027 4562
16 1943 9812 7262 1762 2849 2759 9302 6697 9535 1933 2199 7213 6034 6027 5151 1283
6 1112 793 3296 3306 6744 6347
11 8579 9293 388 3577 5805 2063 5246 5747 6406 3183 9017
7 243 4179 798 6106 3996 3539 1836
15 1070 7658 8436 3706 8060 8655 145 6352 8525 3142 8577 7497 8472 4083 3759
10 8347 1753 3744 8045 4715 3056 9064 1099 891 8394
10 3822 5518 4519 8427 9713 5898 8031 3635 4487 4887
11 115 7852 6440 5259 2290 7919 9973 2739 6892 1818 1754
13 5283 213 9222 6754 4974 4647 4681 1670 3241 2325 6846 5905 9149
15 5475 4464 2186 3554 4290 8317 8315 6095 4169 6017 9006 777 3834 6238 8109
8 2177 3348 7240 17 8732 1782 1821 5932
10 2053 9949 5585 6510 3013 8050 33 123 174 7841
6 7755 1482 7124 3389 4736 429
10 8757 4413 564 3260 5258 6525 5823 5249 7652 14
9 4589 4856 5577 5104 404 3868 2043 7483 9223
13 8344 3300 1678 2392 5288 5509 8393 1899 53 2282 6720 7947 6343
9 8144 8242 4791 6962 9519 8743 308 7885 5216
18 9911 2630 158 7396 5236 7560 5822 2980 8709 9689 5640 6287 6728 8565 407 8754 3832 9908
11 7886 8805 9379 23 1673 8014 3003 614 866 9173 5732
14 9893 4738 940 6231 9094 9959 4508 1600 4283 6891 3379 5365 9518 8975
15 7734 2369 5786 3217 9428 9516 547 3568 4632 2336 2087 8355 7012 2721 9903
16 4572 3587 3399 5327 4102 6130 2088 7158 7780 9529 2911 6374 861 8145 2541 8944
14 988 2344 4934 5770 8381 5938 3960 8117 2863 8894 1617 1926 727 3011
6 8005 7990 7022 450 964 4380
15 8985 2582 3481 5 6428 7706 791 2378 4146 8256 9605 829 1358 5349 8904
10 9502 2517 3100 7607 9741 3906 539 7454 9252 2726
13 4950 1321 8223 5229 5986 640 5546 8491 28 981 8702 6183 8092
7 9470 604 9802 1231 8788 4254 8224
13 3102 8495 8639 1028 4182 5589 5357 7644 1759 5621 351 2672 3516
8 5385 4065 4559 4780 3800 6108 3614 6599
13 4312 4814 1468 9074 9455 1289 486 5277 555 287 8657 1334 5185
11 2189 3695 8836 2405 2575 4175 9318 6787 628 2758 6126
12 9954 1219 1669 5252 3660 2807 3144 912 3597 8867 9528 3661
9 5000 8678 2915 6146 4516 1548 3519 4469 7672
11 2400 7850 7225 2101 7538 9957 9040 6436 8570 9699 7280
16 3285 7853 4081 7970 2811 2518 4774 2003 6666 9340 3165 6386 8457 8500 7545 2503
14 7258 6157 9843 1391 6397 2367 9978 735 5290 3878 850 2001 6224 1802
11 5276 2534 5594 1957 5922 3628 3917 8935 2871 2391 1763
10 8205 5328 6495 6256 45 5871 6092 1440 2842 347
13 8741 915 2733 7328 6435 478 7905 7127 5197 6791 2655 5378 9218
13 6195 5759 3980 7785 9414 9984 8598 968 6841 6852 6421 3355 5251
18 8017 6055 8186 2978 2028 5062 2707 5940 191 8358 427 5075 8172 2970 9170 1582 7765 7835
13 581 844 1214 2925 3548 4707 1971 4176 4754 7369 7571 3062 1270
9 1893 8264 9772 2685 9587 3964 3460 8153 2396
12 4995 6204 6501 4765 1103 4444 5667 4928 8479 5917 1361 8828
14 985 9807 7854 4721 2877 4061 4946 1797 721 491 4551 8834 9798 5772
16 4579 9562 2054 8270 2262 8845 2995 597 1621 9715 2555 3385 2425 810 9041 2763
9 788 5740 5796 6236 4797 4669 3876 4329 1411
12 6443 1940 331 386 3653 822 4534 9905 3150 9683 7583 2616
5 9051 8608 3091 2573 574
6 7655 7659 2812 9692 2099 4997
9 8303 8810 2370 8729 1739 2422 6950 9377 8680
7 3896 7544 344 4581 4837 2346 5223
7 8354 7480 7132 4226 2161 3827 4668
11 2283 776 5468 3419 5128 9624 1049 440 2974 9740 8387
9 3071 7419 1059 7736 9231 5580 7269 2703 4612
8 4222 7027 2598 9105 5612 4408 2212 2749
13 189 2654 5521 1351 6140 5195 9861 1278 681 8240 7520 5643 6447
10 7377 4132 1811 5326 184 7473 5671 2723 9824 2050
7 5131 9994 6684 8846 5146 4082 528
16 8769 5800 9157 1073 2394 8696 8380 7378 4462 9585 9643 2553 1728 1618 8849 8356
9 2966 3226 7880 2067 9551 9755 4257 8829 9468
10 6543 602 4963 7932 2825 4009 5345 3683 7313 9877
11 2775 2647 4229 4860 9732 6528 9862 7096 1126 7061 3486
9 1183 5209 4032 9174 4183 7717 2149 4796 8858
9 6673 8096 2522 5980 5469 3882 8734 4468 6954
10 3074 9826 1025 5178 4684 2013 5284 4598 1061 8974
12 1793 9204 1362 5550 9540 349 2034 3720 6773 5389 6432 9197
14 238 6617 8041 7412 9212 7026 2833 5397 4943 6468 3567 5056 5568 9221
9 9280 2474 9998 7386 7336 1026 7317 9667 6591
9 5617 5015 8478 5126 6998 6564 1337 1021 6651
7 4868 5789 9660 1712 8281 8341 9415
6 2265 595 1303 3095 9659 7995
13 1096 3766 673 9653 3944 7930 4463 2569 460 4422 4465 9997 6653
8 5826 2195 1296 2844 6391 1291 4588 2965
5 9066 1116 317 5968 2331
