133 7024 8879 475 9015 2821 426 1259 9947 3378 1799 6291 3800 6455 3261 5448 6179 8877 4082 9719 2818 757 6187 3699 6627 892 7003 125 76 1630 1037 6362 4925 3368 323 5504 9129 7871 7106 704 7358 1678 8454 9202 4867 4835 6050 6852 4181 6039 9597 544 1222 624 7600 2720 1142 6463 2801 6626 2101 8167 9388 9511 5601 6851 9479 1344 6878 1092 4126 1278 4530 1486 7042 6312 2473 6603 1988 3287 2846 5879 4218 5573 8489 1217 304 6378 8658 5113 2879 8701 8305 8586 2511 9126 1936 6256 9069 4499 8727 3243 7920 3192 1378 6905 7428 4820 5754 8749 8356 5732 4151 4804 1959 4312 2938 3552 30 6295 3463 3886 9646 1182 4444 2524 4633 8205 885 9707 1315 3521 792 1700
118 5168 8585 9879 3297 319 4905 9449 1852 2851 4586 7079 1275 8795 4004 8736 2613 7059 3616 1915 9515 94 3801 2174 6617 6238 3106 7791 738 7164 438 656 9973 5903 2891 6981 6262 1882 4345 9744 5193 7340 3937 9803 7496 7510 3933 2328 181 1822 851 5419 1335 1043 3959 9381 87 9076 2826 6271 4747 458 34 1177 3045 2960 9591 6336 2344 6102 3555 3016 1228 9689 7792 5407 2689 8665 6760 2731 1625 6525 2033 5968 838 853 103 1905 8508 4432 2793 3227 8502 9355 682 6498 1051 6686 6820 664 5920 249 2767 7476 9889 58 833 5146 4366 9892 925 4791 9571 754 2758 6427 3191 5819 3230
121 3228 5750 2384 5087 5867 5669 5036 7861 1872 7730 4502 4970 161 142 7056 8682 4340 6524 4853 9774 4300 8043 3652 4494 8177 2529 8990 6795 5360 6508 565 5763 6660 6986 3522 188 7705 6676 3425 5617 4635 3871 6235 4465 5639 9583 6598 6897 680 3255 4985 1942 9149 197 3978 3773 8419 8239 5234 2235 3563 1682 5055 5786 1746 127 5463 7752 5424 3647 3091 8998 5872 7595 393 5851 9849 1257 8154 9576 3193 1046 7545 3512 5735 1360 2164 2568 8464 3441 1576 5614 2677 5671 7475 2491 6978 6495 2521 802 5712 6562 3904 3086 5447 6057 361 3632 6155 1986 8032 2692 6382 146 8456 6991 6864 2937 9629 8343 8893
109 398 4715 2431 6826 9922 6560 298 7761 5068 1270 555 6711 644 1554 1504 3083 5904 5987 2394 3465 3916 4726 7174 275 8941 8685 3029 7276 9185 5034 394 5652 5940 2944 5377 5196 5679 2372 6715 1356 5760 4625 2063 4501 8628 6201 227 8529 8924 3827 2307 5842 5585 4363 4104 5172 9052 1521 2736 1175 5135 6727 4059 5238 262 8218 338 6204 9351 4085 3062 2360 5395 6412 2813 8767 7341 5621 4400 2559 5965 9141 6111 4453 9036 178 5108 8063 1103 5680 878 8666 5402 6932 65 3456 8005 538 6347 1735 357 3437 2774 5054 3349 9499 5052 9669 4858
118 2308 7567 3693 9340 8627 8933 7568 8361 3128 9654 3862 2298 7213 8397 429 6812 8156 8284 6330 7613 5418 478 2410 7732 5401 2196 4649 2501 2283 6987 4385 6892 6454 241 8664 3684 5044 4168 419 6526 7122 9722 5476 3060 8204 7006 6053 7798 7362 5714 4207 3194 4397 5610 4620 1970 2517 3541 5307 4295 5027 1429 2999 6036 2916 3121 8133 1628 618 4491 115 4671 8731 7258 9128 6544 2007 4129 6060 8486 4049 1237 7746 3954 3637 321 2790 1081 7911 7088 2318 59 3276 317 3210 3082 2808 7867 3999 2337 2008 6784 9269 3248 1600 1675 9306 2332 1719 1887 1948 3705 2400 5513 6230 4973 4916 503
124 3653 412 1443 5581 6494 992 3702 4632 8168 9726 6401 7533 8069 6843 1706 7874 5194 4309 4768 8677 5646 6674 6280 5765 2348 8972 2209 8405 9529 3716 2915 2828 1773 959 5157 7501 6925 9740 421 6579 8453 9235 3687 3474 2313 7978 4965 4033 3393 6610 2902 4694 8946 6282 6621 9331 1577 9994 3639 744 4113 123 6694 4302 1322 2005 6029 3018 9731 6552 4343 1908 709 6678 9778 8847 687 8319 2232 4957 5284 7606 1507 2413 6211 4593 6960 6375 9448 7597 5480 8820 8293 6557 2707 654 8436 1370 513 9350 2940 9075 4709 6770 9169 6358 7590 1670 2602 3772 5831 6006 7926 7825 442 6861 3768 2603 5951 422 7331 3282 7904 8592
117 4924 3023 7223 5626 7205 7848 8142 8920 479 6653 937 5665 1252 2949 7936 5380 5534 9302 3781 1701 3727 9936 6569 8885 9009 9933 6387 8174 2922 3485 3010 5098 6778 5905 4046 9580 7591 7919 1478 6101 5887 1829 4948 7044 9987 5650 5088 7795 1201 2068 6087 4150 6008 895 1632 3977 8062 9648 5104 703 8987 8721 3915 8527 9917 6132 37 2316 5132 8212 7449 3211 9852 7255 4989 817 9053 4099 6831 861 3382 8573 3934 4054 3997 9921 8739 6019 9425 3960 9290 2225 5785 5548 4611 3090 8334 5936 4541 2117 5893 2850 3690 9516 7064 5013 5952 2507 4103 1999 7433 9559 1981 9754 7139 489 3826
120 8797 2050 3769 4051 9421 1950 786 2444 6634 4923 3483 9814 4083 8945 3983 1730 6901 7824 9729 9872 9357 1991 2887 4631 8099 3274 341 7966 7251 376 232 5564 3542 6786 6453 1627 8219 2833 4600 3468 4672 1691 314 1474 1794 5469 7265 6369 318 7836 553 130 8860 5757 247 8943 3729 6796 4958 8759 4696 8365 18 1556 880 8560 3420 8854 6636 315 6084 8689 7071 2269 755 7511 2635 2267 3757 3497 1300 7311 1708 1765 3791 6156 3906 6606 4605 9441 1613 6889 98 2797 360 2981 4235 8192 51 4402 1241 4648 7997 291 8474 296 5762 8561 1277 694 6753 2890 6094 9523 1642 7665 1820 4857 5527 4847
129 2841 1026 942 8707 5408 807 2516 3887 7889 3071 2223 7840 7034 7204 5136 1440 4849 638 2178 3342 5318 6771 9918 2441 3076 4011 4722 5862 4203 3547 7167 7696 989 1652 1107 492 9950 1129 6875 527 8448 5686 1772 629 2379 3939 4238 8467 7464 52 2320 9085 3762 5414 6683 2248 4079 7714 2506 3365 3327 6422 4155 4539 2147 1544 9682 9880 39 3389 3446 5351 6096 3170 4809 5163 5498 5661 7196 3850 2709 1573 6180 2622 6435 9760 8276 6934 132 2679 5225 4189 3532 1404 7131 4933 9759 4368 9822 5571 4676 3007 3825 1947 3215 8867 2489 2754 994 3571 2527 4834 6303 7909 8008 5308 8026 2557 8075 2543 5405 345 7009 4223 1119 7596 8149 5592 4702
122 4417 8868 6360 9660 106 1321 891 7583 9205 5523 1753 6207 72 1974 8973 7823 7664 6181 9832 8292 3589 6167 9190 8985 8238 2871 452 1624 6183 3528 6586 7832 2942 2497 2495 8596 1431 2378 4938 2172 2868 7060 3621 272 6462 6083 384 1299 209 5289 2714 1461 7715 7419 8314 3310 2482 8482 3809 7916 3318 6049 4690 3158 979 9041 3889 9143 2785 4355 8426 9458 917 4022 3658 8959 4966 5175 939 3885 6218 6370 9853 9018 8132 9401 2588 1807 2569 4260 2708 4008 6575 9342 1842 3182 5539 3410 4065 882 2212 2167 4773 2963 5804 8644 6004 2120 4392 4546 7090 9543 6175 4460 5770 4583 559 2892 7333 1784 3095 860
118 6995 5345 2021 3188 7283 2095 4900 7782 5437 3920 3610 7562 8060 3305 5118 3026 2986 1790 3469 9461 4735 7801 1812 3359 1987 2087 9574 8861 5832 8763 3892 573 1413 9035 6996 3321 1716 1071 1492 764 418 9706 7321 9784 2947 3640 8107 1268 5596 2181 4728 3823 3514 4134 3938 6147 8631 6574 265 5487 5075 5902 830 9928 7866 9908 8465 6365 7083 9555 6842 9782 1580 2567 5022 7286 8958 7728 933 6142 7819 5930 1384 4132 3894 7191 8587 3406 4566 6577 1976 9626 2162 543 3397 3646 3491 4612 9176 6662 9907 9877 9426 8001 6188 2998 57 7804 6260 8533 6857 8233 732 9000 6705 2353 7349 6765
106 8688 6966 5689 5594 542 1336 1681 3928 5482 649 5982 2663 7010 4307 8370 499 2014 821 5066 4743 2282 881 3138 1843 5908 863 5728 2326 1147 3922 5141 8280 2951 4610 6780 1789 6383 5256 8532 9777 4036 2396 8993 406 4724 3758 111 3524 4974 7922 1838 1472 7305 7894 4771 9285 3994 8741 3173 1567 8261 9453 5178 5552 1927 9897 6324 3619 102 9452 3346 7575 1781 6565 9537 9851 9575 9823 1952 1961 2184 4554 6252 5117 6583 1194 541 4108 9325 1014 4477 12 3153 2904 9255 8653 661 1788 6649 8916 3440 9698 1402 8262 9370 1060
120 5409 1903 7784 5618 3786 6505 5212 5051 5870 1420 3042 6461 692 7869 2304 2214 8441 701 6364 2796 9146 7789 8692 9666 8837 5886 7466 433 2582 5789 411 4536 9209 8211 4298 801 5844 326 1990 467 6572 9031 5924 6496 1502 9512 7656 2128 3696 7563 5730 4003 5948 8468 1033 7811 5095 1650 7447 7093 4014 7050 5791 8256 1245 910 5888 6911 1738 5834 2896 3952 8209 595 2912 1438 6928 8591 4483 5715 4697 2654 3911 5091 765 5079 8308 2786 5718 9567 8041 3187 658 3540 7999 4577 7667 1506 663 6731 6761 5375 908 8098 8047 2946 8076 9295 5696 4202 7678 3714 4266 7661 7291 5780 6917 9311 300 2215
113 5620 4200 363 9781 7408 388 5109 1068 9310 810 2368 8853 1501 5071 7888 3350 2862 6732 2112 6103 3205 7564 3196 3081 4934 7434 955 3051 583 8528 557 1164 230 1881 8567 9844 9275 4178 7062 1048 8636 2710 865 9078 8407 74 5995 5153 4256 4176 6088 6663 9118 5622 5603 911 2186 3765 3713 1421 2070 258 7365 3039 5121 3237 6534 9955 1742 1570 3501 4006 9896 759 3579 5259 5041 168 8244 185 5080 9058 4828 5399 5370 7486 3377 1200 9565 4071 4413 7554 2386 5636 4888 9384 5600 569 548 9157 3166 9618 5219 2752 9789 3421 9481 7895 9681 996 1339 6273 9011
118 3031 3808 1104 5170 8630 4984 8698 7939 582 4296 3803 8147 5335 6823 750 693 7144 6671 5406 1152 9315 9843 2342 9239 2211 9414 9817 9028 7021 3466 2288 6064 9509 1924 6131 2432 270 6952 4342 7598 2290 5897 4679 6827 6582 7505 2953 9420 1962 3361 9833 7935 5839 8568 6086 1680 244 6342 7260 3295 69 9037 791 4124 5065 9557 5378 5833 325 1676 7313 3513 8347 8774 4498 8715 4911 6838 3267 82 7844 6699 1113 5986 2858 3749 1432 844 7297 443 5084 4391 3738 4755 4380 9627 8613 3486 6647 589 519 3219 9008 5340 1503 8072 1482 5910 2674 6884 8034 312 4514 2093 5244 3428 9528 3635
114 6224 4096 4484 8616 3118 5156 4617 1587 6937 2104 6764 7701 3344 9578 7807 7016 2984 2046 9397 207 4889 7745 6746 4851 9107 6926 4960 9868 5540 6520 4765 4626 1830 4492 3903 90 60 6549 1774 1311 2001 2749 8372 8999 8058 9224 4121 1687 6113 4344 9961 7102 2256 3675 3600 7074 6302 9402 4598 3197 4860 1745 9840 6100 1399 7749 71 3945 5843 264 6293 2449 5047 572 1020 3697 8639 1536 8742 303 816 9992 3947 4416 9531 9245 1516 652 5462 5277 6331 2194 6408 149 9938 6076 2642 8711 9367 8967 1582 1448 9338 2968 6095 8404 5912 5702 8835 8723 5101 8200 8962 1897
127 3533 6775 91 7644 2203 3098 4692 4994 9865 7417 7958 7930 2591 8790 9168 8496 8598 6881 9045 4614 8546 439 3518 4882 3511 137 7880 9588 2329 5697 5878 3387 5396 9432 7256 162 597 1084 2345 3663 2572 3178 3888 9526 9704 225 672 7750 9856 1189 6485 5291 951 1423 9505 4148 8369 2139 3733 6449 9433 7827 3372 5152 7645 7617 48 888 464 3316 9113 2381 5366 6032 4562 562 5555 622 2867 3385 484 6107 1484 6135 8565 2727 5731 600 238 3936 4659 2811 2610 9864 9846 2875 9991 6178 4878 6316 8552 4921 7189 2119 9150 2581 3638 5149 8724 7399 1296 9498 3543 7373 6374 5015 8295 6011 8458 6506 3247 2409 9114 5588 886 8275 3049
107 5835 8622 7303 4244 7011 2286 1361 1685 8687 2144 1394 4162 6896 6980 9237 8519 8746 5497 1515 894 8593 4937 5275 9056 8112 4081 858 8227 5023 7585 3659 5864 145 7735 3379 5531 5415 1619 5876 902 4704 8362 5030 215 234 6763 5195 5707 9137 9064 6719 4872 8564 758 8104 2755 8302 1067 1035 5492 1909 64 9019 9084 6817 1555 7734 3476 3890 8986 4915 9379 7076 1983 3185 4810 3195 7336 7134 4147 3925 2157 6873 8683 469 4579 5094 2250 1248 7928 8693 8190 9796 155 8331 2421 1770 2703 6589 42 7332 8158 6326 2173 2711 9954 2911
116 4786 1930 6154 8756 53 8163 1940 6818 3546 1748 5305 5935 1372 879 5000 6811 9941 789 4109 823 655 4279 7799 900 5197 3701 711 756 290 9510 9359 4029 375 9687 8626 6385 4871 9007 3861 5070 1705 7988 2648 5171 6965 4864 7282 1603 1741 8600 84 2472 3526 8936 4169 3873 5493 7201 1176 4278 7743 970 3041 6554 8146 9953 166 1711 3568 493 7941 1593 5198 9884 218 5538 7725 7503 202 6720 3763 7660 8245 7653 8009 8702 7415 2346 2073 9538 953 7806 932 2493 7566 4080 4166 3557 8178 8070 9911 3156 4790 8855 1671 4519 3089 9172 8036 9680 8611 9795 4575 403 8438 3865
116 6376 8111 5309 4650 1622 4195 2782 6684 5248 8250 6791 1293 1425 3402 6758 3964 9313 4545 6718 5827 6729 5430 2089 9951 8716 2653 6403 5841 1658 6860 8052 7015 4428 4876 2966 606 8395 1893 1797 2924 8121 7839 2249 6772 526 6704 8085 946 5716 9812 7007 4969 5769 6717 1860 965 2941 983 8234 8021 4664 524 9222 8274 5337 6973 2255 3054 29 9457 3433 8090 3487 6081 6038 1358 8511 8249 6710 2502 5767 8197 3755 4982 6350 1249 787 4638 3263 6002 2457 1756 7252 2198 1139 1188 7868 7572 2534 1483 3498 4843 26 3955 5627 9527 4268 6229 7876 3811 7626 9472 9082 9297 9599 1487
123 3455 6596 5989 1128 2822 3535 2768 9407 8242 1869 8579 2640 6824 4288 1954 4009 3559 2041 3605 1828 6941 1454 3731 5634 9791 6511 8675 7984 7989 9521 2142 7161 2716 20 9243 2738 8725 2977 964 5025 255 4222 8744 7488 4776 7781 7718 8816 6553 2900 6294 3891 5768 1146 3944 308 4246 5076 2718 2742 1158 35 7770 6210 3717 803 254 6025 6904 217 3957 8349 4179 1595 1481 324 6353 8057 1116 4628 2340 5050 6868 9142 3242 6740 1868 1133 4338 7992 6481 2110 3216 1099 1036 2745 1801 5549 3822 6482 1065 4840 2500 3881 6141 971 2190 6304 3148 8975 1690 6570 6251 5658 9131 5829 9748 5532 3745 8937 6689 5477 3452
115 3325 1891 5077 2376 4249 1230 2127 2770 4861 4833 7722 2272 2019 9734 7498 9366 2494 7029 7465 350 5934 4230 4354 8827 3656 3418 8897 8823 9589 9212 9068 7675 1331 7343 976 5043 2074 8793 4154 7089 6243 6041 9066 370 7128 3338 1122 7998 3645 7794 8807 5134 1508 9259 4037 9159 6433 1637 3580 775 3331 5963 8787 7850 3748 7783 4287 3351 7887 3908 5319 3617 6354 7108 1566 8632 5005 8911 3626 3324 5206 8373 5472 6910 4301 4427 216 6706 3223 5112 9960 1615 1761 6409 576 6546 3362 9386 7345 987 8887 9601 1518 9330 8435 1684 4622 9819 86 7253 2783 7092 4941 3650 1381
120 4513 1365 1098 5451 6912 9090 9189 6738 6030 9303 7800 8401 9246 3110 967 7508 7039 1004 6547 3747 2551 4024 9377 154 3394 5467 6600 4518 8806 2515 1898 8403 7763 3986 4863 7680 2704 1294 9979 2682 7586 9633 322 4214 6501 3648 6283 6480 1824 5090 7976 9952 5069 2175 8013 4703 4604 913 4219 8312 8621 9773 2289 676 8678 8954 7719 4770 3544 7608 9901 4754 1612 9363 7170 7458 8512 8770 9684 7731 4114 5382 739 4904 4505 9690 9362 1047 4775 73 5078 4662 4504 4890 8162 1114 9369 2509 1434 4943 9749 5692 1371 5445 7002 4778 1655 825 4407 6970 3507 2791 5875 4304 195 194 2926 3584 7054 4987
115 1846 3572 9165 116 3876 4883 1943 7979 221 7500 4087 6363 5137 9225 6476 2077 2539 2584 7780 9673 6614 4039 7033 4311 1229 9793 8651 1287 6001 354 9385 8604 9232 6125 609 5387 3784 8096 9604 9144 9807 1549 7197 9904 6399 697 3496 3783 1661 586 8368 6090 3618 4558 2058 7587 8236 9415 6721 4446 4746 5359 8088 3298 870 9813 3447 2382 1416 6233 8635 4043 847 9200 3314 463 2462 2436 5021 6059 9276 283 306 1007 4468 9775 8246 6781 6436 1316 4410 552 368 5231 884 2616 7096 444 9244 3079 5885 4999 7569 1445 4841 4306 3909 1170 1967 38 8918 5637 397 1764 9406
110 8390 9065 6300 3565 1586 6193 7679 1558 4290 1246 4458 1636 2263 7905 4686 3703 5245 907 1089 5799 9429 1080 4971 9696 3105 5602 8389 8894 9860 8431 4182 2334 7879 8497 5367 4476 1459 5898 8196 9939 8903 1022 6067 2287 6492 6822 1153 495 7450 9656 7892 5826 8671 2836 733 7055 7790 8216 8260 4730 4208 6512 5269 9562 6452 4464 1798 8708 2525 5825 1543 5598 6334 2673 2192 6437 1925 8051 4254 8935 8559 3094 8310 617 7767 7883 999 1355 6835 1261 8834 4947 6950 3053 6250 3435 2864 7240 8563 4581 5300 6515 6985 1875 4926 4412 8771 3799 6856 1418
124 7592 7245 8004 518 9130 2440 7584 1253 1467 8287 9895 7618 6714 9411 9046 2987 5515 5591 8049 289 8377 7316 4040 8303 8728 5913 424 1523 9043 8965 3614 1009 67 3479 9070 8195 4110 4595 1210 6007 5918 2106 4328 9208 1597 3666 9010 5682 2626 8898 40 520 6848 3594 5421 2747 6123 7875 9556 4639 1030 6020 5881 219 8108 7327 8376 6416 7985 6343 5315 4591 5958 1465 564 3199 657 6136 1832 7035 7638 6909 5606 4793 9289 9173 4245 5535 9747 4399 9349 1085 2116 2200 1697 6840 5861 3174 8317 6754 1559 2809 5544 8327 5713 5868 3008 8353 7713 3396 7817 9552 4236 6047 3427 8181 5089 4688 1058 6736 4255 9231 1306 500
116 1953 6887 336 6615 3391 8539 3962 3674 1031 5158 2935 2652 6425 7107 5017 1006 4653 8322 1138 5975 6931 6594 9697 4359 3329 7119 9815 9745 7141 1163 3104 242 2658 2321 6144 7899 9716 9072 6538 916 9060 1929 1575 9081 2861 800 4713 897 6867 836 5191 7402 7994 1220 5999 2185 5529 9294 4297 5486 9361 2275 9488 1956 4019 2140 9549 9808 1424 762 1473 7468 1041 1304 3304 9766 176 8672 9614 6428 9443 2661 8656 104 1102 4950 9530 4953 1795 2638 7741 9014 9969 5495 8462 1604 9659 5706 9984 3590 3869 1455 3038 1289 4286 4646 226 8194 7375 2889 3096 5227 83 7478 5638 3835
115 9253 9321 9859 864 7098 1809 2649 8638 4335 1212 9590 1446 7711 8673 6688 4191 7914 2787 1896 6320 8000 635 1125 2800 1932 8983 7765 9500 7394 570 3303 4866 4406 533 7183 8348 2978 4806 3538 7156 5784 9105 7188 8420 3250 1825 7744 4331 2305 7280 5201 5187 4537 599 1683 9893 5390 729 6368 55 369 1806 2480 85 2967 9631 5475 5159 2802 3942 2781 4497 1845 7490 9206 1850 8207 1196 7965 8364 7335 8629 6672 5919 1899 7211 8966 585 3226 7451 156 9442 2125 3949 3899 7310 9769 171 4479 6264 1610 4842 7126 3019 4787 9949 6346 9802 7643 7964 2612 2408 4017 261 1606
113 1468 6567 4738 3858 9620 4817 1435 6145 5263 2417 8574 5422 8522 6286 6241 8126 4720 1191 9667 2760 7877 5991 7759 9059 5857 4390 7372 471 4552 1725 982 7862 7859 5773 4248 5737 364 2980 7991 436 7376 2299 1980 5520 8660 5816 1751 9830 723 316 157 3238 7221 107 1731 3566 50 4893 2239 8800 5518 7849 3157 4758 3289 8979 9888 3013 135 6510 6146 9327 2293 9688 9116 9427 3859 460 521 770 8952 5966 2115 8732 9003 5155 5907 3436 968 5329 6954 4251 8447 8460 1010 9428 5129 3381 9054 7299 9742 2389 1290 190 2870 1732 515 2693 3204 4977 794 7304 3774
122 6556 3777 5267 7504 6266 2604 3442 7266 1743 4127 8304 1747 3712 6082 4187 2252 6119 9300 2636 7838 8330 3509 927 4520 1934 3718 673 7120 126 2270 8667 7322 1307 8857 5432 7482 6629 4055 1591 8900 8989 746 9403 608 1917 1330 1977 8516 8648 3620 4243 2596 9874 1218 1069 7854 2083 7066 7841 5 2681 167 8566 7917 6431 8709 660 8018 4480 1049 6899 8481 2076 6976 9248 7521 8821 9767 9801 6306 4073 935 4682 1562 8735 4979 6184 2844 5016 8493 101 5039 9998 8661 5282 2860 6664 1206 365 7437 1640 8027 488 7000 9820 6675 8483 5869 4175 8543 947 80 7691 2856 2463 5657 4048 5454 5119 468 4088 2741
111 140 2474 3366 3946 2335 5700 7932 3300 8386 6809 2888 1308 8366 3229 840 7647 752 8607 9392 96 3131 2865 2606 647 5813 8851 4753 6541 3692 8151 5516 3217 1151 2470 6994 4794 1539 5565 9027 977 1059 3033 8290 4831 4673 8866 4568 5589 9621 5252 5939 5895 5255 9494 1871 9497 7797 6442 4488 1694 7635 4451 6237 5302 158 6858 9400 9156 1242 9715 9619 6389 2006 9978 6239 9980 741 2359 6696 1387 1015 5122 4529 9640 1318 8679 7421 2370 3030 5438 940 6309 2061 3875 1514 3754 6755 788 7020 1187 1347 8338 5411 8595 901 4445 9155 1565 2538 5298 827
114 2743 4433 3176 6643 2357 136 771 934 3168 2615 4570 1456 815 6443 3160 3736 7830 9842 33 3833 3426 7493 4139 639 4171 6040 534 3162 2739 5781 4084 4336 8819 2778 7339 2601 5037 3884 3787 1 114 1359 4914 6990 1966 343 6870 4274 2777 5625 1407 307 89 7558 7351 8674 7129 3070 2078 9942 834 2349 1848 6855 2259 2609 2477 8646 9029 8105 5776 3286 1698 6070 8740 8325 9051 668 8113 7524 9228 3629 6656 4145 6104 281 9199 9148 3347 3794 4848 3760 7855 3416 9566 7582 9220 4319 9780 7474 6716 9679 7446 8115 5845 9708 7640 7413 6742 3813 9594 1827 8400 9996
120 5798 5413 6927 5042 340 7395 4138 4442 6844 7173 6158 6695 4534 5860 6894 9474 549 5710 5264 602 2054 2219 269 3249 4785 1904 8160 2675 9319 3134 1034 7237 7352 4981 9931 1541 353 3064 7787 1890 6420 1302 9674 5063 9376 9217 9736 7262 5961 2563 400 2324 2377 263 8535 4875 9136 5823 2901 9352 1532 2048 9983 6543 7385 2038 2475 1491 7588 1534 6788 3577 1132 4884 3470 4023 5766 5388 4373 5664 4305 1204 767 677 7727 8171 4089 1975 2566 5394 3958 4475 8272 938 331 7166 4026 346 8350 450 625 9845 4940 9451 8974 9797 8571 8291 4584 9368 6194 5959 2464 8738 4906 5753 9551 1019 5605 8033
112 9712 7655 3905 8487 9236 7075 3847 1918 2339 7884 2280 1957 7238 9855 9456 6984 7641 6115 2443 3741 8268 3926 5736 8808 301 5272 1240 4140 36 4315 1154 5435 8642 4388 8921 6118 358 5490 2240 4723 4930 1546 641 6803 1531 5698 6077 3789 4142 2429 4894 8904 7853 7863 2943 8984 7138 5668 5389 9292 1692 6202 8335 8964 6701 4212 3661 5747 3671 3061 2296 1376 1760 7975 8909 2992 6514 3709 9024 1439 1144 5327 2627 8717 8136 5608 8144 3360 1721 8257 3058 8884 8811 5607 8358 9662 344 477 3898 8832 7543 5262 109 2129 5856 1167 5398 859 6052 7499 636 5481
120 5061 7786 5410 6073 3234 7077 1569 5470 3742 7355 2761 5931 9252 2837 2222 1070 4199 6789 6379 1168 6259 8968 9473 14 3788 7363 2965 1368 923 8747 7230 5417 501 6802 5253 6357 1319 3631 3578 9071 9170 3601 4034 3424 1195 3576 3593 9346 6460 8120 8383 6951 5890 2356 2699 9478 6308 7337 4478 2848 2974 3414 3740 1480 2411 2030 8876 173 2549 7369 2831 2057 7346 9393 5404 4561 7962 9251 2261 1213 1874 2687 4167 7674 2210 8139 8286 5317 1127 3665 9602 9326 3902 8976 5733 616 5311 9806 1578 630 144 4749 3510 1659 1563 2587 5165 7703 1016 818 3245 9642 8081 4563 9216 904 9811 4111 2683 567
121 448 8082 2037 1667 1428 4027 7115 1329 1858 5877 8193 7268 447 1453 2620 3112 8842 4641 294 3252 414 6168 6828 3527 466 3239 688 3972 7389 2886 3124 7776 8230 8129 6563 151 8663 7086 6274 1076 5609 874 2251 6325 4636 9390 2401 2179 4823 2883 5778 5522 5992 371 8696 3820 6767 1243 546 5837 1865 222 2794 772 7370 117 8357 6550 1594 3214 2362 7756 1082 4371 6126 7924 6807 6750 4321 5343 7271 3151 3761 6196 2614 9124 7622 2131 3866 1227 3115 7247 7216 6779 7359 6085 451 3373 236 3032 9466 9364 528 1605 2740 8182 8231 5524 9839 9702 5674 4647 8351 8061 6066 5352 3602 5604 7949 8118 7534
118 5756 8950 9957 568 4308 3307 2762 8011 1568 561 7940 1288 9546 6109 8355 1342 6288 271 8812 6344 3814 7983 6240 7847 1592 1782 2657 2187 2487 1380 2685 7130 9341 6299 1267 1547 8277 808 7294 25 3924 223 6157 1469 1728 8662 46 1012 5643 7677 9322 9193 7040 8367 5161 2816 9044 7865 1643 3642 2595 2776 6319 8288 5684 2358 5346 906 5233 6447 1766 5984 8838 2312 6468 7736 7721 7864 866 7235 3457 9821 5464 9182 7681 7293 6106 7045 169 8037 2970 4733 2522 5452 9333 4964 1363 6682 3137 6185 1400 3139 1477 502 4360 491 7768 1350 9454 7118 2950 4184 6929 1995 17 1715 4092 175
122 9513 9905 8345 3771 5391 6258 6947 5429 9943 6396 4160 1422 3872 6940 6793 2537 339 2763 3208 7631 9986 2160 5059 2170 9847 9445 4351 8507 9470 9123 5471 798 1495 1599 9464 6348 5743 1040 7435 1835 2367 9503 7398 4886 2954 7017 5783 2897 8289 871 6112 6883 2243 8189 186 4574 9586 1941 3035 8589 4531 3724 3830 1003 6655 5695 8223 7996 6836 8765 1938 4674 8540 6854 3213 3883 2294 8418 9219 2812 3222 8089 9779 6056 5002 2165 855 5331 4440 1207 2637 5971 1821 5537 2220 9672 285 5177 4865 1863 3780 2651 8995 2079 5083 9077 2570 231 4829 5312 8531 5116 9829 6174 5859 509 3109 4629 5749 8859 3606 9903
116 700 9595 2343 9296 4384 381 2233 4106 2535 8761 2565 3795 1354 674 4377 9067 9329 7448 2292 1488 5701 5911 2247 3494 1174 1497 2589 6522 1810 3930 4125 3348 7642 1817 320 7004 531 1159 3821 204 3759 1000 7858 1985 2773 1109 4705 5727 748 2427 7912 8939 2011 5530 1873 3874 4528 9097 7244 3556 4220 3200 5723 905 1490 8720 4116 2354 5822 6819 3075 9587 4186 5162 5455 3726 9389 1923 8023 3003 6222 1669 182 8068 7972 2847 7314 3832 3921 9981 540 3943 6632 7755 7105 7215 9320 8547 3375 9932 1641 551 5711 714 7360 16 7544 1214 3989 5973 1393 9098 267 896 5173 1533
118 3225 8514 5459 9323 1695 2544 5865 2985 990 8130 9446 8928 6267 4582 6568 2956 1922 7472 3072 4177 7344 9405 6516 6013 9207 6863 6591 7831 5960 2471 5240 8187 4815 3184 328 3974 9223 7842 2806 8633 6065 8710 7177 7440 1433 8152 9282 6595 5446 8059 7348 7536 349 7611 2542 2855 604 8782 1208 2311 2418 8947 6421 5906 7993 329 2746 1341 2138 2416 2246 3651 2583 4205 2969 7325 7546 2611 7813 9256 2047 3432 8248 9005 6810 7547 8279 7442 5224 9542 210 4838 684 8180 7748 837 8413 4172 7913 434 1202 9162 9584 712 8371 184 7605 8135 3914 5810 1283 4980 7319 4418 3395 6022 8380 8773
122 4706 4777 7371 973 3337 3882 5443 8145 4450 5458 7200 5630 4163 5107 5332 3092 5916 566 9596 6397 9063 3744 2113 4510 547 9261 413 8503 5232 7426 8706 3284 208 734 2526 7766 5286 3475 4745 9948 8902 4415 5383 7619 6429 4637 5676 213 2097 9963 3864 2670 3853 7497 5273 7671 3770 4608 1579 2018 9087 2973 7068 7891 9324 5250 6381 9946 6160 8509 9354 7070 5488 1276 3913 3149 9050 1620 981 8494 6845 6530 5782 5981 4590 6465 485 8102 3935 3965 6128 6177 2169 9006 4105 4798 8066 1526 8169 1485 61 7257 1395 6735 717 621 9264 1292 1184 129 8485 4459 6457 7706 5738 6232 6380 2825 2906 9492 9047 1392
113 1198 377 9925 2991 4013 6212 7462 9487 4455 2150 3583 1101 4431 7175 8100 3113 969 2244 9873 2234 404 2644 5577 749 8414 8073 22 6757 2634 3515 4881 2737 8109 5097 3122 9520 9328 7773 9335 8337 8762 9730 7272 8802 9805 8243 4542 9878 6977 347 5350 8006 2909 3734 462 7387 5567 3672 3691 7112 590 9139 9281 8138 3065 2388 2096 5863 4090 6618 8577 6566 1024 2402 7551 5358 1804 9724 7274 4691 4572 8556 646 6895 7307 6639 2361 4885 253 6005 4365 4496 1258 4369 9990 4070 8541 587 7902 2869 3067 6169 3449 4548 6474 9643 8825 4276 6244 7212 7669 2765 5583
122 3860 1095 9968 3895 8208 9887 9685 4066 945 4098 848 3256 5894 6216 4174 4837 4551 5647 7685 6529 214 2114 6631 6504 1734 163 3735 4414 3912 7980 4559 3660 7663 6558 470 5949 3490 1025 670 1877 4695 237 4348 9152 3317 1926 9221 2646 2641 8301 811 9831 6345 2839 8014 3662 9424 5807 7220 4265 9906 3570 8110 768 7530 3502 7229 3688 133 4474 2080 7712 2163 395 1513 761 4655 3554 7537 7190 8583 2002 8873 6613 7717 6519 7873 8344 3499 1857 1571 6955 9664 1427 7694 7165 5993 2508 2375 5978 8266 7762 6920 8510 5460 3190 1027 405 7324 56 3608 9885 683 5306 5677 4701 9836 8123 3269 7012 2035 1390
122 6268 7137 3434 5502 4131 4652 8542 4955 8714 5566 9119 2814 966 2448 4341 4133 7323 8153 1935 7483 4050 3340 1914 2832 3400 2772 6490 1417 9188 7959 8881 3068 7149 5268 3558 9798 5140 7432 245 44 1263 2751 2081 9108 7658 9825 2929 5148 9581 8422 486 3854 8919 1091 2734 4149 596 5542 8915 5453 3782 9914 6521 6340 3224 4424 1629 5124 6651 4035 5199 3088 348 4284 8480 9544 9582 5099 9870 5909 2852 1611 9375 8697 1969 8131 1005 7254 455 1408 5928 1462 603 9916 6930 7470 5145 5293 6509 5847 651 1111 5151 6484 6277 9670 9686 7185 6774 4630 7646 2322 2678 1712 9177 5709 8643 9750 9959 1755 3240 1964
113 496 4986 2108 6114 9758 9436 4756 4330 2325 4879 5899 2458 4291 9484 5509 1055 8718 2003 2817 4544 8694 3130 4687 5797 9280 5722 3592 1284 2807 1374 9507 2149 4237 147 1148 1021 4437 9786 3464 3221 2015 1596 3046 9514 539 6166 2371 6751 4443 5494 1233 2934 5412 6891 3790 8092 5496 3147 7278 7733 4161 961 3525 9167 4922 4782 3055 4329 7816 1441 4486 3880 8382 6924 7971 9632 9714 9175 5004 9178 4094 192 4556 7013 3388 4461 6297 5547 9238 4382 7152 3630 1907 5347 8296 1750 1726 2843 5142 5660 1369 6209 6691 7897 3283 4779 1050 9920 2451 2514 1106 1123 3910
131 5203 6110 3624 6959 2075 6975 235 8910 1739 1256 1663 7970 4683 2656 2237 362 3893 8896 5049 9496 1813 9800 6741 7570 3000 1346 4069 9658 7452 972 3044 5341 9553 2064 9700 628 5667 9876 9772 7686 2499 2102 1262 3142 6497 8912 6206 662 9117 196 8299 6298 2483 8320 6679 494 4592 7698 4376 8618 3587 4463 5820 3753 482 8923 6372 2645 9624 9247 9419 1471 7751 2823 8074 3480 9358 8940 4654 2898 7438 4527 7457 9468 7198 2519 3171 4389 6012 1783 9365 9187 9291 6777 2180 8870 8165 8443 1647 8608 7412 3574 7769 8729 7306 3767 2619 6477 2726 7803 4403 2279 5310 3461 3530 5181 359 3508 4047 8046 3473 9937 4032 5508 6665 6849 8994 4387 2928 4685 1203
111 2338 4185 6078 5261 6783 876 2820 5734 8505 7481 4259 7241 8402 9663 7418 2199 7379 5280 4681 9875 5775 5858 5623 9112 2012 5953 7217 75 152 7758 8681 852 8103 8384 2838 427 8645 6361 1351 2022 3422 1375 1225 9491 1044 9061 3183 2284 2479 4543 8690 6625 4553 9293 2512 5901 4740 3357 7078 6593 2600 7058 4204 1931 7284 4234 4623 9900 5186 4118 2923 2827 7852 648 6588 4362 8880 9717 1724 7925 3581 5944 4689 9250 6580 774 9923 8572 5541 5579 5724 1816 4774 2088 718 2146 7709 5397 7381 6748 7688 4844 9100 6069 3664 8680 2060 6089 3367 3009 5217
113 9372 7577 1451 6470 2959 7109 6654 6898 5512 9299 612 4213 4967 8615 6117 449 4859 8601 799 6545 4264 9827 9683 3111 9021 165 5073 5759 2291 1996 3551 8814 1776 7628 3841 7473 1121 1183 198 2562 4320 3099 6337 5228 6532 5361 9214 8473 707 1588 3668 4493 2955 1880 5200 4398 6531 5506 4100 5364 6388 8463 522 1505 9378 5892 7459 3294 6597 7615 9592 9995 4698 790 5925 3756 3165 2103 3179 6208 5580 1510 5053 2664 386 1209 5354 1754 7242 6195 8363 8346 3451 9644 3408 7829 131 5792 5384 6466 6830 6124 9746 9462 5485 914 7423 6332 782 6473 6351 8883 6798
126 10 5325 7556 9657 4935 9230 666 2705 5717 297 1172 1042 3804 7963 3856 7898 1989 1155 3839 5279 5208 2000 571 3838 4580 6043 6037 3505 4998 769 3564 7957 3597 4939 958 6756 6886 2730 205 6584 1463 3290 4146 9460 8865 4769 6702 8318 4240 5164 250 6628 5081 7710 5314 7616 7652 7896 8491 8734 6916 7512 7460 6314 8035 2933 9026 3819 5838 9927 8340 3669 713 3752 3140 5010 4978 8554 7084 525 7506 2669 9761 7463 4137 6903 1958 9215 6768 2874 9371 708 1314 9410 4757 3710 5678 7967 7328 1224 4064 6622 1960 1181 2721 5281 9408 224 3021 7270 6456 6231 8091 2488 4471 88 1855 99 9229 8215 8996 6478 5058 1364 9387 3488
124 7559 6464 4383 1900 6000 3335 5972 1185 1939 3689 9838 4976 1866 6045 279 9826 5994 7239 1437 6281 8378 516 8332 9650 5815 4732 2191 3516 5338 8056 6841 7950 4716 6946 1254 779 4487 8022 3409 2040 6871 8684 4538 3001 8077 1854 6585 7810 9668 3439 7754 9705 2403 6944 3078 7484 5236 3073 9093 9804 3036 79 2188 9701 2660 2490 839 637 6127 2504 9467 1814 632 7702 8581 4270 2723 8007 4375 4877 9622 8504 3423 2425 2988 8829 8381 8457 2297 631 1211 8093 7436 3279 3370 7872 867 9161 6438 7301 3818 6257 3706 7507 7386 7467 284 5184 7063 5853 3212 835 9585 5806 9345 6026 7808 777 9678 2218 795 745 8517 8084
118 9274 7377 2387 6058 4257 6964 7091 4117 8078 5111 1796 9743 9649 3719 7439 9718 7851 9600 6540 3253 4725 6404 6192 1648 7542 1476 7172 2925 3489 9079 6075 8428 110 382 5048 9755 6957 9203 5386 9964 4076 240 3129 6245 2531 1002 8550 3723 2013 3057 8472 1585 5123 5115 1951 9675 2042 7142 3927 9332 9086 8548 6837 1689 3956 7209 3218 6068 7720 5160 8172 5303 9824 8399 9265 8354 5755 8042 5426 6633 8609 9312 8537 1767 355 4751 7234 6446 4386 8555 327 4569 9434 5550 7267 7599 6850 6063 1984 948 9891 8263 4942 3698 8359 3376 2027 719 4324 2799 6866 2424 4426 7114 4532 8791 883 2090
111 4229 6151 6730 4252 7150 9025 5536 8850 7692 3573 3102 6448 2020 335 7673 9799 2310 5558 7695 6165 8201 3655 1345 9394 66 691 6023 6641 3816 1529 1677 9554 2135 8141 6099 7014 8524 93 2265 5501 5554 9982 9550 1581 8025 7456 1074 5258 8659 5292 8818 1733 5884 8551 4272 872 1752 2253 6642 251 8423 6988 6794 3812 3127 1340 134 7374 7815 3278 6707 7987 4273 4158 7182 1054 8557 4472 8833 3275 7095 47 8525 3398 4661 9459 5082 1535 2631 8908 5751 1310 1723 3737 6017 6500 2352 7085 3004 4517 9971 7236 2236 6644 8704 3006 5125 5428 3236 601 295
117 3991 6601 5849 681 4781 4395 3968 6394 8451 6414 6269 4891 2137 3330 5326 3852 6410 623 9455 356 6915 6170 7290 273 6958 498 2023 409 1831 4800 2764 7471 5265 3806 1919 9272 6278 2784 4963 1411 3334 4954 4325 7047 2717 4439 6982 1285 2571 8313 2177 9181 4825 3048 5545 650 456 1771 4193 6130 8309 7187 4164 1179 8170 2303 5166 2556 5850 731 3634 2876 239 7620 6661 3025 3117 6834 615 4616 5229 7072 1561 8466 9339 5294 1819 9535 751 8297 1883 9525 2285 1083 2026 6253 9988 4091 9792 9645 4101 3940 8901 5468 5028 4454 6846 7160 4192 4495 1157 6907 5434 8002 68 5086 6922
120 6518 4717 2650 5126 9305 164 6635 9958 3326 8772 4206 1802 4993 4913 9174 5007 6900 3374 736 6307 1385 3133 5035 5372 2725 1668 6377 9184 3430 9534 4025 4394 6890 4318 5947 6948 5560 9080 7302 9999 5205 2819 6092 1466 4372 6561 5699 2426 3207 3941 3739 1066 2373 5214 4449 1693 2242 7612 7623 3870 9486 3066 4165 2695 2105 594 8703 9395 2700 7513 7539 5880 4327 8083 128 3201 9857 1589 2067 6666 9450 7087 4736 4797 7518 5336 4194 3503 857 8699 1180 78 9504 2111 5295 401 81 6571 1864 7124 4077 6315 423 9837 1141 9260 4962 1056 8333 998 3405 4607 9383 2617 3308 9166 9725 6673 6424 9017
110 514 6152 4481 9336 9910 5932 2560 8934 8285 1409 4549 6352 1247 2260 1271 9133 177 634 5941 1840 3159 9435 9268 6161 2541 4466 6936 9480 5659 7273 1906 613 3146 9132 8188 1312 9651 7163 8798 4156 9196 9201 7601 9568 6979 903 3728 1406 2107 7627 9226 228 532 873 5020 5752 1100 1818 8578 5814 8597 1537 487 5056 351 8040 9524 1053 5182 5855 8258 2331 8427 3154 1426 4665 1457 7574 3484 1729 4062 1105 4349 7953 8477 7699 3472 7226 7947 9934 6528 437 8500 5207 3585 4190 8930 8228 1590 1075 1273 1140 6263 9431 2972 5956 9493 3673 6620 3961
112 1762 5230 7367 2979 9032 2665 9266 4961 9898 1856 5330 8789 2554 4209 1377 1251 2632 8926 7651 4313 3482 9034 2995 6055 5790 920 8977 985 1710 6402 1156 6949 535 1949 119 2085 1215 1550 1436 8766 5945 5821 5575 7208 8899 4188 4870 675 3231 8198 6392 887 4157 9287 9634 3537 6015 9012 8437 4752 4609 4928 7477 4007 2274 6882 3177 7893 7261 8116 1349 3288 8019 8442 9788 2405 9502 2213 4826 4292 4822 3100 1910 6441 1165 4951 6458 7127 3612 1686 4873 1662 3764 5633 4130 7246 8530 5221 402 2815 5499 7041 8841 2460 4602 1415 7342 6517 6935 1305 3155 8064
123 8619 6391 9062 4068 8300 581 8087 6356 1120 1849 8440 1367 3262 1645 21 5721 4119 5283 5085 5018 3678 2302 2100 2792 6199 5285 8892 1749 4615 1327 2404 4436 282 6989 643 5179 3198 5180 1633 6469 8809 5226 7918 2485 5996 7614 7549 2380 5933 9 2363 8641 6806 1572 6292 1135 1888 7287 7740 2258 7637 9343 8649 2452 4814 379 7580 3966 6865 1460 8316 7960 2168 7168 7048 5024 3444 3266 1334 9894 7573 2553 2171 5192 2659 9242 9989 2430 7136 497 6432 4173 367 7607 3209 7036 183 7881 4995 556 7416 1545 2492 5353 8991 3950 3840 7502 6723 280 986 8858 410 8224 4226 1912 8700 383 9240 819 3108 1527 4658
123 2226 9653 5128 1714 8515 1269 3810 2930 3591 4535 8282 4198 9711 3993 7535 8024 5854 4364 7514 4448 3995 179 19 8951 4061 614 7193 9506 725 3052 3596 4072 3080 1475 7207 8942 122 7704 3855 8961 1338 2206 4452 4258 1971 1837 715 5977 3220 8733 2397 9703 6191 9106 7579 7206 9677 4819 4670 7843 5139 3493 6072 1430 8803 2123 7001 3988 978 7565 1001 5705 7052 2578 6010 829 6423 8871 843 2390 5917 3453 2072 4712 6411 259 6667 8050 9120 387 2136 6499 8862 4634 922 2696 4991 4020 2881 5321 2126 9430 4262 3567 15 550 2446 7956 7443 8944 2993 2804 5926 415 1707 7454 1313 2780 9641 1902 6792 2735 2769
115 2593 7312 592 4830 6877 9353 1444 3778 980 2414 1419 1525 1688 5138 5243 4764 5595 3313 506 9438 2393 9915 5011 2158 9862 6415 3034 6074 7329 523 3732 2415 4972 7629 1130 4667 7461 3258 2505 9828 24 5114 5672 6054 7133 5997 6333 7210 9607 4506 8669 5239 1205 2753 4846 8570 8526 1583 6815 7400 4470 575 206 5247 5029 8222 2151 5957 3815 2044 6051 2010 5801 431 9593 8878 2217 6450 4224 8978 1736 2625 4031 5333 8010 2032 4250 2671 380 5923 6559 2207 8953 3879 869 6739 3254 5427 9211 4564 2148 8786 6769 6417 3828 425 7650 2422 5242 9976 2592 1260 1720 1665 5316
110 4596 6685 4808 8948 4350 3241 4374 9374 1916 3356 1574 4358 4215 1786 3676 5144 6220 6728 6888 2399 4684 7347 2496 2268 9022 6143 4396 3299 3141 1867 8752 7519 988 9637 9122 8822 841 3203 6138 7693 6395 2323 3796 4919 3354 2854 2849 2690 3399 5376 2031 4485 1673 7132 5133 1757 5510 9965 5032 1017 9560 4708 7778 2486 6205 669 1328 3539 8311 6472 6602 2051 8053 9598 27 8845 6564 2633 1876 1192 1973 5764 8856 7388 440 8758 1298 7111 6658 9234 9966 6611 1861 7104 2952 4524 6637 7184 8409 2176 3311 6310 4845 278 302 9423 8054 2552 6172 1844
116 1744 7775 6226 3604 9635 6080 7037 7179 120 4231 2964 7903 3281 9768 9636 4956 9475 8495 529 8929 7968 4511 8777 4122 997 6893 2757 7154 9055 1779 4836 7318 7422 7404 6198 8323 1884 1324 9373 743 706 8925 7334 6419 1651 1654 889 7406 23 8429 5491 2469 1286 9676 7202 4381 2880 1272 4247 8670 3471 6956 6491 4012 2315 3969 7330 2643 2447 1238 1171 4322 4952 3917 6186 6713 5818 3467 4711 7143 2655 1199 4042 2121 6808 5830 7682 950 8891 4803 4097 8617 9344 3836 4275 3101 9974 8580 8874 5744 9134 1117 6677 975 5096 2351 846 153 9902 2894 1911 6503 4408 5320 2205 174
122 8610 9180 831 3412 8927 5031 9764 6997 2532 7081 7431 8045 5379 5299 2931 6829 5889 7248 5290 8769 4261 6290 4618 1672 3285 6042 4233 5561 5500 5323 8 7424 1598 2467 2872 4227 6009 6093 9249 3002 9298 2590 4115 578 9074 508 5593 8213 2585 4425 4555 6044 9848 5215 480 505 3683 8324 806 7552 3807 1553 2540 7886 9380 95 558 1937 105 3103 4657 2084 2715 7181 2574 2132 3244 9334 3725 2094 6693 2317 3277 9304 7295 4700 5174 3271 6163 8499 4063 6708 31 5624 2016 2204 5896 2775 5100 2759 686 7250 2273 8780 8875 4898 3897 6024 1057 4799 5033 6539 2918 1551 7604 8253 8637 441 8038 3126 2921 7100
125 1702 3848 2859 1032 7361 6533 5526 7427 8922 3817 4267 8385 2996 2045 4159 7625 9545 5568 716 8328 4627 4303 3445 5436 8513 1968 9890 5211 6747 6121 417 9850 7308 9694 8815 7125 6027 5866 6285 2676 7636 2385 453 1512 5057 9042 4929 9940 4523 6623 1362 3829 2043 2668 9396 9444 1805 2498 4500 5202 8273 1737 4086 678 385 7560 8584 8553 2834 1815 8191 9713 7065 9737 4643 3971 1696 474 6487 7441 8562 2835 3868 3919 4874 5210 1079 1778 3802 4183 9693 6467 3981 6859 2454 8545 6725 4353 2919 6630 7444 3607 6265 70 4435 8434 1094 1320 4316 7726 1045 4718 8217 8267 828 3320 5974 2069 4429 7224 112 3270 4619 2099 7946
117 8695 909 2366 257 1609 97 2276 4420 5927 2466 6459 246 7391 5955 554 4473 9257 3014 6825 6624 5439 352 2513 8065 9721 4457 2824 593 1674 4744 2438 7397 8185 9835 3050 591 9309 1493 1803 3 3798 9023 4120 753 9191 2230 32 1528 3380 2771 9563 2948 1470 4112 5241 796 2459 2412 5026 8768 6638 7835 6581 8459 2369 9360 8981 8020 4430 1839 5334 814 6983 5074 3336 3085 1666 8676 8410 2639 4060 8654 6967 912 4832 8095 3595 7135 7162 288 1617 8044 2895 9625 6189 2982 5456 7296 8175 6248 8760 6832 3586 7657 4642 7022 5235 6227 2907 2706 8159 4734 7353 8484 4136 6799 5578
127 6821 4897 1008 2684 6105 6197 2914 3328 1366 392 2161 1173 9308 5795 7934 6139 3929 6434 4326 4588 7315 2724 7826 1405 1646 9318 399 1118 3144 7528 6992 7225 5739 8869 7538 8785 9639 8071 5771 620 8751 2722 5270 9762 5511 8030 7578 2439 3202 6640 9040 7796 9404 797 9861 138 7099 9099 8003 4232 7231 8424 7515 6335 2476 5420 7814 4571 1709 952 5365 9970 4807 220 3857 4792 3364 8691 5576 2927 5988 2455 4102 7969 6872 6116 4253 3851 8255 5666 7219 2842 7285 4441 7774 9258 7396 9483 3123 9314 605 3150 5012 3536 9089 3603 1295 3322 5998 611 899 5045 9348 2300 6275 3776 3477 8106 7366 4862 108 3998 7326 7666 3792 7364 2301
121 5067 4852 1808 8271 8321 445 1190 6523 5741 1584 1236 4767 6605 8650 5645 2579 2134 2122 893 8498 3246 5465 5014 4907 6279 299 6800 3332 7878 8055 6390 6338 4337 8134 944 5811 334 3681 9002 2939 3413 1343 5102 8863 6242 5914 7986 5726 7038 8886 4597 7082 3417 6373 5758 6766 7929 4668 1353 6236 2756 5362 472 454 8417 8839 1232 1401 7955 4892 832 822 1889 5840 849 7901 875 2245 7338 8602 8339 6782 256 9539 3623 9490 9692 5357 8259 1450 5278 9733 7837 6945 3063 9972 5787 6692 1297 3980 8956 2201 1280 6548 6203 8624 124 8307 4910 1090 6003 6816 1115 1291 4968 9962 5169 1161 6098 4560 1548
119 2277 4271 1317 2221 6785 8166 7281 5038 6773 4721 7723 2124 919 8757 7942 1389 3495 8421 9508 2594 6657 8801 5223 2997 665 8086 9254 5969 2789 3296 6513 2945 1979 537 2688 4990 8251 7492 2392 9317 9909 4801 7581 7527 9735 1383 2962 172 139 6366 7073 9094 9192 5748 3722 43 8521 8831 995 2608 626 1679 1496 1063 941 7094 5064 2698 5507 8155 8079 5584 8237 4992 9867 5218 2428 1126 4901 8776 9611 7171 2309 1136 4796 6804 7494 2391 6270 8298 9573 2055 9956 2383 7541 233 113 3027 3878 5093 1634 9418 3667 4378 1785 490 2017 1088 2395 2779 4651 7760 2893 4640 6687 4908 9770 6097 7030
120 7176 7140 2442 4152 5444 9570 1464 3715 191 1853 2406 2994 420 2434 9413 930 1326 4503 3694 1851 7944 8235 292 5324 3358 6247 9608 3948 5257 6108 3677 4783 9271 8281 5929 5681 5694 9561 1522 8575 8955 2803 7961 5400 2154 5204 6703 7180 5440 6255 2478 118 9738 7026 6650 7158 5812 3323 252 3529 4918 2098 6697 5130 2702 2456 7121 2884 1234 5777 6444 3392 8963 9638 642 778 287 6407 9195 924 6367 3116 3015 3679 3143 9439 8960 1878 5216 4576 1913 3569 7053 5873 5276 4936 8446 4000 9382 9517 6164 7393 8406 6426 9579 7288 5569 6599 7116 7954 8582 1713 3682 1978 4727 2520 3670 170 2936 3746
115 7724 1096 3164 4283 7195 3785 8449 7764 2156 6918 2961 511 6120 0 776 4367 5720 6217 8914 8232 9477 8283 2733 1494 1530 416 8094 9709 5979 5685 1231 2795 7218 6034 9977 1223 8882 4404 4855 6874 2238 3877 1166 1718 679 9267 4899 2607 9004 7737 5937 6968 1703 8430 3992 7117 3641 2990 3401 8393 5457 3024 3613 8788 7931 1727 8796 2697 7624 9866 702 5616 1787 5673 6502 7672 9016 943 4482 9337 2866 4997 9606 7080 2885 4585 3982 9787 1039 8016 4824 2623 9197 7425 3037 9476 3628 7455 2629 1557 8097 3232 5213 7818 8080 8388 8450 1500 8895 5805 1644 4812 4180 2577 6386
116 9522 6722 3438 9623 7977 4052 5761 784 8840 9103 5260 2597 8544 6400 8252 276 6313 4228 1274 9882 4920 2550 1602 3293 3093 9610 5883 8220 7453 5489 9919 4401 5563 8490 2877 5373 2599 6440 49 4565 4379 9121 9316 2336 2647 8905 6652 8588 9356 1656 1823 2341 1792 4959 1282 6551 4370 9213 1221 1097 1447 9227 7028 7729 337 6876 9771 372 3074 6159 4761 7779 7857 4603 4827 6745 1540 2882 5742 7192 1955 1250 4221 3264 7793 3846 7845 4241 8634 5304 9691 5190 8784 8164 6797 330 3627 8341 8778 8374 2788 274 6938 4748 2766 7522 7771 1110 3649 9283 5922 2976 9790 7203 6021 8864
112 1992 1145 7594 3907 5942 2271 5651 9186 2227 6327 4217 4644 960 4880 9518 8569 9997 667 5060 7915 1509 7292 2278 4225 9975 6046 7943 476 4462 9929 4323 2910 5521 5597 3654 7008 3107 5466 3386 7974 9218 5288 1169 7649 781 1013 6276 8114 3975 9279 8779 3292 2024 5103 3797 7243 2903 619 645 2899 9347 5344 8888 1759 2878 6359 3301 5478 342 7356 9301 6182 5393 5656 1489 9752 5423 5828 4917 1944 7031 4540 9263 4675 3531 2810 3077 9039 1722 1972 8479 1064 6737 121 8792 7788 1717 3175 6609 7593 9163 2228 4422 1982 7906 5543 3844 3970 3169 45 5632 1309
117 4760 8830 8225 8594 3711 8101 3363 5189 7479 3161 921 7856 4887 8969 2853 3967 5369 5009 8229 5301 1264 8471 5551 62 9924 2481 9783 6033 4613 7742 6576 1061 6942 5796 8917 9652 9409 8992 9863 8476 6150 5802 8971 2420 824 2355 6014 6318 2091 408 954 3517 918 7885 7103 9841 2189 5557 4509 9935 459 3404 2932 9489 6776 9412 8599 8730 5562 7517 8017 148 1281 4521 1149 8932 9048 6963 3415 7429 6048 2712 5296 4123 1093 4902 1791 2029 5719 2672 6578 1323 9147 5150 4141 3805 2049 6590 5648 1511 4909 5628 8125 9270 2857 3390 949 1479 2503 1777 7227 1998 4533 4737 4975 5649 5582
113 3431 7933 3259 7540 7654 4813 2059 3985 4772 3028 7687 4526 7169 6200 9699 2231 9967 984 9102 1768 5143 5355 7676 8433 6733 607 8336 3136 4912 3973 7805 5836 689 7738 3545 7401 6405 7995 7870 3172 915 4731 2118 9695 7716 7927 8576 8640 9886 3132 7951 9881 5772 3339 793 6974 9391 4456 685 805 2575 3481 1793 5392 4931 2728 6284 7357 1197 4078 7101 1885 407 5517 4107 6999 3743 5915 6813 5106 9572 5449 5183 1193 2586 740 8605 2450 3588 1239 9612 6272 5967 77 2805 2052 1077 3265 2264 373 2 6801 5663 4405 8501 3145 6489 4788 2306 9854 6321 5154 1621
116 6921 9469 804 4547 4357 5874 7529 6323 8686 1108 8652 2957 1216 2989 5990 4242 1348 7148 465 6140 9092 7821 2605 1398 2555 9482 5385 5546 4239 2905 7199 4196 4041 1657 6535 6972 1775 4074 8179 9038 2082 9547 747 1266 7630 2484 1836 7890 5556 6885 6028 6398 1379 2071 9665 8203 5349 7923 5254 4346 5553 5120 3700 1811 9135 6234 9613 2314 6471 8199 5528 9883 2066 4045 4021 6221 7900 4281 4903 7772 5985 4095 8748 560 4589 8183 2195 8536 473 1086 212 6749 3900 7648 785 742 8416 8470 6162 8342 1920 268 8157 2744 3119 6906 6700 5964 4030 9210 6305 8375 6190 6536 536 4489
111 6790 229 1150 5185 3984 3180 3135 504 4927 4741 9125 150 8775 7378 2729 6289 696 8329 3189 1449 993 8221 6939 8538 3863 5110 2065 9930 6418 2092 8161 5249 9091 3686 7057 3450 2039 2530 4356 2829 5631 8737 2419 4438 4932 737 2468 3403 9536 1639 517 5693 6479 6173 9647 2257 8439 7523 1131 8523 1072 3849 890 3523 3685 7049 7828 7382 5642 160 5817 8655 4515 1614 6734 7123 2840 2518 4573 1758 3987 3561 3562 6592 1660 9548 698 9111 5704 6670 5808 2159 3704 6488 862 1255 1870 766 366 7249 6483 7214 7194 1520 9138 4729 7 7368 1382 5313 3355
107 9465 4949 7708 4411 7277 7846 7632 5690 8214 1412 3353 6787 5871 8360 5266 9720 1052 8938 7159 6149 3721 3720 9765 1963 5559 4067 5297 5474 193 6862 9307 8603 1933 3923 7753 8122 4490 8848 6219 9286 3837 2216 7232 7410 8294 6759 3845 868 2528 3750 3976 8254 5322 4707 3560 8606 5450 936 7157 2621 7046 8488 8906 633 9834 3500 7259 5746 6371 6071 2197 7822 2407 1235 4277 5613 3534 2423 7945 4606 3163 4339 7407 7882 243 5484 5921 5950 2350 9756 3291 2732 8826 432 2453 1635 1062 9160 9127 6744 8647 9605 2845 7320 5274 5900 8794
115 7222 4599 3951 3459 4988 7113 9233 4211 5599 812 6301 3553 8743 5891 309 6933 5980 7516 5882 1894 4352 4666 313 5441 7480 9284 6246 9471 3775 1517 8558 5725 9739 4467 1112 5946 3419 3167 2062 7405 3186 8949 9519 4895 2295 1946 4056 3931 7938 7445 8391 5374 4763 3260 2913 5237 7023 3084 9532 2193 7532 3582 9558 9057 5105 6880 5970 7602 1833 9001 1780 1895 5246 389 8247 4594 3087 5127 8726 760 457 2510 705 7609 4805 7186 4996 1458 957 332 3257 7155 7809 659 8712 1769 728 6475 6493 5612 5683 1892 2465 9194 2333 8241 9020 9671 7025 5519 5691 9723 6 100 4759
106 7411 9816 9912 3152 6833 8265 9763 2547 8140 1143 8980 3059 8264 6648 1945 1993 6254 5209 8379 6681 2229 1396 5809 8067 7317 8799 277 200 5503 8315 6215 9095 2576 5794 8012 1965 3896 8817 7820 3575 3707 2130 8844 1664 7531 2564 5688 4299 5615 6355 6969 6698 201 6171 6031 9164 4821 3901 7300 9741 4784 2398 813 6814 7145 5572 4001 6439 5662 8202 4742 7309 41 5348 610 4854 1226 1499 4057 9096 1134 7921 8240 8612 1616 7279 6214 4946 4850 727 4557 3040 3963 8475 2573 6659 4839 92 8455 4280 4332 9030 6287 7833 7785 9183
111 6225 6016 8028 7019 4766 8394 4856 1391 5779 726 5653 4802 7380 2445 5176 6137 9073 7061 3478 4714 2208 6913 1325 9628 5188 7633 7757 4516 310 9609 2536 6869 3611 5342 6709 378 293 2983 1403 6329 8387 5703 8143 8625 5574 8668 7683 3369 8137 2830 9049 8719 6393 8150 7670 722 3695 820 4128 9993 5431 780 9944 4550 3233 5433 8804 5586 4739 2145 9495 720 7610 7097 3506 2433 7548 5131 8173 6148 6537 2365 2719 9437 6619 3842 2281 3043 1653 5745 7153 8415 2561 5852 1704 3273 3384 1038 2364 7469 2435 4780 5708 9288 6923 391 1560 9751 7110 8590 545
112 598 9171 3636 7491 7383 248 580 4347 1626 4010 6805 7032 850 4719 6296 4002 5220 7289 7147 333 4282 1649 931 7067 9785 2975 8781 3272 974 3251 6993 7525 4669 3730 6752 260 584 199 695 6317 9417 3599 9115 5461 2182 6018 266 8623 1699 4421 9179 8352 3069 7561 3615 5328 7228 7384 3622 6743 7555 6847 4762 4293 3609 7151 1859 4044 1373 9278 7146 6608 1538 5729 8506 1542 2750 1608 143 7689 3996 5533 9869 7553 588 1834 3834 1997 9153 3268 9616 1160 2680 3932 3831 5287 4512 1452 1552 4645 446 5641 2202 1841 7414 6908 2958 710 305 6430 4153 2053
108 3598 8039 4601 9140 428 3341 3280 6486 8186 141 9447 6406 4750 7981 3333 6322 7520 1028 5403 8444 991 1826 2713 5570 6413 7739 507 8745 7802 7526 5983 3352 8997 3371 2548 8849 5040 4144 4945 7700 7409 8836 2086 3319 4447 4469 2155 1601 1303 1638 5670 8408 5356 9083 6616 8425 7697 4143 4944 7668 9277 8119 9818 3843 6339 3005 856 3345 735 9501 7634 640 4522 2691 9241 1763 6061 671 8492 9416 3990 5442 6129 28 9809 5954 8031 6919 9728 5371 1073 3680 5363 1442 5514 8755 2580 1137 6573 877 3460 7269 8913 7907 8015 3657 7392 9985
