89 7761 1131 7595 9879 1393 1284 5909 9452 8155 5282 6544 9543 7609 9345 4287 2863 4161 9154 5607 2991 8347 2788 3676 9786 1981 1212 1328 264 7461 5353 6767 9951 8964 6928 6552 1175 9382 9016 2510 8772 4817 5871 7180 5739 2186 5429 5890 1196 6659 5656 6424 2801 6163 1568 8750 94 9219 7101 9475 7898 3499 7708 7522 3672 4721 5245 6931 5326 3534 3326 2411 2088 653 142 4223 5732 838 5627 1480 4994 3041 310 7074 4633 3435 9837 5644 2022 3263
93 4175 5502 5029 7730 5971 9532 6564 9473 6915 4825 2421 403 2680 5686 6108 6577 9197 1627 2085 7781 6721 2165 7635 9717 1715 9322 7447 40 1932 7236 4447 7552 6927 161 4597 7082 4203 8218 756 8241 8563 262 6398 4038 9420 4399 8139 3067 1483 6393 178 3053 7486 2462 5600 445 3364 8520 6263 6421 8651 7213 8868 9354 329 1639 8072 501 9055 6042 2189 9733 9762 615 4716 5365 676 7005 113 8237 8960 6742 4929 7655 5629 183 9044 984 429 6092 1420 632 8239
98 2145 833 8931 2928 6019 5090 8117 3603 8177 5567 5584 9491 9721 326 1000 8993 8586 7721 1126 79 6408 6918 30 108 2832 8940 1595 8264 7707 4406 3769 1367 4555 7109 9924 7936 9123 9559 8349 2697 3635 1240 5894 7167 6711 180 2393 9915 4260 8141 6254 8864 1267 9687 5265 4416 903 3678 1491 1462 9889 5526 5761 7176 8470 8303 1559 7419 8838 4003 5318 6964 1060 3818 4198 4269 8721 8092 6285 3251 1291 7009 4542 5942 2492 7534 6864 8847 6450 8933 3400 2887 16 5122 588 5485 2823 9215
101 470 9723 6502 8636 6182 8434 4121 1447 4270 7661 2681 3749 5242 7356 8028 1108 9347 1326 8565 3523 3614 6604 2536 5983 8824 7226 9815 4482 3038 9323 8449 5183 2818 4949 8159 4846 4463 5657 6051 9135 4898 6524 4288 5812 1406 7939 2998 7166 9818 2067 1055 628 1063 7086 6583 6514 3548 314 880 1260 1661 2738 2304 7373 9245 3186 2487 5278 5394 1725 7352 8339 2262 9218 3865 8452 4669 6417 9825 4312 1901 834 381 2294 8662 886 3135 1257 2084 6290 349 4025 6536 2717 3943 5250 6549 8392 217 3148 4099
101 2108 7746 3977 1280 3344 7684 8111 9100 1242 1622 5147 5370 1318 4321 3016 6030 9870 876 6530 9542 4185 9317 6232 7946 8314 4235 7206 9247 2498 6741 37 8827 8191 1554 2383 9916 6451 1949 1387 4756 2275 2215 1378 2884 9240 3889 7478 4389 1601 1170 3049 2648 771 4502 1031 9289 8176 5133 8238 8251 7782 2831 4407 6047 3184 9046 5962 1791 7387 9883 1892 2714 3014 1900 7164 580 5336 1478 4372 9645 8510 2451 3631 875 3035 1009 2330 8953 1143 2455 5635 7963 9577 9399 8030 1825 8173 9747 299 1407 3356
98 2638 1485 5004 4837 9625 700 3346 6339 496 3368 8685 9234 1258 8357 9085 1446 3795 1754 7234 3413 9845 9259 1040 9454 6793 338 6171 6345 5077 1114 159 1764 9540 2531 5828 4969 3980 7791 3476 4576 3216 9853 3288 1302 3944 3248 101 6798 4100 2855 9336 9018 777 388 6699 165 3584 3171 478 9189 9806 5000 1806 6884 824 4673 7146 1524 7073 7642 6923 4208 2713 4777 9150 6917 6777 5693 8210 3128 7765 6212 9413 8401 5020 2584 5904 1255 4196 9249 958 2447 2534 7464 485 3674 9171 4153
102 140 690 3619 8545 7235 6076 5560 3525 5808 4155 5393 7202 2405 4547 2343 740 6251 100 6227 4143 221 3776 6277 9631 7846 322 483 8395 7633 4781 2376 9722 802 3002 8725 9627 8692 3224 2574 8115 9287 5329 817 7911 4272 9134 9663 4524 7364 6992 7220 1695 7124 2483 1697 4190 6598 1553 132 2154 3595 7810 342 5160 7744 2807 4204 2339 6691 2461 3817 5191 1046 9145 6523 6679 3162 8098 8762 3744 4397 5420 2092 1906 3381 318 3755 3306 8763 5952 8156 2365 1846 2833 3283 830 8070 6532 5699 4595 3823 2091
106 8011 1965 4734 1722 1118 169 808 5124 5320 110 3403 5854 4164 5630 998 8752 2250 9865 5700 6816 3792 3905 1534 2244 3371 6362 8438 1997 8664 7845 1834 57 2265 149 3586 2791 9409 2024 6988 7959 2582 435 3632 6970 3882 3260 2079 2384 1487 5597 7069 8924 2666 9538 3324 3570 7685 1935 5775 1265 8229 7665 5994 2300 2514 5058 8558 1186 2778 2556 4255 7065 1693 4626 2781 5938 235 4364 3539 4974 2098 795 3061 4856 9157 3881 3229 2810 1325 5624 2016 9922 7289 8435 4982 658 114 3542 6962 1990 8992 6350 1360 67 8285 4579
99 3261 4580 9621 5103 8417 7957 6181 4375 2868 6369 1868 412 7899 4854 401 8980 7151 1620 1801 8981 4213 7115 1179 9086 2793 8956 6170 6457 692 200 3286 2163 2182 2269 6837 9130 798 6025 4068 8580 2359 4473 368 1383 4518 4521 1149 5377 6306 9605 2296 7039 5811 1418 8431 7249 4683 5236 414 7317 3189 7590 8273 3878 3535 9292 8843 3078 6209 2357 5793 9115 2790 6936 1947 8290 5926 7652 7215 9079 3582 3656 3675 9712 1331 1872 6422 4665 7117 356 2119 3902 8421 5165 9080 3431 4953 371 3529
101 9299 4744 2329 6100 9487 8056 1146 151 4861 6729 9479 3498 721 3936 3757 549 1879 9715 345 9260 6404 1578 4378 6761 7967 4613 8744 3858 7733 4445 266 4461 4266 8321 9804 304 5727 6792 3526 6839 1339 325 1792 4556 9057 1992 4035 2996 1746 8029 7264 894 1358 9501 8630 1974 9351 7490 515 2667 3015 8958 464 4507 2507 206 716 1392 3725 3507 936 3728 9967 6281 6913 8276 9007 3496 6799 4346 1440 5965 3647 1691 5975 6935 1014 4795 9122 5718 9880 3360 9048 9903 673 5509 2429 2341 3753 1675 1012
102 4128 1049 8694 3932 5913 8383 4199 8624 7429 3707 2632 8722 3013 3616 4056 3800 8319 973 5870 3312 8919 302 8207 9592 1636 8816 1288 394 9729 8356 1322 1832 1229 3549 7160 2775 2255 4751 7159 1970 1567 6632 6736 8439 5857 5671 9402 9276 2726 3253 5524 5614 4481 4058 5190 7874 8538 3483 2512 5737 3228 5943 3824 3715 6509 552 9380 3559 1796 9743 2497 2819 4671 1716 2045 4727 6610 6440 1971 4261 6072 7270 8608 9968 4677 245 1425 9564 379 3771 3993 2075 5642 9387 6022 1371 230 6956 3885 3098 6323 103
97 8298 4028 1416 1136 8376 5060 7488 3277 8530 8707 8326 5362 6480 7956 1696 9437 3621 7643 7656 6492 9360 1536 1803 3475 4504 4303 4729 7606 6229 163 8934 8768 9094 4981 5078 2162 933 6987 5358 4070 5426 6165 8222 9807 7925 8130 6159 949 3046 1765 8529 432 4342 1763 8765 6973 6223 1538 3377 8033 3389 1707 5123 4472 5946 2334 5791 1019 7369 8494 6077 835 9167 7500 9754 7940 3820 3658 4864 8771 505 3509 7977 9332 6778 5247 7659 382 2111 2763 3663 6745 7718 3250 6387 2373 4081
105 4772 7286 5706 6651 7702 2871 2302 6709 8643 3810 1498 83 1624 6497 5241 6588 1873 7649 2327 4984 7056 3722 2491 2722 7636 2301 3215 3342 4234 542 7584 1417 8945 7751 4271 186 9612 3650 7648 1337 4748 7816 9291 7572 4206 1968 3791 4728 9772 8352 8973 7519 9405 1558 5813 5891 66 15 7789 8588 3033 1036 9674 595 2593 6870 6788 2558 4347 8483 1 6139 3047 8015 3528 2266 7695 5917 9576 9905 9039 5292 4674 4011 6142 2138 6681 6472 3064 1546 3331 6592 31 7579 2944 6079 3468 4257 328 7388 3080 1475 7822 6380 7698
98 7569 63 6192 8646 3605 4361 4682 905 9869 7455 9179 9890 6256 1155 9104 2464 7907 4566 7839 9683 335 3768 6278 2784 4103 5881 4037 2862 8146 4924 8688 1412 3896 2821 6894 9386 1477 840 47 2093 7023 7048 9713 76 6495 3952 8892 378 6694 3939 8365 5406 2226 3697 3025 3815 8634 7118 5637 6013 6670 2345 917 6775 8876 2730 941 6682 8635 8502 5177 4171 2013 9502 7453 5736 2568 1912 4170 4894 9606 9173 5142 641 4492 9397 1070 5963 2401 5800 9583 6253 3899 4506 1077 9356 3454 3323
97 5284 2720 5859 5969 1980 9090 2503 2739 7998 3561 274 5955 7155 8764 2073 3649 5876 105 6259 6560 9950 6061 4278 9816 1161 7210 6310 6477 2903 3779 3330 6204 1855 3626 7284 8537 4385 8794 6318 8929 8917 4766 3429 5522 5660 9520 1993 8915 8414 5930 591 1979 8205 4635 1041 8830 353 2941 9178 7285 9741 9613 924 502 8999 1712 8369 1653 7602 1368 9835 3451 9677 1933 6189 6006 5861 5019 3981 9490 1982 8872 969 7345 125 4168 4899 5658 2235 6476 8546 8204 3395 4639 240 6773 825
103 9851 472 9256 7664 1119 5838 691 9348 226 8140 9641 260 7983 29 6993 6078 4488 6415 2951 8957 2815 1289 449 6193 4233 2299 4254 662 4732 3437 6932 4193 7929 2440 9367 7103 6179 2979 7861 9306 2707 3764 1071 1996 7261 6126 1972 4395 7186 4500 7229 7575 4 3788 5572 7468 5957 3857 1323 2021 1778 8393 7150 6270 8406 9265 7253 4085 3816 9656 6614 3991 8423 9329 2187 4499 2550 815 532 9692 3938 3945 2381 143 7530 7304 6550 8079 5209 6469 2444 1441 8977 4537 5577 6211 8340 9307 5565 5851 7841 2555 9844
100 6083 6446 731 8279 6800 6089 1976 5663 1812 6980 2947 5126 2249 7451 1124 6302 2508 4689 88 1008 6468 944 383 7300 7355 5583 5086 5248 3172 9579 4051 6379 9366 7909 3685 3230 6326 5601 2342 785 1208 5562 1494 4232 1003 2575 7343 926 6981 1380 9551 841 7416 813 2129 3873 3730 5217 9047 5528 214 8506 9973 6563 3637 7639 2043 5883 5448 145 8683 4835 5711 714 7389 2386 4551 7826 1309 276 8970 4300 7778 9730 1313 4004 3903 5450 6401 7928 8710 2957 7031 2894 4216 3026 9944 6862 701 2058
93 4812 5105 5039 6558 5145 9794 947 9503 2141 5534 1464 8585 9618 8286 4980 4775 1171 384 9117 8885 7084 7000 6518 2441 9474 4821 4426 7060 6217 3119 9970 5659 6881 9822 157 6526 2567 9911 4392 7135 8513 6609 5435 6011 3806 156 5754 2585 7181 7013 6052 2101 9482 3465 5549 27 2251 6926 541 9464 8686 9208 2866 5102 6031 1967 1642 7993 2307 4806 9795 1576 6889 7814 2817 3612 3986 9304 4785 869 2777 3176 9789 639 7433 5373 3613 2471 5112 6570 1225 5268 6007
104 3739 8291 426 601 1827 2140 3887 3737 5098 2899 5814 1252 7879 4697 7764 7454 1959 8840 3276 3402 7139 2974 7276 6688 9363 6067 5999 904 6284 4750 2612 7219 912 5968 3304 3209 3018 5047 7711 6313 7239 7168 5383 5833 1047 5443 5049 3844 7365 828 2020 9798 6149 450 2949 8899 1239 8208 7247 9590 486 9648 4219 9906 9411 8391 2272 3928 8799 5610 2987 4398 1017 5705 5809 9309 3328 8660 6943 3279 935 2870 2166 1259 3246 6986 790 1169 133 9082 3799 8088 8803 9400 2912 1908 7971 6840 7443 2702 7714 4707 1573 4122
98 7382 585 8687 3124 6882 1688 3617 187 4090 5488 3427 5843 4979 482 1679 2701 8220 9771 6147 4308 1922 8354 251 1903 3469 2279 8174 7080 3705 4247 4844 6665 4947 8637 1330 9408 9181 4227 5895 6420 9739 6073 4113 9562 634 3767 5735 8355 4077 7282 9812 613 6197 2865 3055 5392 5496 1443 4621 1849 269 1516 7205 6653 3500 5196 565 5319 5143 8381 3923 5480 3886 3551 9725 4788 4087 6686 6286 3355 6200 6752 8121 7440 7895 8065 848 9899 8717 8477 2867 3191 3235 6950 677 893 6938 9989
98 2227 816 3895 8649 288 8022 3203 8690 5287 589 4519 1010 6804 1909 4611 141 2766 2095 5585 9229 4928 7667 9591 7920 638 131 2228 1677 6879 6516 6668 8148 9701 8698 9977 8368 8654 2193 8409 1766 6924 899 8310 4248 3770 7880 672 7750 438 7267 1144 6279 8911 7728 1391 6825 1782 4927 8261 2155 2840 2482 2157 9143 6096 1572 4106 1780 5164 2039 447 2756 6494 8384 9594 5350 1577 3207 6989 9423 9938 253 3347 5598 5753 9196 2470 5333 6616 1469 9735 7558 7597 4286 5559 991 1455 6847
113 699 3477 8833 718 4018 4925 5214 606 7882 8670 2105 23 516 2044 5430 1116 2089 4826 8842 5960 3538 4442 4892 2988 3580 7292 138 3630 2375 9389 6865 9349 7436 8457 5830 1238 4336 8201 5982 9524 5752 1250 5619 4562 3777 2889 7441 5557 4356 6175 3760 3179 189 7842 1752 6113 5889 4904 7514 8855 8447 7585 9694 7457 3082 783 4676 3976 6315 6257 4377 5877 9920 3000 1923 7269 937 7794 2999 6088 7435 1005 2216 7927 6580 3138 2147 8642 1068 5667 5260 3376 5016 6215 8318 3846 1451 3012 5079 5061 8557 7997 6802 5892 1869 6845 4602 7612 1332 4726 1756 8149 4134
106 6579 6020 2121 9931 3982 5306 3163 7793 3550 4695 6629 8802 7161 3812 5961 7045 5748 3037 2314 1985 9396 8050 2409 9103 8613 4054 9480 9392 7924 1526 373 9410 1931 9550 3259 9510 6647 4512 294 3679 590 5179 1651 6442 1045 3531 9262 5970 1921 8948 8144 855 4936 4652 3706 7507 4905 8853 5786 3153 484 4365 8532 5005 9546 1701 2728 7085 5139 5853 2076 8730 6491 4961 8277 6824 5561 1797 8758 1994 3430 7491 2639 7002 7627 981 2475 7062 9331 5824 267 4896 6754 6118 369 9011 1217 8090 4769 7560 1850 5984 9737 873 6878 1777
104 4217 3234 6003 7 2861 286 9403 597 9685 5822 1706 9083 8010 5119 4897 9297 2750 3494 2218 8601 9630 2859 3267 2600 9110 5514 7889 4477 7396 9496 7394 5675 5372 9533 5772 4109 1789 8761 5462 9776 2463 3809 2873 7238 247 2060 8969 4291 4428 1216 7144 843 6152 2082 7792 7377 8116 6245 8451 9670 2283 2478 4629 6732 2553 3010 772 6397 4570 5141 3129 7258 1867 3501 2709 5085 3405 184 4230 3447 4544 908 5375 8459 7331 8249 3513 8951 2206 4786 5088 8069 3311 4612 8539 655 3999 2767 4663 3971 5206 2657 9958 3924
86 923 8425 2449 9608 3719 5751 2687 874 5826 7014 117 5668 7263 3850 6479 748 7586 1495 630 7508 3949 7025 6505 6490 6638 1341 618 6762 3547 8013 4955 6167 3345 7198 8724 3516 2517 6702 9372 7096 3880 366 6921 4183 9580 5717 3487 6081 7066 7715 1461 6334 6852 7801 9228 5677 587 8620 9792 6738 8037 697 1432 6667 2336 8344 1301 1936 6252 1421 7923 8157 4641 860 155 2403 8598 4565 2948 1656 1916 1278 5221 7214 4645 7815
101 7692 4910 5908 2668 3774 9930 9301 2217 7858 3130 2122 2077 7108 8018 1088 1152 8782 5940 6158 4424 1209 6368 5590 242 5345 7506 5156 6010 7736 7618 3657 3169 2804 1018 8963 5387 5516 1072 4360 8612 9075 7327 900 3090 3401 1107 7849 2725 5438 4584 458 1193 8375 7768 2591 9446 5766 8127 5014 8804 173 275 9233 5080 3272 3564 3583 9022 2977 8213 9153 6726 3471 2347 9937 2879 7933 6023 8062 2025 9013 1053 8834 9008 6506 7520 6390 2486 2378 6268 4870 675 2437 2761 2056 84 5445 787 9097 1760 5964
104 5199 4015 6737 8796 1226 9537 6540 2520 8346 2980 3120 6810 5343 1839 9081 5820 2611 4301 7912 7938 1681 7856 8358 9995 1975 6562 7937 5050 7038 7689 1544 9682 1460 3709 5784 5499 7986 2598 3670 9637 4093 4126 6951 5807 6168 6657 1728 9826 1305 7921 2001 7536 33 959 6617 7335 5555 205 4200 6222 17 2180 7538 8995 1178 6272 8301 684 5134 8503 2629 7242 2167 569 6046 9852 2839 7271 9799 8400 2936 3182 3698 7328 7786 928 5898 8060 5083 2104 7324 6427 4571 8547 7252 3996 1739 3045 586 4147 8043 2389 5084 915
96 5439 1484 4009 9842 7680 2820 7892 7471 9636 390 3729 1960 5801 3023 3515 2718 8471 5031 8720 4469 1584 5484 6103 9314 7228 402 1545 9074 3925 8851 2525 8228 6071 3587 9195 5571 1128 5953 1026 5111 3095 2371 866 3726 8000 2259 4483 7313 7358 8320 3443 4086 6349 6112 7372 9796 4672 3505 8562 2752 6600 3362 5219 5254 8681 8817 8897 4182 7515 1881 5541 9390 5501 3594 5168 570 9017 4989 1430 6846 1187 1162 3904 9497 9460 8926 1404 3290 2066 3463 939 2844 2705 6955 258 9527
111 7503 3102 4640 6460 1670 9764 5087 3236 4848 6032 5311 3057 7701 6194 442 2878 616 6933 2143 3867 4685 3828 3983 1928 8672 199 4464 7041 2994 6234 7301 4819 1815 8057 3226 9296 5244 6520 5847 408 6873 534 1099 5478 1218 2935 7513 3136 9832 4078 7316 9775 7413 5089 7494 693 2953 9749 8587 7650 8640 6148 2780 9445 2589 1436 1306 3086 5272 3249 7817 3350 8501 6453 241 7421 6269 1621 119 3217 1847 5012 3334 1468 1352 9517 7624 3554 9545 308 2072 4702 2340 2972 3154 6250 8268 44 6039 244 6342 1106 1020 9414 7777 6425 4553 5013 1542 6396 333
100 7859 9471 6731 7616 1200 5931 7806 8511 2164 9138 9839 792 6608 4344 8611 8266 4823 892 2258 7418 6361 8253 8382 7008 3648 3740 9353 5 4753 1893 5493 7079 4531 5776 1002 1500 2954 3947 6438 5361 7246 9027 6948 6320 3693 54 6714 5274 8493 137 9962 2139 6994 7979 6471 8898 4911 7905 6908 9185 9913 8684 5011 6527 4687 9258 3639 5715 2368 4948 4211 3742 8823 4188 8908 9424 3724 7068 234 477 5431 285 8516 5783 9595 3602 6771 6391 5157 5220 8209 1082 842 1844 9957 8756 1650 3396 3319 3733
108 6689 3517 2346 8413 7125 5173 7145 4466 5376 2849 5277 603 5416 3522 2027 2115 4246 8647 8097 7780 5901 5612 2883 1080 9655 8913 7625 6744 2257 6102 210 2881 8385 9634 5707 2087 321 3798 3659 2590 6225 2363 2374 5226 7406 1092 4173 953 2749 5922 623 7399 3717 2856 7543 7930 8026 468 7589 430 6759 7693 8818 4420 4539 2934 4253 7363 3409 3819 2326 9472 5477 6183 4136 4408 1362 6400 6291 2986 4358 976 2040 1874 3482 5763 5240 4667 5672 7724 5400 4832 2816 273 4852 7274 9991 8896 972 5357 2436 6645 679 2034 9133 4443 767 5035
101 644 7641 3747 4306 9238 9030 9417 7020 1731 8136 504 7640 608 2577 9004 8836 4239 6298 4130 5726 4920 7411 1953 2160 794 1512 9425 708 1652 822 9921 2350 3357 3173 8110 5180 7741 5921 1795 3374 625 6036 8715 2698 7712 2362 1117 1861 2920 726 1319 2798 9861 7380 3689 9311 1355 5934 417 6772 978 8947 3780 7266 1692 4829 2146 8036 4353 3220 5532 6459 5267 2554 5979 2493 1674 627 481 7847 6997 4476 9201 704 194 1168 8874 8039 4965 1121 4627 8723 8713 5837 4457 175 4307 5878 5460 8230 1359
104 527 5710 8091 2204 3484 916 7090 5886 2911 85 3050 9765 1582 508 1223 9770 3875 2404 3399 1363 3909 6504 8615 7893 9667 3560 9288 1733 24 1946 7565 2211 7414 2332 7188 6975 9248 5805 4053 5410 182 9640 678 1952 5213 3653 10 9998 3070 3682 8776 4893 80 6341 8922 7982 81 3104 2014 4868 5258 9602 3420 2205 7126 3837 5486 1813 2109 7097 955 2937 3666 7876 8158 4876 5132 3372 5447 3062 752 9570 7555 2552 9166 2321 1999 5066 135 2644 560 867 1029 8134 6097 9724 6296 3955 758 213 2921 4619 3987 2382
106 6784 1700 3954 5391 7723 3059 6034 5647 42 1884 2318 6426 6749 1105 4283 8551 6294 9521 2466 6419 7371 3748 7758 7531 598 2222 9499 1613 4836 2427 354 8038 1540 3775 330 8399 2740 219 9834 6512 5052 3636 872 3690 4110 6680 2970 9316 1194 1786 5113 5569 1357 7302 5174 6607 1669 4060 3110 6016 6049 8509 9457 4337 2662 5510 8954 102 4368 5356 9401 7116 9966 8315 4990 3511 6895 7867 4007 7217 323 2978 3567 3964 2156 9980 5723 3504 4229 5028 5125 7376 919 7918 2847 488 1489 1093 4668 5719 4163 3366 3150 347 4089 1348
111 6605 1177 8189 8458 5780 593 8067 4279 75 5323 8084 6429 8659 4942 5057 4006 9237 3758 9904 1995 6666 7105 8797 1303 1820 2387 8976 1349 7910 854 5224 7308 6949 1659 9748 8407 9095 8645 9448 2716 4722 3863 6399 204 3417 2610 7460 7881 5757 9624 1164 7114 7619 3673 8430 9370 7877 528 911 9025 9585 8566 2795 5317 8017 6929 271 9148 8099 6669 4264 1201 6370 2017 1957 9164 6819 3917 9156 2515 7211 3202 9412 7891 4322 9422 2333 5444 4316 9006 2287 8831 7529 5037 7140 2670 5923 4912 5043 4603 5255 6789 129 3089 4608 4855 4725 6218 4020 4221 4849
101 2532 2660 2684 8348 9549 6538 7914 9320 6957 4391 1268 1771 3854 53 5032 4088 4874 6238 74 6014 4770 7675 6829 5194 879 9929 7112 3687 1157 8448 8921 7705 8482 3072 4451 4429 9988 4315 2606 9034 9216 2848 4803 610 8560 4735 1282 400 334 9548 9383 7897 800 7036 4031 272 7662 5846 2688 1925 4764 7323 6555 3298 9012 1987 934 537 9478 6308 670 6498 9305 7651 9440 6815 6747 6358 1720 702 3168 1203 8371 6855 4711 8360 2171 7332 9023 4120 4794 7824 6622 4575 1290 6984 5210 7785 3131 7379 5587
103 9274 2114 2655 5653 6858 39 4367 4334 3051 3668 8442 6787 1645 7592 7280 7628 5602 6813 4600 9384 8052 5469 3181 7179 2161 5138 2758 1174 1862 5428 2280 7221 160 7384 9885 5722 746 7102 4073 3106 5695 104 9859 7403 7804 559 747 6411 5401 554 4882 6833 8907 7994 4909 5144 9010 9209 6566 761 1816 7183 682 4842 3841 9720 5634 6233 4496 290 7349 2682 7784 7474 7428 8950 7091 8272 5397 3683 5939 5616 2453 558 3195 4560 7095 437 7629 1907 3244 3434 7133 7386 9418 3458 5703 8702 391 3069 5804 1346 3174
107 38 5304 7690 8128 6153 4791 4338 6912 1689 7975 460 8978 9907 8004 2526 8866 6040 7984 283 5099 5388 339 8444 561 5092 4552 3166 8002 5279 8313 1336 6677 3386 5697 56 8073 8599 9084 4691 6230 2579 4724 348 4679 5249 4415 2721 946 9849 6406 5993 4440 8263 6150 443 9364 1539 2151 6551 3009 6834 5222 8994 6499 4586 172 1129 3694 3122 8428 8728 720 9205 3506 6999 4830 7657 737 1713 3870 7833 3713 9359 5470 7315 6312 1888 2535 232 6075 181 406 6095 6303 5337 2419 4940 3628 7559 6026 1057 4517 428 7518 5841 4438 8514
90 3545 9381 2200 8739 2472 2494 5409 5300 307 8689 7521 6136 6967 6851 5492 1829 2116 7547 5239 4594 8882 5055 4977 6319 4094 6763 6351 6414 7350 4220 6594 8214 1882 6503 3112 9120 9188 8215 5053 2664 2049 7511 1658 3406 9162 3155 545 9635 8171 121 5374 1683 4115 6578 3310 6705 2845 136 4433 3654 3450 7934 8225 2069 550 315 7430 725 0 8783 4422 9760 4140 9246 8109 7275 4938 1321 8152 9555 4814 7710 3021 906 9451 8234 9578 7699 69 1434
102 4588 9165 64 6730 8031 5471 7554 5924 8526 7528 4354 789 3868 8260 2379 415 3177 3563 989 2929 8403 2857 2828 8440 1617 7448 626 2559 621 4628 2997 8901 2926 1382 713 2007 6820 5777 8766 6274 2616 2201 864 4176 1389 9925 6692 5108 5285 5998 4066 7392 5076 4259 4768 4369 4851 9697 474 7870 6044 9858 6028 9321 4112 4889 1379 1052 3309 1287 8336 544 1819 1711 1910 6785 8278 4387 6001 4002 4774 5136 1604 5419 8639 6740 3953 4653 2197 7057 2136 4350 1247 3536 4790 8904 1833 3782 419 8424 680 1314
106 7481 1243 4543 8812 4033 9168 7294 1761 2488 8366 7788 4362 2542 3916 2853 1215 8604 8240 6630 2544 5586 754 9486 1001 2904 2993 2422 5661 735 4218 312 1767 5741 9940 377 7207 9946 8398 9960 459 5523 6521 6000 9847 6162 2940 8317 1962 5482 8066 1724 881 938 2323 9462 807 4528 3950 8535 7510 4318 3546 6160 1751 1435 6561 1556 6838 5273 3589 4052 3105 6809 1032 8600 8044 3973 5743 660 3750 3842 4681 5742 4642 8476 4866 5576 7409 9358 6062 3655 7034 5291 3337 1087 6911 1703 3123 2 6448 7405 6305 6091 8886 2247 2232
104 9456 2253 4404 7550 2050 1818 6454 4439 9971 1964 1327 7306 9983 9466 413 7811 9489 4282 5091 654 1295 7309 6213 3433 1530 573 2539 1655 818 7012 9696 7904 8846 3040 8016 9124 1091 952 1690 7427 6906 8078 1433 9705 8984 5867 8075 3998 82 7132 8902 4324 4371 46 3029 6093 6405 5856 4993 7078 6206 2618 8267 7853 8235 8324 5531 7564 5654 1399 4411 8226 5451 8323 2435 8829 9575 3419 2968 4294 2390 6615 6869 6202 1920 9860 4890 4807 9242 671 600 8231 5821 7709 657 357 2955 770 9449 6367 766 2938 3313 8337
97 1776 8408 5104 2194 4987 2869 8131 5331 7075 9759 2188 3318 9850 3618 9187 3900 4317 4197 6510 4630 602 1297 2776 7295 4189 5064 6452 6646 5685 9132 1198 5017 8338 2169 7470 9993 1672 4495 1863 9574 5263 8712 4563 2653 6106 2669 9180 1732 5927 4888 8595 5234 5539 4441 2477 257 6444 4008 6449 1583 4393 320 6017 555 7398 8932 5027 3264 964 4114 1978 8372 7672 8737 3956 9000 2942 987 8691 1165 3201 8293 7087 877 2522 5408 7053 6664 9928 8374 4274 59 7742 3848 7130 9341 1381
104 6333 948 5944 6199 7187 9622 9365 4746 890 5195 365 3797 604 8305 8870 9746 1109 1913 2179 520 4954 4431 8005 3358 5018 829 6134 1078 9767 9127 579 6249 9881 8462 4149 1172 4041 9838 1481 878 1581 8792 2826 5749 6307 3831 6529 2234 5009 8042 3214 2117 2485 1673 7338 7825 1011 5411 4063 78 6116 9676 8605 4998 8150 7156 6109 5295 107 4226 7632 2551 5916 9302 3359 9476 350 4309 5161 8233 8609 3624 9506 7883 5360 7122 9243 7943 6129 8961 9558 2523 8164 5466 2803 8974 2643 1293 3911 5243 4654 7456 7407 6267
104 1249 6704 1167 7626 4737 6533 8574 2888 3597 1522 3984 5556 7482 6676 3425 2305 1397 5186 4005 9949 7143 5566 1372 6684 1635 4811 620 6539 9254 556 2677 3383 3011 9116 6922 3502 6565 3957 1409 5816 9986 3772 977 1059 6060 6412 796 9426 7480 1851 8112 2746 3256 2623 9942 2641 1176 8594 3117 3418 607 4490 7043 995 2608 9067 7871 4273 8669 6261 4577 9128 6431 3573 3206 705 9678 9553 5339 7026 2956 1299 4799 4649 6795 9675 9609 9643 6196 2499 7182 6891 517 732 6117 667 6133 9935 2829 9121 9740 8982 7748 8380
103 1158 9315 5848 5305 9716 980 3151 8345 3927 5081 7645 9 3555 9334 1081 4351 1214 6343 967 112 7541 9808 9813 3273 8473 674 5893 2950 6389 7516 8316 5558 1180 8221 7767 3421 4840 9638 3961 6581 8591 9782 3989 6517 6413 755 3100 6880 1547 2806 4166 5414 8869 4881 4559 3974 7630 1311 7278 8774 8412 2290 7212 7787 452 5169 6246 1762 6542 712 5652 2654 5849 3204 2930 1401 2783 462 2270 6842 5271 8738 5858 7991 9483 492 7878 7022 1585 1528 859 4030 6597 4412 2809 7129 3518 3860 7740 5495 1365 2256 6107
110 779 8748 3958 6125 609 5770 9649 6123 6671 5062 4448 9267 8068 5253 1610 3915 2402 7818 8757 1560 9984 341 5513 7517 8793 4967 6853 5875 1181 4884 5937 3370 5332 1227 5024 7194 6919 380 1245 8064 331 1069 9335 2063 7473 2772 7654 5036 9192 2860 1886 7688 2113 1343 827 4535 9244 8676 1830 9050 6365 907 9572 9500 8197 3175 5621 1705 1654 9926 3387 8135 4917 497 3137 3007 1390 4449 1750 7857 4841 9544 9430 2331 5702 2319 2130 2812 3222 1687 9184 5977 3577 9565 7104 171 3910 8105 9824 6466 7303 2107 3101 7660 4693 7978 1422 8187 8582 5187
104 9193 3242 9065 3121 8474 2570 4632 6786 3329 932 1273 3835 5625 3572 1398 8716 6344 3291 2203 8114 6635 2919 9819 5403 806 5041 2895 1458 7588 2592 4487 5709 4581 1590 3688 1342 1413 3856 8675 5912 2671 3097 1428 8822 7171 9664 1298 4244 5959 4530 364 5731 1233 6002 7071 7634 3271 3144 4782 2426 1154 3781 3907 9611 6925 3147 8296 4975 8341 8581 1283 8905 9459 6321 2620 77 3849 154 5674 8074 3294 6947 8798 3258 3221 3034 4913 703 9415 4684 9864 6327 9780 7042 7172 5929 4434 7926 686 4215 4117 115 1735 5508
109 1817 7204 9433 870 8446 3077 7603 8351 5519 1721 3884 4468 3704 5755 9198 6966 6481 2945 6687 1467 6575 7968 8626 769 8740 576 3988 6522 9232 4475 5276 5176 1592 8416 8938 8990 4123 9571 7196 4386 2057 2733 8784 9217 805 8454 3361 2018 4966 9742 2230 448 9979 3134 6654 9657 7400 4452 7314 1857 4508 1510 1564 7583 96 1414 3581 5487 757 3966 514 20 7819 3906 2785 3408 6463 4863 461 694 8342 6585 1640 3193 7147 5321 1586 2731 5925 1738 8785 7539 2048 7401 5097 6914 578 5201 8661 5515 9817 9788 2637 5980 8633 3314 2051 4525 6207
101 882 3600 9867 6916 8429 2083 536 5456 8200 5897 385 9541 2689 4877 5869 2286 35 8396 7272 4780 6443 8873 9814 8749 9388 5936 7493 1097 6 4016 9108 8025 7367 6352 6300 4295 1465 7772 801 3979 2184 5434 2564 6338 7033 139 3920 1845 6535 7556 2808 9404 7830 7136 2412 4225 420 2779 9969 2971 7458 8589 8289 9350 9653 4177 5533 7063 3836 5910 500 2984 395 7193 1730 404 5613 198 8653 7553 8801 7757 466 8377 8153 7668 8820 1173 185 5483 5351 4277 8767 1127 3667 4167 9777 8906 6464 5589 529
105 7393 2854 1024 8528 8719 1220 5941 4934 3786 895 8271 2627 5746 642 5232 9710 5664 3784 1631 9037 9144 8629 252 8769 9734 5405 2223 3340 8923 9385 8787 7573 8217 4971 8045 306 7307 7178 5402 5972 7716 2316 6260 2241 1281 9161 849 557 1056 3845 7262 6135 7995 6467 7320 3170 7472 7854 5563 9652 4715 2392 4042 9584 9672 7257 7241 8753 861 7100 2406 4345 9603 5932 2168 9598 5906 3316 7290 3783 6623 5945 8518 3478 7047 3028 6346 7094 9516 1603 1616 6836 5958 2613 2438 5547 7753 7613 8781 5747 2293 9840 3367 4144 9339
105 7035 8254 1784 4201 8895 2388 1316 4444 7029 4659 2900 7999 7017 8443 7691 3759 1270 2005 2248 5474 3995 8512 4150 4458 8810 4209 5200 8087 4957 3662 9250 7189 9343 863 8165 6058 9139 491 8212 5609 4390 8292 2995 5407 1956 4446 407 8236 2630 3633 6237 6121 3530 6164 7203 4783 1350 6982 4569 8777 4895 9956 8086 6618 4249 5022 4822 4738 2614 1122 6643 773 5118 2476 7783 9163 6140 8475 7415 9535 1927 2548 1630 7439 5130 7990 1983 4267 9352 8093 60 9024 7913 577 1205 4939 664 8616 409 7072 4742 4831 1759 6735 6624
97 9107 3333 2295 5205 4069 4281 7288 287 8081 5404 862 8903 4568 2361 4484 2982 58 3231 2875 3985 633 4714 4509 8107 2010 4373 8755 9494 4646 9700 25 1431 4615 5551 5458 1125 9212 4075 6009 7319 2324 6978 4124 5065 5290 1315 5046 4135 8727 4022 9668 2521 3789 5712 2480 7505 9917 3116 2233 8667 6937 2177 1880 6619 5507 5310 3695 4859 5436 2751 7134 3192 1151 778 3074 3756 7574 5948 4146 8499 2467 8436 5989 5412 7368 2960 3439 4749 6188 6221 9428 2380 1403 5193 2430 8775 8486
101 1345 9994 5511 1190 539 9199 7449 1294 2276 9525 5987 3643 6821 2992 1775 6027 2786 8333 7410 5588 4320 9391 2651 8126 7509 8192 5208 2260 2965 1525 5550 1632 8819 4516 7359 4236 4534 2502 3058 4548 8460 250 3552 2288 2537 3393 5366 5981 9947 3233 5787 5765 4932 6372 2811 727 2703 5740 8003 7738 2636 7492 3269 1596 8644 2837 1555 1561 316 1090 2410 5535 6208 8020 8190 3805 6796 8479 2254 3295 7438 5424 5570 8701 7981 3157 1241 1657 3598 6672 3348 9857 4624 4636 7951 8491 596 246 2433 8227 4827
101 5044 857 8468 9802 475 5517 6743 3543 8219 8962 2557 9941 6384 7191 6860 9051 1457 223 1115 8527 4305 1961 1132 2635 3746 4610 3714 7208 2704 3211 4992 2595 446 9355 4222 1607 5212 239 7666 1062 6576 2325 6309 5759 6758 9118 8835 5605 7567 1667 2549 9129 9283 5390 453 9176 1666 1497 5442 1502 1566 683 4765 9235 6130 6888 8705 8631 4212 3967 1248 5204 9768 6186 7310 6627 9434 745 9536 624 3132 4709 8912 9918 7465 343 6141 7199 2771 1704 3008 1742 6695 6124 7945 922 3576 6863 7987 6903 4313
97 2563 360 4242 3299 1891 510 5335 11 4195 256 1633 7972 4907 9113 6930 665 531 6783 3590 6487 8519 3520 5573 6137 1810 9333 8054 5153 8849 9900 8288 4107 7106 9893 1210 8405 3847 1745 7908 3125 5006 9395 5724 344 9049 7175 7576 3646 49 9093 9002 9691 8466 2236 5745 9948 6354 1459 9136 4091 9757 4417 4865 940 1050 337 4880 1035 7887 3161 4079 2565 7291 9513 5314 1743 820 2604 3094 9898 2174 3879 8844 8019 6433 750 6977 1866 3830 4596 9026 4541 4585 5231 1486 1385 3300
105 5063 3188 1808 8094 8 7483 2768 1444 5611 2278 465 7339 6673 9511 5131 8379 9604 3006 6661 9357 6720 8552 8888 6403 9751 7298 7334 2252 1027 2078 3990 6944 2905 5341 3398 4284 5182 5261 1668 3281 7224 65 4065 1726 9530 4245 6556 9593 4339 5762 7850 7941 9582 1883 9769 6746 1531 1394 765 6258 7837 8515 7296 6872 594 3721 4055 7162 3219 3036 6603 7442 9778 1506 8370 1438 6886 352 8937 3474 4700 7281 9534 6409 7614 362 5395 8571 4598 3460 4891 6644 7865 7165 2220 7717 2715 2354 5662 8196 2468 2349 2501 4815 4706
103 4479 2916 975 2886 6280 7195 2693 5433 5093 9654 2770 2645 5949 635 8575 3888 1702 3489 3245 2033 3765 2015 9702 5120 4591 3308 1951 4032 7696 9009 9447 1549 2586 5831 7233 6636 9800 2858 5026 5868 6625 3255 8577 2597 2932 3591 4046 3142 8673 5536 1219 8507 62 7001 4241 9278 5919 8850 4187 2474 1139 7807 8359 5340 4567 5467 7749 5175 5082 5283 723 5794 4692 8572 8930 2176 3003 99 6693 3611 5769 5313 473 1153 9028 4263 8859 6474 2353 6774 6652 4125 6356 4184 4059 61 1429 4857 4132 7544 2757 2759 8593
105 5171 5454 5246 1904 3480 5850 7917 8012 6055 1466 7734 7028 4778 3592 5298 8825 8487 1454 7864 4818 1159 9378 6983 7016 887 9526 4968 1699 1307 6131 9458 8544 4670 6231 3766 6991 8894 1948 5829 8754 762 7260 2202 6177 5604 5640 8972 7732 7888 2678 8828 3937 6483 6965 9955 7722 4503 4343 7089 2245 2496 5503 3929 8695 979 9041 3959 7725 9704 9375 5834 1123 5636 2398 6201 4471 2596 4000 3449 6757 6818 8394 3452 9361 8567 9207 2872 6942 5269 2580 7479 9972 8534 7838 1133 2407 2962 7337 9159 1647 3510 6347 127 8517 8554
103 7637 1664 292 5324 1877 2106 743 9981 2754 5286 8281 6751 4275 7107 6642 7255 4937 9868 6434 7687 7581 8488 663 4497 7949 55 8465 5275 4941 3571 9015 5818 2052 3701 9823 5048 9936 8490 1938 3237 2004 902 8006 3424 4757 4057 6963 6432 1831 3149 4192 8606 1648 4838 3519 9101 1254 3869 4154 9632 5015 6314 150 5795 1083 826 9728 4138 3660 7046 4798 2428 1623 3741 6085 3118 7677 4717 6976 9221 43 3303 2423 5648 5056 645 4491 2699 5461 5995 871 8696 3992 3020 6591 8143 1135 9088 1858 248 2221 5347 5527
97 9758 6402 4745 1945 8731 4034 9147 4047 6190 6059 8304 3241 8706 7578 2753 6041 8203 7835 8884 5991 5872 5920 3088 7598 5666 3180 6064 3056 5767 5788 6528 6098 1930 4410 2719 3017 6907 774 9222 9042 2446 2337 9020 7501 5905 8265 8243 781 9763 9738 9504 9959 2846 6748 7279 636 6407 32 3335 8697 3620 709 6151 1138 261 1096 2543 444 7422 5476 6900 9803 41 8085 4740 8202 1073 7960 2672 8860 5799 759 1955 2000 7463 4972 346 584 7346 2261 8172 5553 1889 1798 68 4142 5069
99 9190 2046 4736 7019 3948 8166 9863 8142 4708 1541 4988 8014 190 5914 7737 5137 5773 8450 8867 174 6940 7769 6968 2019 5218 5322 3160 5935 7375 3703 7894 5440 6753 925 4493 6861 1902 5309 3588 8282 2906 3457 4741 9141 7444 3462 4933 5845 7232 7966 885 8590 1875 5756 8167 1244 9379 2306 9014 9561 3491 8533 7222 7158 6456 8975 2335 2209 7686 776 1253 3441 1134 8280 9282 6569 2676 7244 8106 6979 91 3083 5620 2566 2656 7523 1023 7919 5525 109 1649 4549 3071 7834 1347 6012 8008 7424 9568
104 2922 5885 295 5425 4139 4048 2212 9077 4755 5696 9241 2918 5382 3623 456 5202 9170 9468 1103 3084 6574 6890 3897 7099 6811 1191 3853 4010 4666 4902 8411 166 9646 7197 3661 4944 810 7790 9467 6797 3363 8419 9805 1843 1445 681 4952 7875 2748 6340 4853 9160 2952 4012 2239 3114 1463 6322 2743 370 4661 6780 8988 2621 2284 4754 8789 2615 1774 5622 3194 8402 7735 8101 1211 5308 9896 1794 2561 858 2391 1769 728 7524 9827 3448 6640 9444 8628 4845 9673 7037 6004 9264 72 4875 5779 3438 5307 6145 8871 5095 5188 3537
98 4513 8270 9556 5368 3912 7010 6242 4675 6283 6961 8353 9045 5379 487 2170 5007 7007 7922 7673 7251 8680 2418 3274 5355 480 4664 2509 5369 5303 3352 3941 1973 9251 2959 5902 1437 592 3146 5262 5852 424 6814 392 192 9330 7803 8965 4858 6649 7766 751 2328 2792 2191 4523 7021 7700 1991 5021 7390 434 793 6065 418 5774 5117 1145 3378 4919 4097 8188 8119 8195 499 6486 4985 2395 943 6287 8175 8259 3512 7683 1044 8540 6470 3380 2838 5988 8925 2802 6015 868 9658 3893 8224 5170 3615
89 4131 7299 5579 3716 8160 3727 8001 7774 4650 4916 4787 4505 3199 7840 9779 519 1338 6297 3963 2981 8495 300 5947 3891 8985 1736 5956 2835 9810 3608 1734 7058 5665 7658 2369 87 8255 853 3677 6893 2933 9848 3164 2237 4699 7297 2358 583 1013 1507 3343 1111 4096 2762 2736 2454 4533 8051 4850 9686 3210 7268 5681 4906 8046 3076 6219 9809 6898 4824 5302 8576 1749 3627 5954 6029 3840 7823 4809 5135 1609 1076 4162 7533 503 6120 3811 6658 324
103 1895 3681 5148 9614 2229 3585 270 7670 3919 1842 7540 526 2931 4080 2132 4999 5580 8839 518 6808 2966 4959 522 9999 1277 436 8485 988 7015 5899 668 6375 146 3388 9493 7694 4915 7223 4453 2913 9856 4460 3375 9096 6447 4747 327 5785 5564 8350 8096 7965 7580 9429 8182 6395 4723 5330 8367 8184 1256 3315 1021 8877 5367 4359 648 8325 3446 2142 7566 2540 3488 739 9394 2460 1708 1130 5289 5328 688 9105 605 1628 3918 1757 106 7245 9787 4400 6353 4658 7426 6161 3814 2124 7330 8478 3087 4104 4262 8880 571
92 9617 2700 451 1548 553 4644 5996 7644 7869 7843 4414 7055 6844 1682 6885 6595 3190 5223 2065 5632 6612 760 4169 7305 5530 3641 2990 4956 749 7813 4914 4480 2500 4355 8564 7720 4180 8269 8232 5146 1195 2851 1897 3541 5381 6568 6990 3065 1361 3866 4883 6276 1230 6336 6611 9505 9681 821 5855 2914 8256 2692 3404 7671 4592 2148 914 9056 7141 4268 3332 2289 4341 2292 7209 3644 254 6381 21 9745 6377 1476 547 7395 7832 7974 1274 2843 7040 9439 9226 8147
94 8388 9909 5010 3665 575 1251 9573 1329 9419 93 8942 5455 2969 3466 4064 5238 5575 1517 4623 8997 4616 8674 9992 1543 1963 8657 7906 3671 8035 5003 1043 9523 6082 9337 5782 6655 4867 6056 3521 2195 7495 6972 4574 4554 5270 535 2246 5115 215 4152 7425 2198 9987 8536 92 4437 8800 9032 2742 6995 8297 4335 4903 9091 5184 8257 957 1887 4401 614 2628 3257 2842 823 2910 6553 5860 7950 836 8497 6706 5823 231 6430 7604 2594 1450 2729 4349 1156 6958 9680 3622 134
95 7351 8751 3223 6660 7809 7935 3428 6806 158 3265 918 6465 1375 454 7607 3152 2396 9073 1641 4712 8832 4049 3801 5792 4720 2291 2054 2737 1954 8579 2640 784 7344 7903 9964 4878 4873 2366 3416 3060 5233 6436 6807 7391 1878 3456 9019 4802 9052 8815 7591 7190 6945 4698 4327 2131 1228 50 1085 2096 4382 6728 6848 4662 4918 476 8363 5463 6843 301 5694 3862 6066 9615 2897 6331 4151 2576 4758 7093 6639 7796 6901 9281 9781 3321 3091 6782 1569 7361 1802 6779 433 2607 126
96 128 277 3140 4329 9933 7200 1335 8780 722 780 4527 9669 7070 5140 741 9200 4680 2144 6050 5810 2415 6770 4179 5033 6781 1876 45 3843 666 8729 8946 844 2686 8813 8578 8682 7325 2012 5071 3503 4599 851 153 7283 1919 1529 3486 2397 4789 5500 5691 7776 5288 736 8989 3232 8108 410 2367 4810 6899 4816 3935 8966 6567 3284 6317 8863 5750 6110 3285 8779 9040 9514 2650 1871 3410 4207 7011 7798 8361 1793 920 6985 5459 6613 8275 7333 8704 4620 4001 1285 7532 3838 389 5928
100 7329 9465 1415 1563 1351 6717 8655 4465 4651 2153 566 507 319 8910 9679 3048 4062 229 9901 3024 4660 4296 1496 4258 9059 9005 6324 7152 9820 6114 1064 7076 2450 6086 9070 2516 9271 8806 4696 6892 6897 4432 4614 3354 9753 1605 4960 4546 7512 6887 9421 5070 1747 493 1599 4719 3578 2732 193 5540 6127 1292 5437 2599 9689 1770 8614 9684 7293 2102 7374 1266 3804 5716 4072 6205 4638 9895 6866 9828 4583 2442 441 729 7775 6111 1304 9961 2127 5680 374 3351 1439 9273 176 6024 218 1317 2587 4145
89 9978 8878 375 4021 317 8914 852 4332 6656 1611 3262 2303 1033 7674 9324 3962 7762 6920 3575 6508 5034 1054 6216 9519 2774 289 98 4427 8857 5432 5593 2528 9325 2224 564 8334 8900 3872 5059 5836 3030 4083 1113 1148 4156 4165 4290 224 4767 8100 3282 8120 8049 130 1966 1007 367 7600 4413 1934 9253 5950 351 7992 7631 1694 1028 1579 5911 3085 724 5325 3793 3978 5452 363 4388 7681 9290 9923 7113 7706 9126 4515 6299 7153 1838 8193 4688
102 4098 1714 9206 1426 1894 3556 9031 5608 4739 966 8309 6359 6590 3599 8048 2896 7682 1811 4731 4862 4885 8492 8071 6155 931 5045 7318 5880 4887 7312 4380 1984 1275 9927 6628 5449 5713 5155 1015 9873 203 3252 282 7955 3946 7820 2037 7900 6187 7030 3652 9001 26 6650 3569 929 6090 9508 309 6115 5181 2642 2805 7988 4376 8621 1100 8693 5641 637 3081 8941 8826 1188 9651 1562 7942 1570 8556 8760 9255 992 6119 8481 5554 2312 4776 6515 9884 3723 9114 1958 9600 4133 1086 3997 494 8531 279 4962 3109 2149
91 3243 2372 6210 8623 1232 7385 170 6311 1896 9481 5094 4694 4930 2892 1551 4178 6475 7169 651 5798 3341 5413 9914 6953 9661 2035 2958 6756 5646 7868 2196 8928 6357 6239 9068 2322 2946 1369 7771 1110 1377 1785 2413 6173 9528 7489 9872 4494 6701 8666 3379 3669 5976 7608 8648 2479 2527 2308 9628 2674 4532 1580 2473 9626 5568 9836 1941 850 4935 1854 5650 2602 9174 5633 284 5978 3305 9623 4285 5151 1067 1482 8603 9202 9279 2964 2126 6316 9599 1593 7678
101 5649 2885 7049 898 4486 2665 8427 8138 5512 9035 6437 9182 7855 865 9855 1137 7311 1098 202 970 1300 4119 3890 4804 9821 9227 9286 4978 9146 2118 2663 9755 8063 3349 1182 4578 9003 2097 9469 6388 3700 8998 1805 1518 1141 8521 89 1625 498 2023 2009 6641 9435 5464 5237 8089 7747 6776 6105 6462 7445 4141 3692 7083 7157 1065 5655 3280 8996 9298 5100 913 1527 5457 9477 4326 3604 4963 2679 298 9862 6070 8364 1427 2547 1221 1263 1676 4478 2901 8113 5574 5997 5733 3004 4040 6537 8332 2814 1400 9512
97 9934 4997 7527 1944 1344 52 3336 1246 9552 361 3892 6355 9194 9982 7831 2734 1364 2760 2744 5907 3108 73 997 3807 8555 1612 2529 8549 6586 9509 2208 4331 2569 9310 2134 5172 2694 9750 2417 2152 9871 8145 2967 5296 6545 2458 5163 2317 1929 7201 1758 6376 572 4319 1095 19 4901 4013 9078 2032 4019 5839 8883 4237 2355 1272 5197 3479 7467 6801 8618 1340 5299 1084 2745 2546 5692 7192 5349 4773 2963 303 6226 7184 7561 4752 9953 5453 4690 5690 9376 1408 2190 6662 8652 1787 6243
103 5230 1588 9436 2907 4678 6974 582 2874 7577 3093 1016 7703 2626 711 5149 1660 1312 3913 4172 48 355 8058 1741 8302 7985 6416 3931 8041 3855 847 4450 9109 9261 1419 6383 7120 7622 3752 7119 7437 1821 1471 8024 9102 4839 5744 2634 511 2281 730 764 4157 3444 3467 9098 3442 6363 311 2827 8858 1197 5986 9707 6663 6172 8216 7378 4879 6005 3270 5346 3852 8335 1940 3005 5312 243 8553 5075 211 4409 7954 5068 4587 7594 6573 1822 2723 9272 8971 5678 4436 7729 7996 9303 1942 7568 2183 8627 7970 9718 3508 5067
106 8916 7499 8480 8939 2277 9566 5643 6541 8389 3208 1719 8809 3019 2199 4082 5595 698 6360 9665 950 3601 4514 2505 411 974 5229 51 5185 7931 405 2961 1353 3292 2939 9177 3302 3610 2625 7557 1710 1644 3834 543 2185 3702 8378 6244 884 2633 6822 8441 9155 6582 710 5051 9295 6021 6750 8821 1034 1474 1513 4105 2351 8362 5422 6849 9610 5023 123 9878 3968 3384 8508 1101 909 2800 2813 5380 2240 1924 4252 811 9294 2924 4605 3044 9266 9211 3930 7848 5348 5386 2578 8909 7760 971 6724 4302 622 2511 7851 86 9774 6725 5301
84 6373 2243 495 5344 1320 3212 8848 5714 1296 8076 2263 6712 1781 111 2619 3651 6185 195 4718 9280 8638 2824 7216 8943 962 5626 1102 9069 8077 3736 399 1594 4922 1950 2175 4522 2029 963 1614 4186 687 2513 4240 5475 9443 191 9744 788 3606 5518 659 4538 3459 6228 4833 4137 706 5227 5771 6531 5825 7755 5683 5974 9554 1515 9518 2008 9910 2659 2173 7915 9588 9732 3320 197 521 9963 9589 6823 8918 7081 8854 9671
91 1860 8879 2348 6875 4872 1737 9432 3922 9932 2661 2150 2071 8709 8162 1456 4050 9703 1807 2469 3213 7052 2825 3808 8726 6166 7599 563 9507 4405 1835 3391 5074 9441 8180 3092 1939 34 4529 8986 8979 9137 2696 7944 4625 6132 8811 7873 567 5701 1535 5887 5334 4733 4808 7605 5352 2691 8786 5504 3079 2890 5684 5378 1840 259 5645 961 6241 8592 196 4656 3107 7170 7163 3562 5596 1192 1453 2081 4366 2834 1334 6946 5280 7462 3143 6325 3407 9882 3607 3115
88 7024 1571 1374 7827 9033 3353 7562 3710 3596 3411 3390 9597 3317 9846 9285 5489 7828 423 6572 5259 1473 6683 6904 8791 2133 6180 9060 1637 7623 2609 7860 4983 8009 5491 5760 4686 9270 9666 5294 9368 1587 8987 8027 1373 3296 6385 1602 6902 7137 1718 9498 1492 7829 3197 8597 7287 9801 1509 4374 3254 9036 3794 4792 6366 7976 4474 4558 1022 3743 6473 8464 1533 9112 3240 8426 6037 5418 2315 9619 5494 7383 222 1423 2794 5216 3075 4976 3832
