101 6509 9859 3072 259 4180 9912 1969 4519 1370 56 8534 7667 5359 1986 1027 1190 1231 1829 5149 5021 1998 261 3860 8325 4123 6552 3376 2454 9381 3292 8181 3914 3682 9340 5549 2841 8103 2789 1931 8332 8760 7890 2118 2699 4196 6337 2512 1594 1020 7232 9254 5150 4115 6578 3593 3780 7264 1681 7906 3650 2745 6425 616 1518 6328 8735 2701 695 8726 7694 2629 3493 3730 4845 5256 6633 3827 3460 6498 2172 8348 9306 6412 5244 9368 2418 9602 6068 1903 1482 7911 4011 731 8921 9503 3496 1827 7586 6414 4671 5147
101 2533 5552 2037 5983 6175 4691 8361 9984 4363 3417 7795 2332 1310 9307 9731 823 1701 4853 7309 8322 9174 2967 7730 4601 9335 9217 6851 119 7710 7522 1785 4341 6022 1151 9428 7939 6529 6011 9188 8881 4993 3810 6197 9025 3415 8566 6324 8795 3308 9533 8215 5586 476 6403 547 7123 8355 8254 2886 9866 6036 6264 578 4991 1435 7049 2121 9760 8301 1480 8516 2988 6646 2862 5340 9800 4894 7754 8185 8582 1476 632 6676 6440 1554 2828 353 3580 3433 5911 3192 4145 6301 3060 6770 7158 6303 1406 8390 7938 8341
101 5716 5988 2134 5926 2006 7052 9654 6925 9216 5866 9845 2022 4083 2098 5703 3009 5217 908 5045 1941 7971 5240 3076 9009 5908 7643 6672 9251 4981 8887 9175 9462 8558 2053 5120 5479 1768 8721 4520 6754 6656 9837 1605 3649 4802 3750 9383 6665 2867 7315 8315 9349 9878 2820 1570 132 8466 9706 2729 142 5076 3166 415 646 4338 575 1948 8728 4929 2970 7035 3900 3135 3956 2680 3530 3499 2746 3105 3377 257 8874 629 2196 438 1982 6125 8758 4813 8483 3477 9189 4909 7318 6420 8356 8719 2589 3364 6255 866
100 8131 6217 9078 6997 240 6404 1170 9825 8940 580 7402 7874 3528 3645 9767 8841 4000 9326 4817 6883 3620 6547 4376 6060 2119 4517 7979 1567 2874 8163 7269 5153 3674 8545 8990 4398 4021 2010 4893 2684 8677 9872 9649 1430 2091 3263 8867 2024 9508 2272 2943 8523 5381 802 5513 454 5015 4019 7578 8607 9245 4700 7482 6969 7676 4301 2137 7981 4966 1686 1817 5559 860 8069 9400 9628 4593 3115 8804 2895 180 8679 4143 6204 5786 3190 8691 1553 5767 5682 4840 5760 2972 4835 1193 1317 4481 4962 9524 3331
94 8541 5942 199 2370 139 332 4611 5343 741 1770 5927 1139 35 7632 7847 3069 8961 9888 3176 3241 1135 3109 300 5666 7186 5611 6536 3884 329 737 6487 4117 6903 9371 9236 9900 8375 4157 541 3430 6298 9511 9374 3935 5280 9528 2900 9846 2777 4745 7629 3922 9449 6312 5174 9444 5976 6134 1698 9047 6275 620 9019 8689 6173 798 7180 7841 7745 9327 5732 2976 9583 9112 9660 2135 4736 2013 4585 5925 279 1754 2605 2833 9824 8415 5832 5824 8008 9382 7666 4823 3833 4622
99 3303 1299 8351 4112 5492 1422 7399 425 7914 3170 6469 159 952 4885 5889 1885 2526 1523 8883 1503 3999 2957 7515 862 6366 8272 7451 2870 5290 8431 3336 5605 8419 4975 4560 3261 7701 1144 3343 1488 7690 1585 3522 6018 2773 3672 9759 6911 7856 5356 4485 5156 8564 9369 5481 3158 3486 6161 7769 3214 9910 3254 8206 8868 6413 1146 4620 2089 7162 4972 11 581 1169 4692 3950 5095 3537 5398 6738 4581 4806 8040 9142 161 7029 5613 5603 2474 2509 4248 5600 3174 9886 6233 3618 4960 2586 2264 6798
99 1546 6880 9230 8633 8182 2831 3426 4006 9694 9834 2618 5357 5871 2294 1597 8843 5755 9671 9518 9356 8750 7107 7868 2674 6541 6814 8824 603 7645 5654 5857 2994 9969 4988 772 2502 7836 4110 2416 6759 7228 4364 9688 4526 5779 3035 9663 4956 3160 8767 5033 3184 3568 3023 6521 6949 3636 1208 1837 6595 6187 2435 6776 2525 1506 2050 4767 727 1321 5328 6067 1764 9237 6535 3741 9739 865 6273 7017 5783 7338 3767 6391 7781 3096 9197 9707 5565 5903 5287 7205 6164 3474 6098 8048 8477 4262 7132 235
98 9172 375 2070 9857 8756 983 9667 274 7437 103 5360 5409 7817 4333 2360 9476 3882 7450 6515 8353 3027 9281 2263 1049 6244 6002 2346 4461 2143 4374 3989 8589 8407 4406 7246 2254 918 4020 189 6822 3561 9868 3712 6644 654 1699 4069 7436 391 461 9618 6967 8641 1490 7336 4203 8087 6684 3507 3307 5446 8718 7957 9544 9717 7792 9919 5992 7580 6093 1706 8945 28 6718 9273 1824 6218 5107 7027 5782 8517 91 7004 6503 9424 7 8630 7271 1447 4698 5202 4555 5793 6163 4756 3779 9048 2592
101 8722 2446 5635 5922 966 5188 2182 4759 3714 248 5900 7299 9863 4446 4085 1833 1440 2714 4014 8328 3667 260 2153 5334 3360 9081 1040 1374 1603 4603 9499 8751 7764 403 9206 700 7850 8596 1697 839 4346 8791 8626 3028 1233 7392 9490 4127 371 8872 1543 7209 8775 2442 931 2449 2990 4782 5981 4467 9680 7976 5403 6158 1211 6471 8002 9738 6902 4026 3352 7826 4940 2210 1688 2892 5612 5010 215 3706 2550 1335 6064 4872 6510 4846 6395 5017 8444 5678 4832 8854 7114 4022 7498 2240 8463 552 3279 2186 701
90 5705 7202 5049 4799 2601 8798 7128 5258 2653 9686 6695 104 2700 5880 1478 5405 7260 7155 6777 3285 2987 1229 6240 8264 62 3397 8980 7279 2234 6651 9950 4331 6491 5851 6378 7066 4271 8555 2857 4256 3168 8292 4810 3959 8853 9569 4263 6313 7651 6611 68 9103 8142 9097 883 7133 1909 2645 6408 6080 9104 1720 460 6985 990 8499 3273 8224 1936 2942 6620 739 8054 1377 1914 8158 8533 6252 4843 2329 7174 3025 3692 7083 7990 2599 7558 2622 9690 2261
107 7098 4404 6741 8639 6629 1857 6500 9235 5860 9085 421 5063 6746 579 2398 5771 8402 4219 1130 2511 9786 2770 3242 1067 8257 9985 3819 2430 178 6292 611 6886 3505 7726 47 2876 6397 6489 2300 218 7565 6023 6793 4987 2552 1403 7424 7654 2066 3862 369 3808 9532 2904 5553 3788 1924 2374 6732 8688 8428 2439 5528 2534 4895 531 3893 5906 208 3445 2228 5057 2127 2809 2999 8247 9083 2074 8793 8538 9757 6691 3590 2682 8200 4816 5847 3246 4113 4353 2226 9248 9054 6445 2120 6454 4332 2742 3117 5516 3929 8988 7420 5291 9742 1300 8294
100 7766 6763 6361 5046 6610 4980 2864 9058 7970 993 2000 5656 6921 2493 5526 9909 5856 5387 2901 968 4558 7913 9088 1105 885 7243 7593 8761 1712 4350 4681 51 6299 151 962 1810 3996 4160 3775 4375 2607 9004 4600 4701 1328 7746 1260 3786 4081 9817 3092 4705 5443 437 2858 2208 7170 2293 3125 6527 1107 6051 6221 5353 7239 4828 3940 1818 9605 6453 2528 9181 4294 5264 941 3574 1961 1089 8271 2747 6830 8314 8672 6987 8123 7864 6251 8625 8059 8683 1008 4324 7044 26 8019 9626 4984 9332 5803 399
107 6385 7725 2865 3575 6 8581 9034 4094 6829 8033 6392 9393 72 2480 360 1744 5960 2131 1647 5383 7095 4455 4384 2292 7502 7368 4075 470 9084 8995 7394 488 2483 4053 1502 3147 5219 1385 915 6228 2794 6647 4904 9530 7495 3358 9940 3138 2835 9310 2484 7332 3911 971 5573 7504 735 1175 2194 6764 1906 1964 4316 6752 833 318 1773 3648 8092 1050 1400 5386 9193 5608 1617 9422 4714 3980 8045 3085 1666 2663 7661 3390 1142 3576 6728 604 4292 1963 4725 6496 4824 5250 2114 5910 2348 1916 5679 987 9581 3049 6584 7146 8982 5923 4848
102 6542 4222 9925 5123 3629 8416 2352 9182 2683 2426 5892 5579 642 6807 9826 6948 9317 2428 2184 944 5269 8861 5817 7566 1539 9246 8429 7229 304 6699 9623 2704 4092 3852 946 9098 7636 5963 9629 8693 5641 9766 1533 8575 681 1802 687 4120 2130 10 9998 6649 9505 8927 8233 6492 9405 783 6055 6241 3002 9075 4718 8320 497 4741 3175 157 2319 4941 2077 8882 9464 6590 2685 1194 5993 9917 6283 5788 6722 168 7172 8671 4454 4293 9701 6828 5840 2577 6755 3744 5393 2215 9865 6185 6126 6210 406 506 292 6281
101 6600 929 7063 9712 3683 4174 8548 4280 8803 3081 3488 9678 3167 749 3872 6819 7090 5284 4504 8187 9233 7703 9052 585 3100 8137 854 3489 4553 2897 271 2499 8011 7087 1904 7989 8362 9249 5085 9049 1322 3809 5561 1373 4317 4781 4395 5064 5568 19 1813 328 8771 6415 5861 1717 4440 3658 2993 3074 8975 8300 8467 1473 1875 3705 5845 9015 9830 2212 2462 7121 4076 1886 8593 6297 5802 5462 6061 8044 5535 1337 8423 4373 1596 5667 7598 4416 2743 3281 7383 4380 4024 275 6686 1724 8701 7627 1854 3103 6171
105 692 1032 3679 2851 9346 5995 1249 4495 7860 2101 3194 2930 7257 1092 2952 2946 4950 9748 2919 7041 9634 5593 4344 4985 2798 7589 6574 2873 3812 8971 896 6790 7752 8821 3179 4239 4852 1531 8770 2694 8754 4418 8396 1928 6325 6138 3047 7157 6724 4903 949 6959 341 281 7551 4882 676 4704 2812 8425 7760 7573 8226 8507 54 4109 2471 9632 8145 1784 2804 1084 2164 7453 3020 4696 2590 2152 6423 3337 4643 2431 6826 6957 7068 889 8476 9794 6048 4546 7357 9067 2917 5313 8381 9976 5391 1021 1153 319 1684 5201 3925 1950 8119
104 7787 5069 6470 6582 1586 2945 4596 4193 7679 1949 3333 8572 7438 8703 2064 2311 6499 3546 7803 7852 605 3169 5577 6238 3053 6071 7655 2887 5127 5533 4822 1649 3142 5914 8612 3755 6818 5595 5309 9008 716 6549 9568 3622 884 2178 3685 175 1132 245 8242 6189 9922 2638 6568 7221 8194 5867 8386 736 6654 2681 6805 4670 7344 1599 9520 8896 6725 1267 2559 4744 8885 6785 5720 1735 3369 2023 6524 6113 2911 6245 8950 8199 7541 193 273 3216 1099 9140 4636 857 4252 9662 2065 3784 5203 9972 8111 3234 2594 5490 592 5121
104 7846 6110 2926 6311 1222 312 1830 6088 4139 73 7500 2692 4140 6220 5151 1429 8951 8174 2656 314 7833 242 4896 6467 6714 6592 1787 4849 2169 4723 6935 1883 8016 9117 8205 7814 5599 8323 5155 7567 6944 2473 5700 3466 9461 9242 5346 3851 9974 2771 311 7018 9681 8237 5008 8725 4925 8058 1315 8453 9989 4914 3068 3181 9944 2391 8149 2054 2219 5288 5891 7978 8417 4836 8253 2762 6083 2784 3881 3033 7476 5971 4818 3334 5289 9558 1615 331 9811 8953 4715 3586 8788 6671 3885 4147 7468 400 6180 7028 7514 2846 1657 9100
96 8410 7118 8604 6696 125 9342 5752 1739 4162 4462 1353 3604 7712 1311 7393 7941 2914 5315 9134 9420 4499 6436 589 1992 7700 2760 5620 2626 9313 1431 9610 4399 6016 3759 6559 7395 252 938 1014 8083 9724 2367 5674 1109 3274 4108 6488 9290 5125 1865 998 2225 6441 8393 2962 3912 5135 9941 3146 7449 2434 2477 8933 9725 5140 989 7693 7196 8051 3231 3199 86 1350 5653 7687 6063 9161 4902 9788 1059 8504 9150 2192 2600 9120 5293 6710 7356 1565 1043 9538 4878 8667 6926 1239 4803
99 5037 9486 6952 7386 4889 8500 2447 3898 4571 4710 1716 4347 8349 6070 8286 8733 4944 1188 5570 4809 2149 382 9484 7355 7222 4206 937 8822 6219 3288 7077 2110 1186 1161 1942 9822 9744 3829 4856 6905 7298 5756 7301 6849 5843 3978 9949 6032 9762 6246 2956 8495 367 2977 4432 7265 8928 5547 5658 6117 7919 8682 3441 5385 9386 6678 9778 6803 203 5947 9411 2378 5708 1372 3963 6525 92 2705 9329 4795 5833 994 873 1932 5536 8850 2636 4114 2268 422 148 5812 49 1017 6112 9099 1268 652 8946
107 2042 3865 2579 9157 7003 3964 8312 2751 405 5588 1763 4947 7142 4491 9929 1842 2915 2617 9376 8084 1345 9584 8924 4194 8285 5888 3258 8346 686 5209 7288 7005 4760 4425 5377 4621 8127 5839 456 7896 7501 9683 9283 7715 3639 9091 1748 407 2975 2556 3248 8785 554 430 4716 1450 8699 4615 5323 7335 4916 9951 7145 8832 5459 1351 3594 7345 6907 5098 7977 3119 5229 5948 6466 5032 5808 3363 6186 3874 8017 4652 8039 8938 6852 1274 5853 8939 5023 4599 4100 1812 1927 1890 1682 3098 4236 6124 2279 6973 6132 8828 7910 5145 3668 1900 4587
98 370 3384 1882 4070 7463 9152 9883 6194 3315 8602 7813 2863 5435 6382 3826 4327 4095 8783 723 1081 3796 887 6630 2213 4466 8259 3523 8962 7649 1841 2925 1870 6347 8421 2850 9563 5042 7097 6704 6254 102 8984 2730 1033 4978 7408 6744 4699 5 2796 6242 8042 9719 1630 4415 9388 3252 4477 5119 2313 744 5977 3429 5431 8308 6062 891 3592 8222 947 4534 9958 2527 4420 401 445 2385 5047 2486 8743 2679 8643 1672 2361 565 5818 5849 9884 5321 5065 7743 2561 2724 8827 7149 2375 6692 6270
106 5126 3306 4763 8398 4530 6216 6532 1278 1232 5766 1999 6129 951 4934 9635 4635 5197 3849 9409 5456 2075 8478 2593 1555 2410 2425 6637 3613 841 675 3769 5312 1182 5937 4654 8461 8747 359 6057 8043 3585 2689 1035 8652 9782 1449 9260 6999 4796 2564 7240 3171 5487 2834 9455 1851 439 7025 7263 2032 1301 4607 8997 3195 8866 5564 5005 6514 7169 2128 7804 2753 4974 3687 3323 8229 9848 1917 8245 9543 6418 9519 8694 3130 542 6940 2320 5072 8073 2763 8406 5338 5920 8195 5422 315 1258 4524 8876 2111 9970 1080 8399 4713 5670 7622
102 2825 9935 2878 7234 852 2849 6528 7130 3941 6236 3088 3256 1199 8124 4807 3598 6495 9066 9338 9398 1828 2115 2265 953 4768 3728 6320 8013 3543 94 7325 8178 6558 4230 9809 5694 3132 665 827 5545 4702 9416 4808 5939 9625 1520 9450 5596 2941 2342 7958 3229 4851 2532 8210 8037 4963 1433 5341 6670 3581 3156 7974 5896 2316 7072 7670 7835 1759 9957 3631 9942 4726 4207 5390 9823 8473 5205 1154 9295 765 4880 8021 8954 7091 7062 528 2541 4500 2650 3271 3118 6183 6317 8931 9031 7342 1528 7363 5647 8072 7137
101 4138 1404 9593 8646 4442 3240 118 6545 8730 3410 2461 5912 1778 1577 9385 9 9276 3359 1179 3182 4922 5539 7404 4847 2223 9380 8687 1290 1593 524 5419 734 110 3517 8835 1420 9038 3189 751 5470 8576 3215 9895 6966 3997 6898 5429 4655 8135 1277 9808 9582 7802 7982 867 3965 7320 3641 4992 1158 485 177 6263 50 2045 9093 759 4734 3220 44 1901 5872 8038 4777 3480 5252 5697 6261 278 6323 2007 8551 8367 9994 8250 2193 3162 6040 3533 3815 2826 5041 8525 6748 9648 8060 5870 4121 606 6566 8380
105 5199 8708 183 321 4223 8570 4283 3536 9829 4939 5997 9194 1560 3143 4483 7220 6918 8966 7096 6683 8862 6306 468 5420 2718 4557 8110 2547 5943 1306 5349 1381 3871 5734 5643 6864 7365 7366 559 4573 5631 9850 8923 7972 7045 3864 48 9691 463 2491 3104 3148 1037 6421 9832 6044 6632 7343 4118 9818 5320 557 3086 9003 6483 5729 6820 6899 7815 5318 8611 3019 4107 2722 9448 923 8457 3455 6015 9606 4176 8305 8387 5363 965 6096 3623 7588 3113 4348 7478 9753 6958 6030 1106 3984 3589 4090 6490 6511 6570 5512 5821 2767 1012
103 4733 9500 1751 6344 7492 3108 214 3807 8408 6773 8998 612 3444 2721 6243 4453 8155 2588 985 3703 8618 4771 1645 7618 8447 6140 3734 8585 457 2018 9622 8165 2201 3362 6551 5854 6977 2034 1679 9441 3859 4417 4460 9159 6546 8156 90 7253 1296 4311 779 6787 3476 3232 3157 8065 803 9745 458 9693 4785 3209 6739 4166 9002 8498 8929 7665 4841 1298 491 290 8401 3149 7106 704 7483 6162 3582 627 7371 5190 5345 8509 3686 3463 2940 1412 4001 4537 4086 9269 634 6089 1145 7945 2844 9692 8742 2916 8050 4614 7678
92 1954 335 7740 696 8304 1441 5146 4421 4155 7022 4610 5607 5298 6766 9418 3644 1762 1458 9390 7212 5745 4811 6533 83 5980 4087 172 5813 4722 7810 6968 661 5399 3719 3743 9256 7187 5181 1339 9536 3680 3453 780 3909 8212 7002 1995 8562 9493 9987 5452 7102 1393 8241 7699 3875 6214 1532 1202 9510 4605 6355 4532 7150 1285 9259 7252 7796 6606 3238 1327 5238 2195 3853 343 7375 515 2349 2157 5494 3969 4423 5029 2709 4007 4775 8816 3583 6021 3196 5873 7026
97 5451 762 3495 6144 1561 9466 3614 9855 5954 7088 4151 984 8460 365 4502 897 6128 5172 7545 5698 6077 1273 9869 2761 5261 6576 2327 880 3173 3056 1314 410 2980 310 124 5540 7866 1835 9143 8146 7445 5279 961 7407 3014 2625 3447 7100 5211 8842 3742 7364 1415 462 639 7285 5406 6962 2973 4512 7881 6321 4241 9223 8916 9704 5502 814 9587 1730 2344 2934 3310 9881 7073 8943 743 7179 5022 2489 3549 6350 4673 7637 5143 5166 2020 5731 4129 1479 2030 6537 5423 9320 7053 9758 5169
105 6775 5902 8173 8184 1740 7373 7065 7084 4436 2390 6615 8753 7550 3150 111 1659 5774 4634 5863 3204 2181 7604 8546 8258 9990 622 5038 7686 4328 8963 2737 2840 1980 9975 999 4340 5944 7630 5020 6157 149 3044 9351 3740 8219 6502 501 7379 6675 4247 782 6853 5633 6142 213 8296 6131 8801 5362 1786 5136 2495 5704 6859 4860 1054 1486 3966 1923 1702 2628 1213 4825 6363 7898 2608 9885 3368 3619 7937 1157 8448 9498 7467 2071 254 5283 8297 7851 2067 724 337 807 4049 7304 9459 5798 3324 2243 756 8526 2405 1816 7034 3061
104 3511 1612 3161 7603 6444 5499 1334 9945 1238 573 3094 8470 1680 7535 738 1329 5965 2457 1206 3673 4334 4754 1098 2736 4431 5690 4683 4999 8628 7372 9893 1236 6004 8209 5050 322 9588 1973 7160 618 766 9032 9434 169 9576 9425 848 9023 5474 3283 2953 3221 4935 419 6047 602 3836 6326 943 5874 5257 9798 4480 9560 9282 1624 2669 904 3628 2161 7206 1734 6052 6373 7773 3746 3599 4412 6810 7009 6177 2347 594 5885 7774 4994 2955 3627 2921 2974 3565 2438 5543 5330 376 8528 4549 7599 3247 763 778 7225 6027 5354
108 644 4031 6446 959 3124 31 9785 3007 8568 4035 9954 1856 5028 5759 3764 7539 3469 2908 5691 6282 8978 165 3022 1855 154 4 6628 6222 5642 2371 4688 2893 3562 9482 1509 1205 5537 3140 6387 6889 465 5430 8661 3110 4181 5484 3485 5556 2185 3071 5511 3459 9806 1044 6362 4583 4801 8064 2362 1514 2392 1613 2179 6192 1743 2882 4285 6623 5831 2086 733 8544 3289 7488 3291 6450 9111 5347 9964 3666 6878 8848 4730 5541 9695 4119 9234 6010 8364 2521 395 8243 3419 9861 6053 3615 171 3545 6360 4055 5265 9114 9591 8624 3374 1010 7099 4651
95 9190 2076 7185 1184 5794 4788 5410 3908 5300 6709 84 6740 7081 2229 495 5461 847 8774 1358 6276 7731 2339 785 3213 5030 9209 7544 5130 7359 43 3348 9094 5688 7016 7431 7641 7175 3067 3504 7677 482 317 2330 3633 1707 4762 7509 9765 3794 1256 1115 2241 9803 6743 9240 9116 719 6352 5615 5137 2400 6314 2847 3129 358 8527 4959 4017 4876 3249 5198 9239 8697 6557 9044 9833 1996 9201 9229 7213 4064 9685 8522 9966 9440 9160 2469 3295 6268 6369 6783 7211 3339 4695 4133
102 3479 2325 9123 8310 645 3316 6266 9126 8684 2204 7610 1388 2938 195 6475 7560 2084 5907 9363 1380 649 6224 9938 3798 2861 3131 8768 7829 2676 3661 5574 2056 2569 8161 4682 1761 9045 757 4396 1022 224 4997 2408 7156 5590 6205 7347 1183 7790 3539 5327 8435 4626 516 239 7302 4989 3729 5439 9652 3855 8327 500 8358 3923 5994 133 7023 8434 7367 6919 3751 6932 3892 9144 6750 9373 5973 2839 2117 6564 4535 6703 6108 5186 7011 8540 2326 7080 4082 5795 3595 9000 2813 6184 4170 6084 996 42 7644 8175 8888
108 7859 6316 6870 7312 7477 7882 7177 7340 7909 1627 5402 4888 5762 6835 875 4441 7964 2009 2642 6267 7899 4915 6772 4161 1758 3270 8600 9875 1255 7758 1369 9620 4739 2708 3566 3200 7008 4008 8458 5520 3427 5108 2267 4038 9746 1344 1286 2966 2726 8863 7021 6039 9095 6309 5195 9285 5730 9479 3509 8520 487 5339 8857 1083 3048 8944 9955 1993 2060 3804 2998 5112 4923 3971 9981 4102 97 7840 9880 9856 1063 1994 9841 7776 4259 3250 1981 1000 3748 5173 2838 3638 9816 3320 4656 1975 925 5796 3454 6300 2698 9394 5551 7834 192 1164 8915 8414
104 1082 2106 7303 5930 6795 6230 1162 8543 181 4287 1172 5215 6384 5413 3551 7621 7664 387 5243 863 182 8496 3442 87 668 64 2318 1908 9243 7153 4536 4761 4496 5727 6367 6913 2643 1214 8490 8284 5308 2251 9734 95 6960 8809 8912 3461 2463 9270 6315 1093 1569 2631 6779 289 4731 1252 3847 210 1530 7949 3391 4245 2351 8046 1839 6808 4624 3437 7946 1341 5597 8906 7903 6689 1793 2277 2061 1781 7583 342 2139 8636 9061 2244 5260 4044 1150 6285 9891 871 4200 2959 6975 3820 4668 1421 2176 6588 1619 6190 5216 614
100 9431 6539 8706 9531 5651 3408 6201 5445 5268 8405 490 2356 5311 9358 6961 5421 7435 1070 7189 3559 5967 5816 8663 7460 843 519 3894 3778 8860 5749 2366 4590 921 906 6327 155 9598 6603 4724 6884 2786 8309 8436 4148 2373 840 2322 9127 2138 4623 3986 7351 8657 613 6597 9274 1112 8192 1122 7998 2249 1696 7266 4052 9118 71 3262 7581 9896 1031 7607 2627 3329 4814 1685 1541 4275 6782 3259 7094 5735 4158 3040 8218 6121 7673 8413 2207 3205 1038 6769 2632 8122 6006 5152 4663 3708 7709 3381 5928
107 6333 4866 995 3004 8464 1497 9263 3777 6916 7446 6534 1264 7019 1715 1168 5510 7920 3957 39 7525 5432 5332 9491 21 7542 9939 9761 1573 7757 2250 338 2837 4831 5957 4456 9651 8047 703 9627 682 697 2299 8223 1783 144 5877 9158 3591 7259 2756 758 5450 7040 2939 920 17 5941 9059 720 3011 5723 8937 3159 4784 3432 6482 7719 1223 3949 6581 6917 2255 6860 7385 4325 2029 4080 2928 4253 5876 295 2567 7001 8306 3902 7144 6386 4392 8891 610 3317 3821 6100 9485 114 63 9621 2621 8559 2335 1257 9700 5846 5566 5814 6302 8834
97 8665 7552 112 79 9646 1058 9506 2889 5715 4580 3013 6307 7496 4471 2548 7380 4998 6458 4202 3660 6855 5270 7485 5105 4660 2538 2614 9676 2711 7973 907 9572 3393 9770 4638 5182 2624 33 1471 5077 6165 8201 8918 7820 9185 7943 4521 8366 6861 7043 8318 4591 4465 8659 1387 8909 4839 227 761 2402 2095 1091 2197 742 3544 7915 587 7308 7210 1156 888 9947 6604 6792 3034 4679 5638 8334 5529 3155 3401 8438 2259 9797 8501 5580 7423 7594 6401 3834 4858 6237 3954 117 7950 2639 8068
97 7507 8113 1893 2920 7799 6457 4359 6964 1579 7716 3513 1661 5034 4032 3916 9446 9051 2961 4124 3611 740 7848 2587 7070 9905 8063 4205 3702 1557 3446 4142 2014 5534 9513 588 3152 129 2890 8749 6915 7497 3518 1848 5671 3015 1966 212 8601 472 939 3470 93 6426 2403 9645 7192 3010 9517 2519 6389 6493 1204 7965 1566 1888 7597 4629 4945 2409 2290 2540 3435 2764 8645 308 2305 2055 4644 9578 9862 6882 201 4204 6135 4539 2936 1862 6476 4029 1777 2175 3502 9849 3548 9089 0 6024
106 1860 510 8871 9523 4669 9445 6950 2146 9889 991 1446 5106 832 7406 935 88 6056 1589 6141 1825 4752 4433 914 3985 5472 6569 3725 4569 7275 3235 8714 7741 1750 9337 6452 3710 4343 3663 9430 4552 3405 184 4554 5073 8451 1500 3510 5743 7600 2238 2613 3244 7778 4826 13 1880 2927 8248 7877 2644 6834 9330 3825 8776 6583 1775 1866 7797 6148 1340 2406 1442 9580 6274 1196 5661 9705 5048 5039 5455 5426 2338 394 811 5489 1527 6388 4482 8493 1600 7892 7471 2715 6101 5200 640 6160 4749 7798 3006 5026 4360 2202 1580 1910 7912
104 2610 8627 486 225 2286 75 4936 3328 5550 2739 1919 5503 9129 9315 7037 3664 5585 4527 1869 6976 3625 927 8765 4751 5747 2407 2412 797 2585 8112 4154 9946 9860 3570 4478 7696 1069 2707 4426 8445 7057 5210 7297 2298 9887 9804 5711 2720 6723 2188 3236 9170 7999 6152 221 6226 829 3905 2931 7853 8391 1782 9073 9540 9341 9906 4430 2296 8130 4566 6634 5899 6585 1111 8411 9379 5412 1118 6560 2187 5883 1413 699 8138 3677 2016 2583 623 8989 6881 1872 3970 4268 5569 4952 1819 2549 8948 265 6207 9426 7606 3353 4379
102 5230 1007 2289 4126 5979 1728 1822 9016 8189 9087 2791 2122 3681 4617 621 5835 209 5075 4748 4337 1061 3558 4948 194 8812 14 3651 2285 6356 957 6877 726 3844 6681 4689 1540 8583 3506 3540 7823 5778 5043 520 4708 2129 4602 5804 7923 9364 3051 6402 5974 7901 2766 8363 1259 7474 8552 7615 7926 2522 514 4073 8985 6380 3910 3038 8631 282 8190 5234 9308 190 1726 3675 6506 7702 3942 9673 4178 5093 6995 3571 7707 8025 6937 496 2905 7219 2842 2343 3961 7079 2832 590 5789 8620 2246 8942 135 3342 5829
108 1895 7628 942 2769 5189 7842 3732 2733 5677 9764 4352 7327 4277 3210 7675 158 4370 6390 9362 636 334 8350 4132 1623 9541 9180 2209 345 2485 4369 9534 6865 9779 6707 7608 6462 1209 1484 2180 2301 8810 8737 8326 4198 8074 3095 3392 8183 4540 4612 6979 1955 2063 2021 7159 4862 5365 9318 6318 9496 9026 6472 7887 2386 7287 483 8571 988 9268 3790 5228 1375 101 5686 7546 3715 3123 25 4357 8153 6844 717 5425 4509 1592 8578 6523 4408 8977 1409 6970 4386 5133 4078 5719 7880 8485 9232 8114 4676 8782 5701 8802 5989 9406 7668 8441 5464
106 8518 3846 9986 9638 5604 3577 2270 7705 4472 1363 7188 4197 543 9911 5560 6225 3063 7571 1937 1235 7092 1051 4821 2574 1455 230 9359 5255 81 8028 8808 2932 80 3198 6797 5096 6336 6147 9196 7579 4924 6332 4437 9017 9375 6577 8177 4383 1797 2237 3457 4101 7238 2090 7863 2741 967 2159 5053 3624 4168 5496 3896 20 7948 511 3555 2059 1364 7968 817 1945 8957 1925 2758 688 4616 3120 9164 8991 597 5184 8686 6897 3878 8673 5286 2537 1568 6929 4604 788 8143 3030 9913 8629 9920 8903 6364 3711 3785 432 8281 786 226 5938
106 1384 5996 1558 5303 3913 5676 5129 372 3443 5476 7830 3726 99 876 4447 187 729 3153 4128 608 9130 1304 7293 9360 8191 9122 8577 4037 8235 377 7904 9790 3075 7050 9178 5427 2145 886 6394 6393 5138 287 4372 4711 1953 452 1104 298 8901 981 7387 2156 8637 1386 8542 3993 4976 3165 2723 2780 8157 3230 1655 7487 777 5518 1939 1881 8369 7526 1510 2231 2049 8373 1840 6765 671 6025 5114 267 1121 7563 753 1355 9350 1073 8505 2716 2821 2232 5770 3981 1912 380 1987 3268 6543 4106 4131 1620 1062 4159 3277 5220 7059 1009
108 336 3222 3431 9585 2657 9221 3366 7425 459 4276 2354 5764 191 8524 6854 5221 7647 836 3340 1665 3811 8892 1313 7307 849 2671 5066 477 9347 8472 3202 9211 7362 6253 1595 1693 6530 1011 4719 9687 3422 4047 2019 4531 1584 167 7870 8777 7697 9702 7173 1281 9590 1729 1366 2132 3472 2654 8345 8917 1407 3795 5397 6580 8324 5469 2570 2422 4543 2096 2687 4315 9328 1326 1165 3287 1078 859 8856 4618 3217 204 7032 3573 3856 2183 507 4210 8617 586 388 8000 4265 9535 6901 7960 8471 5183 3379 7440 1025 4625 8449 5822 8107 5572 2668 752
100 5094 9293 285 6086 4490 4920 3134 8800 8964 3920 6133 566 9962 728 4013 8354 6943 6107 8056 898 1419 2331 4556 5369 2451 948 6831 861 4272 5031 6516 615 1417 870 219 2713 2518 1625 6858 3386 7455 6123 7750 4322 4508 6608 4298 4270 905 4034 3411 5000 2983 3731 9556 185 4201 7254 6841 9458 4457 3793 3837 2171 5171 3180 1057 2174 2297 5515 3367 2456 2757 5945 5733 4493 7894 8497 5636 5478 1088 9714 6753 2571 4072 1929 5626 4251 2419 7886 7631 1808 256 1346 6211 2929 4931 1583 1410 8426
103 7360 9253 5785 1757 429 4869 6591 7908 8488 2824 5725 9529 911 1262 4983 2503 217 6459 1850 2266 6460 6150 7295 8080 2933 15 8198 7341 7076 9961 8252 4212 1075 8894 3831 3356 8279 805 1722 4574 4378 4951 8150 7124 6991 6593 9715 5881 4054 7272 6565 7071 4562 7855 7954 9345 4405 2205 7337 7656 7782 9065 7479 4707 3873 8132 9131 4458 9551 4797 3057 7321 8070 6287 5014 3003 9633 1496 1542 5523 6247 9429 416 5531 5054 9768 3332 4449 4211 232 9072 3995 5693 9391 2355 1618 4732 3404 1005 3739 9027 1053 653
101 5616 2725 5109 7398 754 8395 1292 216 9737 5538 2260 1820 8378 7801 5110 711 1434 1086 2661 9435 7135 1591 1607 4409 3762 9992 2239 6840 8409 6028 4097 4188 8908 4410 6294 7276 4510 9720 8385 1095 2557 5696 3001 2123 1230 7987 2414 7167 9020 6227 9827 5058 8454 5987 8238 3301 244 6735 5089 7658 8302 4452 1549 9138 8845 7738 3243 24 5087 4703 6522 2382 5374 1357 685 7127 5757 6035 1971 374 5968 9110 4597 3206 7316 4659 3609 936 9515 1687 2544 323 6789 2801 1064 6868 3122 4150 5305 2198 1905
105 1705 82 2051 3121 8120 8886 1174 3756 3990 5352 4165 2218 4402 7532 9561 6398 1060 1727 6965 535 7429 9191 684 8907 9669 2441 6674 7775 9227 1006 6464 280 7869 1947 8819 5458 3082 4403 8249 6430 1108 3344 7390 6087 8799 176 3992 6109 22 7161 1160 5294 1575 3560 601 8919 8004 2312 8024 5235 4046 2302 6616 3201 7296 8239 450 1077 197 2623 7591 8172 2852 344 9656 1779 4136 8307 3858 5440 8077 8075 3371 6206 3395 3774 6269 3471 6956 4776 5104 1129 6041 4238 3840 4077 571 1926 7811 1119 1171 9324 3994 2772 5285
98 8669 9300 7505 5742 4595 5625 810 2555 1638 5684 1991 8289 6435 6174 9525 8160 5834 5815 9208 2686 2443 4225 5680 4728 2479 4183 8849 8981 2097 3251 3904 5517 4351 3345 2046 7101 9063 1798 7224 1195 9732 9162 127 844 2823 8230 8129 6838 4544 1439 2748 6042 7577 5302 3960 8595 6223 9996 186 2665 2466 3818 9571 5372 2703 8202 2478 8513 7448 53 3087 828 7800 5685 8344 7634 3503 1200 5681 5003 2364 5765 7602 3792 969 3887 2598 3183 842 9001 5401 7691 1572 2038 5800 7409 1379 3066
99 5781 5644 5441 5583 1487 9977 2107 9991 8316 5224 2734 2947 6605 5006 705 3724 3799 5702 5805 7300 8889 7717 4661 6802 1725 1349 9504 5637 2558 2133 7931 6914 8394 4675 1809 3567 8420 5002 6005 7940 9815 8811 2080 8379 5663 679 3832 5913 5848 4977 6780 2262 6639 325 651 9291 7012 7278 7748 173 577 170 3848 2888 818 1133 1967 2108 2399 8193 2481 9668 4361 3525 5970 5355 1242 6049 1192 1635 4393 9835 2880 7410 9750 67 7614 5864 8563 5253 1846 9053 4886 8096 8376 8290 5648 8246 1276
91 38 4171 9302 4261 2539 4677 6118 7554 6381 5668 666 2003 8715 4356 8061 96 346 1279 1634 1563 5554 3684 7747 8712 3866 3868 8514 9408 2612 2125 7779 7060 1700 5978 7245 9348 9184 5102 1120 4964 7638 2350 5301 9494 2652 2907 8970 5122 3026 6447 3365 9783 9577 5239 2658 8273 9453 4233 1019 9257 423 1220 7143 7739 1588 1244 2951 7506 3139 6074 1930 9630 9637 3203 2359 2177 7358 4149 4765 5267 5404 9596 7165 6730 2112 4829 815 7353 8317 200 9228
103 320 5326 1414 600 6249 9921 1774 9261 9354 1102 7592 1152 1250 8556 6477 5575 4868 9831 5433 4598 8456 9675 9472 1100 6771 2217 7858 9412 2396 9589 2965 4547 4414 2027 8268 3602 4890 7772 7519 8400 5610 8026 7419 9897 3676 9796 4805 5521 8368 8095 59 1516 2991 5713 5582 6139 5557 6310 9266 5858 5746 138 6716 4778 977 2167 5185 6250 489 269 532 2806 8623 8535 3449 4786 7513 60 4937 2712 7417 2984 6481 7148 6747 3406 8093 2424 4195 7200 9670 5895 4279 690 3973 1692 7458 4665 8973 2963 7575 4091 9501
108 8214 8696 4982 950 1312 5159 3349 7199 2584 5141 4179 5192 9636 270 8666 3952 9198 2818 440 1550 1988 1371 6839 3642 6833 8015 2843 3361 9640 1045 8755 6358 1604 455 956 3016 498 357 5262 8452 1957 236 982 9952 5645 5862 5434 4088 4401 5932 6359 4758 8826 7620 3228 3424 5728 5400 555 8062 6567 6456 5508 2151 4646 2460 7875 7849 4048 812 6339 660 3313 899 1125 6411 3083 1251 4690 5276 902 2898 4134 6410 3188 5408 9838 4515 641 3707 6343 1962 378 3888 1271 9168 1711 9784 7994 6209 7273 8479 9304 4451 7317 650 4099 7812
103 3102 5929 229 6812 7751 1303 7564 4911 2802 903 6874 9163 2565 7291 1052 2906 5157 1405 8078 6012 5584 821 6679 2102 2782 5237 1246 8041 5826 7067 4511 6726 7391 5437 2224 7854 9573 4942 8905 8012 2031 1704 4377 8168 9433 7689 7117 3891 3579 7523 3338 3863 5482 4071 1662 3753 4783 6980 8606 7138 5144 5878 6824 1042 6345 1944 9301 4367 4747 7331 2173 3669 4448 1291 8655 8180 9847 3988 4290 4949 5366 7733 3257 7163 7734 1287 3318 3515 7521 6705 383 1879 4857 3473 5091 6081 6767 3951 2792 9514 5692 7125 4838
107 3227 8440 5621 2563 7547 3239 1272 3284 8930 5060 1845 4354 8186 6548 8781 7767 5473 8169 2964 3699 4594 464 6863 9062 9030 773 3802 5689 1265 4753 4735 9074 6607 7595 8220 3733 2113 683 5306 5241 3608 5080 6526 7475 1423 4548 3046 6278 7201 1408 2662 9284 5225 4122 6448 8814 7749 9443 2257 6213 9147 9665 4578 7194 251 8383 9399 115 1653 5893 4958 6613 7612 1392 174 5859 5384 599 3919 503 5295 8614 8374 8690 7111 6924 5009 7736 5342 5699 9102 5639 7006 2706 2968 9709 9212 3816 3111 3932 2790 2492 1245 6894 2465 3937 6127
101 2803 453 2085 6031 8561 6405 2248 9877 648 8424 4565 9810 427 9200 1832 202 8680 6279 6066 1628 2170 6199 8762 8864 4469 2073 7237 7411 2191 7010 5780 5213 9173 4740 3458 3325 2885 1703 6291 9575 7884 7110 9819 1868 5819 5890 1838 7587 5011 3042 8840 3886 9271 4235 631 9624 3550 6429 1461 5396 6887 6806 3498 3564 8935 1956 2415 9812 8010 3665 7530 3029 6342 8763 8275 5827 2235 3370 3758 5438 9617 7956 9592 9756 8430 6614 9703 1463 6953 7902 121 3765 2616 447 670 2437 7695 8580 2877 5304 8260
96 5376 9333 136 386 1218 6941 2162 6288 4516 417 1756 3972 1861 7611 1225 4967 4018 9960 2576 6284 1198 2105 693 8144 1642 6304 7184 6791 9867 3097 4028 5712 901 4336 3400 1087 8780 1769 8806 5081 8007 7735 8337 3716 9710 1468 5463 4489 1071 8890 3850 7215 8082 2158 3512 8162 2912 7872 339 5204 8922 3300 5672 3398 7261 145 9366 8720 8397 3541 2860 474 9316 3017 7770 3224 89 3869 2222 4737 7230 238 4919 7924 7723 8140 5969 7609 6166 397 7714 7780 7258 6845 4125 2283
103 7934 6289 3749 5898 4912 7434 9914 9296 8167 6618 9151 6434 2510 8920 2884 5218 8831 2475 409 659 3907 6972 6111 2781 3542 1858 5175 6424 7203 9903 5706 509 6538 8634 809 2855 3223 3420 1302 1749 4291 8560 6106 8265 1026 894 8228 8342 5227 3264 4040 8347 3763 8773 7447 4874 8855 3822 4769 7708 6379 8914 8204 3483 7432 4246 1515 7183 8859 3976 1507 3375 1648 598 3578 3695 1136 8442 9149 7103 8101 9659 8813 932 5772 3211 6661 6409 9696 7822 5247 2660 3839 1795 1241 2793 1187 7354 3065 9069 6813 7251 4827
96 4187 1269 1185 3326 5116 1574 8648 1048 4506 3311 418 1606 7131 1270 2094 8740 4229 3791 7339 8531 2787 1416 4969 6256 8752 8459 6119 2155 1807 1800 6869 207 8469 6368 2755 6598 5905 2854 890 8681 7967 9959 2445 3771 2314 864 9780 3508 4260 2411 6494 7646 2543 4639 8389 7334 2775 7993 8635 8710 553 9079 1552 4002 9926 1143 4533 6650 6178 7831 3876 9076 7900 8372 9851 5797 1721 5737 2827 5134 3500 7376 1240 1694 426 2306 9279 7838 8001 8240 4892 4184 188 9814 5449 5139
107 9934 7601 8203 6437 9612 4898 5196 8343 2452 4023 5623 9565 556 9993 9154 284 2012 3187 6463 710 7713 3772 4355 2506 4664 7995 7141 5019 2028 9287 2678 37 868 436 6733 7405 3186 8293 7862 4772 2440 2872 1228 5272 2573 9012 5436 2817 522 9674 7669 1834 4093 6923 9930 2829 4685 1677 3467 5975 7401 9898 3630 4368 8335 9730 6736 3553 6136 1892 2459 6862 5351 5791 6938 674 9314 5662 2606 6308 141 3781 1212 1742 9901 2340 4012 1915 2421 2376 3290 5982 7684 4522 5931 7457 1767 4208 2899 8829 6329 5090 1002 2307 4177 2387 264
104 2148 7617 8266 1266 1495 1876 3387 1663 9774 5751 7242 8446 2913 9451 6928 7414 2816 7966 1079 1432 8873 5035 9297 8283 4995 9202 6906 5361 877 7518 1965 1658 2189 6996 9177 6079 8085 1654 8067 5331 6433 4559 7282 2497 1390 9918 3787 7346 3782 7311 8262 9231 9312 7536 2634 7861 3298 7624 8532 8757 9339 9795 2500 5591 7014 1867 1368 4968 2551 5634 4231 2166 6485 1134 6170 1036 2603 1275 6286 9014 7015 2079 8784 5707 1397 5986 976 9303 6553 9470 4794 5722 3151 8311 5837 5909 9153 8823 4957 8649 4067 9967 8125 6653
106 7247 5675 3219 6998 4637 5018 2596 8724 2562 2814 750 5329 9465 2150 7064 7918 8956 9916 9473 3806 3396 8880 8911 5165 6262 5055 5296 7389 7428 3903 9475 55 3899 7388 1324 8723 7233 7818 4627 708 2450 4819 5415 3843 6072 5736 9771 4043 9419 9728 6660 4321 4015 1790 451 8176 2995 6688 8221 8057 2363 5457 1361 3958 9033 3491 3946 6622 8105 4631 2444 7917 1548 6451 9334 9609 3845 2069 5070 2922 4190 9415 1719 3538 5886 1676 5115 6760 8734 9352 3403 1920 5444 6008 5875 392 5052 775 1444 3813 1609 5179 1990 6908 8557 9512
100 4400 8480 1811 3407 8443 9679 250 5958 2275 7720 5416 5525 7236 6912 6272 3524 3761 1197 5936 2655 247 2635 1598 2467 4545 5176 6168 7020 6850 3835 1940 1203 3626 6698 4592 234 8632 4844 6159 853 7382 8392 5841 326 8280 8014 794 9747 5059 8594 1076 7984 7975 4224 2591 1556 9509 9661 8251 6518 1847 1219 9035 6486 1016 1536 6734 52 4318 9106 9389 4883 5373 8089 7791 2468 7681 838 7277 6191 444 4173 1519 4926 4479 9068 6407 825 1336 8727 1247 6293 5378 7952 6727 1522 7280 8098 9516 8494
102 826 6013 1217 7326 7058 5325 2960 1801 4254 8537 8711 3520 4221 2017 8999 7570 2252 5915 2869 7619 2035 9101 3272 517 6517 7961 5799 2401 7732 2797 3090 8993 5776 8904 4323 4619 3050 7512 1889 268 6239 3527 4487 643 669 8815 1163 4249 5828 6146 819 5935 4326 771 5471 2902 3154 5972 4060 8291 4584 9595 7426 4419 5082 6825 4068 9793 5001 8986 567 6856 6731 286 9980 6939 2958 9199 8529 7400 1733 8474 3991 4507 5460 1224 570 1576 9278 7036 9018 2455 6442 349 8303 5546 1844 3693 3789 2675 7891 7895
102 2284 4313 5768 4973 9553 1394 1248 4921 5206 6120 850 3634 2688 2005 3413 4025 9336 9555 258 795 3678 471 2759 5924 2667 7988 1309 6512 7625 6657 2672 398 8647 1664 6504 2136 2910 1644 7569 7164 8851 1731 972 7415 5738 3766 7844 2520 5601 551 368 7511 2420 9292 9775 2381 2334 4971 6842 1018 8837 8654 3297 4687 6693 7985 3439 8567 5769 6587 6811 6788 6669 6586 6712 7809 23 4098 8377 770 8234 2281 4434 3452 7115 2062 5501 4016 3652 5467 5248 8503 1101 8170 3841 7935 6936 5214 7805 722 1674 9113
106 8852 7231 3021 5245 8512 2052 2501 9309 384 2453 1864 140 2778 4933 9367 808 4057 9932 5836 8707 3378 4156 333 6422 7648 6625 4167 7722 4407 1438 3078 2092 1602 7075 4163 3177 5901 6474 562 9082 2379 1237 7623 77 769 533 6643 1691 1877 2336 4910 4864 8009 6954 1316 2918 8 7134 5193 1283 9205 2523 6786 7991 5148 7268 4084 8352 4979 2002 2041 1474 1378 4050 7369 1491 8336 2099 8287 7244 3727 5424 9432 7256 9267 9179 3967 1117 6784 5083 6195 1039 564 3918 2242 712 4484 4757 787 4588 1469 262 2728 1636 6428 4632
97 2651 443 5084 2417 986 1921 2986 5710 4428 3757 893 1752 8081 7226 5627 9915 6804 4342 3355 5168 1029 1529 5683 1804 7030 8644 4657 4606 7947 4217 7897 9135 5887 6720 363 3309 6431 7585 7038 678 4105 4798 3451 4837 2996 635 1411 3936 106 9277 6994 5618 5395 6799 8553 5379 6900 3070 3933 8670 373 4674 2949 7227 1094 5068 3357 6346 2216 1253 2015 9241 748 6641 1899 7442 4576 8427 7489 5281 7642 6099 2992 1342 4729 791 3689 3388 8656 768 4266 9608 5012 4137 5480 6904 6200
94 3640 970 7788 8090 2633 4812 2989 3054 5079 9404 7069 7605 1997 4312 4787 4365 277 4470 7433 3605 9927 433 1629 5194 5498 6778 396 1918 3854 7473 9387 6348 3418 7755 3382 4172 9791 7992 658 978 1708 8179 4498 6823 7613 1849 4790 7403 291 2423 1517 9322 4961 4033 1159 8455 9169 5589 4269 1789 8382 9873 7294 6179 8877 8833 6761 8830 6694 7933 2554 3588 1723 698 6702 4358 9948 5246 8330 6338 6176 7377 6562 7051 7635 8949 7762 1028 6846 6059 9077 9298 713 4182
107 1960 2393 7724 5576 7962 1466 5842 9601 912 5368 402 1338 1451 2394 3312 6116 6659 5078 7889 3 9457 8976 7462 4542 4717 2093 1210 5310 9225 5673 3939 3302 3077 3535 1641 7927 7093 4900 9357 6945 5275 6232 2581 9046 9839 5242 8278 4045 6505 526 8261 9852 2609 57 6037 8506 9603 9171 7806 1946 3838 609 4582 3877 6617 5810 3643 5447 6561 4891 2923 1013 9187 1489 4250 5592 626 8590 1582 7329 4450 1234 4003 1131 5007 6351 4953 4863 9570 5951 955 4039 6680 1753 4706 7832 3039 7491 1365 7517 3998 5036 9772 6655 9319 5606 3526
107 484 231 2954 313 3713 2109 5652 2620 1452 8584 9397 9250 3921 2727 6396 2546 2341 2659 1167 1055 6682 1547 4917 3783 1501 3335 2395 9365 3208 9655 9988 100 2871 8717 1096 5317 2011 8437 6571 8338 8384 7454 9272 8685 6708 5013 6758 6667 9664 5212 6589 7524 283 7955 6334 2464 9323 7217 3654 8036 7061 297 1110 2315 7793 131 4191 6697 249 2619 1683 9643 5483 549 5687 6130 8764 2924 3531 8128 5160 3616 5820 5468 5961 6796 5721 755 4429 1979 8486 1140 4996 2220 9807 7828 9614 5336 8403 3012 4501 6896 5322 540 408 7241 9086
104 3701 4779 3136 4096 8786 4564 1041 8079 7031 8739 9699 1047 1737 8018 4438 6019 2310 6280 9483 5100 6815 3915 2752 6540 8787 1207 9427 1637 1922 2004 5348 2487 1755 8213 6076 8357 4056 9021 6817 6893 6248 8244 6198 3043 6372 4258 5337 7688 9280 512 9265 7616 5507 1464 8704 7314 5660 2278 663 1418 4394 3814 3924 9904 6879 4946 9936 8148 7208 2670 7013 789 3569 4227 5919 4310 306 4004 4667 1667 492 1551 5640 302 1445 2368 9096 3456 6468 58 6335 478 1821 6065 8432 288 4307 7996 7650 5807 8692 6365 9858 8622
97 9299 4463 8277 5571 1772 8778 8879 9802 220 8404 964 1332 6461 8941 1826 8794 3253 5655 198 356 9378 5555 6781 8530 6737 1831 1873 2969 6001 2203 4850 9953 7537 9840 4918 9436 4541 9864 6981 9677 9331 466 8603 3646 2358 2514 3610 7348 1660 8605 6050 8365 8282 1148 790 7126 3163 7756 8660 5916 8869 2971 3947 6257 2033 1640 8608 74 1308 1650 4214 1330 8613 7459 3842 508 4492 3928 9325 9224 156 656 9641 7557 725 3058 3494 7306 3632 9727 4927 8959 8108 7922 163 4391 607
99 9421 2805 9995 8792 153 2575 4986 2578 8797 5850 4319 5207 1894 3612 9238 4089 5086 3690 6305 9155 5442 8958 3943 655 3797 1181 5307 1216 2124 1425 3275 9413 7089 5142 5558 4390 8899 9007 7759 7692 4518 5388 8104 5952 7843 2269 924 4648 6658 7104 4300 5946 5389 2448 3696 5985 3482 8136 2372 3226 4209 3671 3468 855 7384 4192 4009 4189 3532 8106 637 5695 2490 4575 8952 561 5830 6196 3091 3000 3830 3144 5164 85 9460 2472 7046 1189 9983 7942 6983 7662 9682 4793 3172 7493 4743 5056 5067
95 574 544 9666 5838 351 922 6188 3099 5319 910 6354 6963 5825 7262 7461 27 2647 8188 525 6701 7657 9042 241 1959 3879 8769 1508 9071 8029 6612 1780 9456 3464 1633 2230 448 689 2507 1382 4063 9923 7112 8022 8508 347 4397 9564 5619 8539 4061 9828 1023 657 1621 6172 2280 1320 872 9090 1745 1227 5475 7768 6867 2168 4666 3267 6876 6377 6809 3883 546 7078 9743 5222 4686 6473 2836 6891 130 12 3895 6501 9137 1897 7953 3399 7503 1360 8536 4240 4774 5602 3857 5587
101 8053 5493 7116 5563 8745 7744 3462 7033 8662 1180 6045 3737 9481 4476 2404 3934 6662 8820 6370 8020 8772 1056 8333 3597 3880 122 9844 9611 6742 8433 4990 5371 647 2641 2553 7166 1066 1226 1046 4226 1564 7191 895 5233 2536 7808 7328 9215 2529 3101 8969 8147 8554 7255 8118 5124 9527 5917 493 435 5894 5299 2116 973 5956 6102 9647 4074 6296 1788 196 6993 8006 1535 5966 5367 8884 5504 8676 4645 2950 6774 6554 9218 2273 1771 5609 8738 6579 9146 2508 162 1454 5522 746 8510 9755 8152 9894 7310 2324
101 8100 3930 4859 2044 8412 5509 4563 3979 6271 6892 4111 6986 8579 7305 5370 3106 4750 9141 4577 6073 4297 3897 9024 5777 1294 8825 523 505 4443 3657 1611 3962 8418 8134 8462 1678 617 5382 6663 6890 6706 4523 2078 9879 5617 1935 7969 5024 7905 7671 8658 1632 8974 5998 8519 3450 558 9907 8610 4680 933 2542 4066 9186 9107 3305 2615 9294 4273 5282 6215 9029 8936 4642 2560 9550 997 6685 6212 6520 7763 6885 5962 9439 2144 4152 667 878 3752 9055 9973 237 8705 8838 7047 2717 4970 7248 65 1902 7951
101 2036 9713 1178 6668 4913 1138 9407 934 4672 8616 2595 2776 4175 5103 8947 1559 1859 8597 2535 529 7825 5904 7921 6827 7556 2830 3534 355 9902 1141 6677 760 233 8133 7824 9729 2513 2072 3286 7794 502 5773 9999 2710 732 7140 7361 6638 1814 6341 1295 8766 7704 3127 7711 9644 6383 7120 5358 3178 8484 9843 3350 1443 745 4464 6295 596 9559 2740 5990 9600 4213 8779 1891 2141 4905 8979 211 9195 9057 4388 5622 8003 9735 5806 8599 6092 992 3299 1943 9820 9037 1534 9467 3987 9874 4834 1177 8839 5657
89 7481 4770 9752 1166 3089 2735 1525 128 7430 7370 767 8217 2853 1462 928 1436 340 5004 1545 6033 9492 9965 881 7559 2365 8052 137 9244 7421 4930 9213 6443 7139 4382 7190 1470 9417 6768 5232 3269 8086 3212 1297 9502 3164 9344 1428 2524 530 2504 3773 4879 673 2496 2498 2738 9773 7652 8151 677 5132 1646 9978 5650 9689 6982 6439 2744 781 4820 9488 2677 2160 3938 449 3475 108 2233 6353 3691 5099 6075 7250 413 9871 9124 393 6821 150
