36 8671 3729 5670 6755 370 3248 1379 5186 9435 6119 5961 9615 7329 5071 6896 572 6264 9099 6074 5850 1247 5440 2836 4372 3099 9835 3778 852 696 9199 1248 9502 8521 8552 3640 0
34 4622 9689 7902 9607 5986 6470 1533 7771 2650 9855 2048 9128 7278 6071 5034 5429 4130 6492 2492 3050 4495 3793 8107 4162 9040 8100 7258 975 5798 3545 7830 7725 2563 1
33 7135 9004 1954 630 9189 4733 6644 7479 9829 4818 9068 232 534 85 5003 6630 1461 9155 631 8011 4194 8234 5207 346 2386 3787 423 1610 1413 2499 7813 1093 2
37 5840 3164 5502 4017 539 8375 7715 6719 6436 4981 2405 3190 565 4656 8254 4476 8363 9948 1360 5650 6751 1591 940 5941 1105 1249 6530 2578 4821 8079 7756 175 2175 3183 1010 5728 3
36 5193 7068 1091 5246 2013 4229 1381 4370 8404 9967 2213 7383 7747 9175 3838 5472 7389 134 336 1982 926 6260 1117 2215 933 2106 6167 3339 9223 906 5439 6893 4930 574 9858 4
36 9132 7319 9000 9518 261 8817 6057 7254 2516 8505 7431 1312 9681 9386 9288 4426 6158 155 1523 67 5633 9987 2925 2176 3726 1886 89 1026 5399 3141 1147 2307 418 2431 9697 5
37 6186 3556 96 5148 6143 1227 4424 7066 863 6761 4376 6066 2088 7499 6365 8590 9542 9407 1794 2421 6985 2895 5947 7973 1137 7411 9780 399 2336 3692 9686 1694 3869 8425 1183 2858 6
38 710 663 1345 1541 6121 6402 9663 4198 4731 9269 6371 2686 9954 101 651 4326 87 3451 5442 9366 1823 1460 6398 1629 7154 8288 790 3060 6972 5598 1435 2128 1114 2980 8925 9957 5513 7
38 6498 9307 9466 5467 2116 3226 7694 7165 165 4889 280 5455 8697 4672 390 583 6295 3727 5880 3366 9724 240 6390 967 4442 4529 6686 470 3757 7727 779 3742 7780 4298 2090 9978 8380 8
39 4060 4242 5065 2434 6438 6695 4502 9274 5314 1916 4271 8174 8767 2636 9547 7297 7148 6378 2824 6261 6485 7270 8324 7554 8900 2296 4299 4400 5426 8716 6233 3062 7409 9996 1170 4820 2404 2712 9
38 421 8681 7224 5497 8403 2741 6883 3681 4585 5445 5300 6163 4258 9460 6847 3139 7203 8624 9322 1455 7911 9218 3203 6109 3884 7766 6379 7093 7030 8423 2760 8266 3019 3276 6212 8230 5015 10
41 5443 437 7543 2478 4087 5799 4287 2947 9072 2324 9636 2919 5192 6789 7617 4831 467 4797 6393 7283 9135 9969 5155 7534 4522 227 1590 2150 1441 3830 4943 5189 5685 8814 2664 3012 6813 303 4381 2191 11
40 4196 8787 990 5333 4509 8687 8922 1583 6583 4928 1048 4575 7762 243 6035 7953 2070 3490 3509 6385 8599 8844 5684 5244 8366 6569 5628 6473 6228 8233 595 3797 300 1077 3815 3224 1318 78 2743 12
41 3794 7844 1625 3897 7051 1125 2715 4307 7974 4396 6931 8077 206 635 4075 2750 8830 996 1392 9106 5754 3812 2359 8102 7675 9005 787 2006 8805 1887 1399 3452 8429 8934 9741 923 2911 5835 2456 6082 13
38 7235 7706 6401 2891 3261 5000 5568 1631 8287 2449 7899 8053 449 5132 4007 1775 3273 7954 3701 4212 8106 2290 2817 3533 3562 9213 7446 7210 9064 3131 9727 8573 1076 1635 6704 3821 4209 14
38 1695 2550 2717 747 4661 5353 1342 5346 9193 3880 7130 9071 2333 5376 4872 517 9011 2133 4909 6865 8386 732 740 1073 1495 1245 6142 8526 7354 6577 6622 3025 4714 814 4784 5826 6048 1632
39 7846 1521 4465 6093 1759 3028 4637 7100 8388 6790 7000 3031 7538 2585 5607 819 8383 760 3534 9381 1422 3346 5256 6108 916 9165 376 7067 640 3503 7952 4151 4398 8909 4172 7827 2811 2476 15
40 6697 4362 311 6406 2974 4919 5968 7775 9968 8232 3834 8584 9208 4026 4969 1634 6373 9463 3094 4118 8617 2011 2039 993 1411 8075 8009 2199 5352 8575 1372 3210 3714 1393 3917 6994 9698 3243 9958 16
42 4135 5983 8507 4225 945 8536 8943 524 4276 5609 3083 3435 5913 8293 702 7244 2198 2773 4375 8126 7251 9519 2969 7784 8626 3849 7624 6796 9887 8560 2470 5470 7238 8021 4799 7355 7873 7779 537 4274 7798 17
41 6117 3129 8180 2417 4200 7669 570 8029 1375 9420 2690 2416 2979 731 3021 6316 8171 248 4360 7765 3546 9032 8224 6294 2280 5026 5103 6064 3067 1031 1148 3440 9121 6124 2104 7197 4631 4811 4980 3599 18
41 9017 5135 7896 1738 2649 5583 5737 9239 3041 3064 3404 9548 6897 8298 6579 49 4514 8251 9768 1030 2308 6496 9033 3594 5833 1836 2880 8674 8196 6830 9253 9888 9051 880 5716 6899 7600 8271 2155 3081 19
43 128 2865 9391 7498 8976 6102 8274 9203 575 3434 7656 9543 2586 2638 3949 4505 4078 4871 2443 4466 6731 7266 1290 1620 3585 8867 1546 2857 5960 8043 6383 1447 4993 2576 6655 6982 9704 447 1404 5025 6151 6730 20
44 8874 9380 116 2003 9798 3214 9808 8696 1601 3491 5572 1707 3296 2082 4951 8901 6263 7378 6767 1809 4393 7146 427 1156 4577 339 6277 7583 9115 3017 9268 299 1953 7574 8477 8362 960 1229 7360 2964 6426 5591 443 21
41 6409 7943 9001 2625 2111 5265 2958 7452 8988 2447 2652 7055 9453 861 3872 9461 3119 7513 743 1291 2554 3857 8532 1219 8218 6003 9674 1873 2580 5223 7200 3765 7046 8497 167 4994 8431 394 6923 4540 22
43 3173 3196 194 3871 706 2277 8720 8803 2411 7083 275 5594 9257 9582 1810 3065 4880 5620 6814 9200 468 5157 5438 7014 479 3355 413 9002 1054 6290 9059 4479 2794 6563 422 5091 5284 6727 4785 8394 2940 1851 23
41 8802 1140 2477 9035 1028 5499 9550 2959 5403 6545 9291 2987 8564 4181 8773 246 1304 4489 4842 358 6450 7291 8936 9719 3573 136 8041 9281 8121 2847 2854 7679 3848 6747 2923 8010 8257 8798 7778 4635 24
43 9494 1319 6392 435 1199 3002 5745 6519 2718 4076 1934 8419 4736 798 977 1907 5773 6804 4876 335 7660 6010 6300 196 6311 2253 4851 8374 4972 4531 6787 7579 7692 7967 9717 1281 6230 70 2241 6699 8331 5581 25
44 6181 1905 4781 8409 4858 527 7078 8731 419 4220 5781 9365 2197 3121 9856 9869 4045 4754 2707 5886 4602 6551 5247 7926 359 7606 5531 874 9788 2647 6582 3722 8616 3386 4705 6861 9771 6629 1193 3850 4931 6244 7588 26
45 5643 894 1371 4992 4332 7011 1396 7138 999 3003 7223 610 4402 4755 9693 1555 9706 4963 3464 1816 4679 4742 7763 8605 1158 4262 8452 8542 1211 3522 3578 4457 53 5104 5344 41 426 737 4629 8205 284 3228 2024 8983 27
44 4182 8408 2244 9521 4175 2042 7677 5696 9670 338 1741 980 8529 9123 694 8220 360 3479 7924 9050 7963 3581 2194 5280 7158 9690 5978 6058 8911 1567 7745 1482 3895 5599 4738 5123 8978 108 1606 1003 2532 2058 7773 28
48 9186 3744 6144 9205 9324 2985 210 2073 4248 550 755 5748 7186 8710 1516 4469 2412 8884 5837 6022 9886 597 3469 7129 2272 2340 7523 8133 366 1729 3407 720 7732 7181 1515 2338 2561 4351 4596 3442 4094 4782 7862 992 2345 4588 5739 29
47 4816 7481 1434 8941 2774 4899 8647 361 3082 5944 9759 199 3664 5483 5715 7979 3437 4761 4255 4641 5409 269 1139 4005 4213 6320 7539 7893 3325 5749 6743 8435 5261 8343 6077 1284 4573 5156 398 5480 7462 9338 9900 921 8372 2089 30
44 9964 6162 891 3687 4603 5681 1165 4568 6046 6080 293 130 1829 3887 7710 8721 9374 2556 2683 7972 8520 9069 1574 5726 2788 3275 4638 1315 2870 3741 7477 7936 6597 9478 2761 5474 6826 9803 851 3320 9517 9845 9204 9174
44 9818 1612 1668 44 2035 8061 563 8003 4539 4716 5580 5994 3856 982 3264 5337 1537 5357 2841 2845 1355 2074 6656 6797 353 6494 9184 2771 2850 7352 3875 6986 9094 9758 6251 8460 1971 2081 6590 7323 9041 2402 7522 31
48 2849 4205 6514 6214 3475 4179 1231 1960 3377 4358 4668 4883 1279 3098 9867 774 4339 7269 9079 1377 2083 4452 3415 2000 4766 6210 5239 6037 6081 2790 6321 434 1888 6123 7586 624 4906 9192 9096 2933 5418 7469 9134 1157 816 1478 7310 32
47 8489 9448 8463 8726 824 854 3476 4687 6234 7020 7991 8812 1944 5444 504 1568 4996 247 4713 1798 2688 2766 3051 4413 1553 1608 7607 1757 1013 2132 6009 6720 7668 2314 4059 6567 9622 9546 458 4823 8253 3852 5814 9479 1006 2744 33
47 6742 8949 3882 6240 5231 476 2639 4526 5757 6411 2544 4460 7338 7970 9246 5772 4934 6033 2787 3547 4987 6075 9600 1000 1681 3353 8500 8804 2242 2978 4548 6998 6454 625 714 3908 3677 8276 8294 9631 5078 7611 8559 8620 114 6357 34
47 120 3694 5329 6914 4154 5203 9923 363 2461 3034 4323 7909 8958 9614 9739 2906 6703 8914 8993 636 9935 6060 1081 8094 1981 5308 5321 6858 4051 7374 9201 2022 4533 4581 5079 5807 2206 5736 6478 2178 4515 7708 2542 189 1228 4774 35
49 2757 3001 1214 2225 4016 6016 6643 9285 4948 670 2064 6012 9373 4986 7007 9097 8135 3221 2604 5920 8176 5407 5615 6841 2014 6457 7010 8579 1042 1918 9450 5621 5847 9667 1222 3758 4015 5185 7509 5945 258 2007 3311 5644 9301 436 5871 3892 36
47 7346 7331 367 2214 2916 521 5933 2231 5153 393 838 4455 5085 2084 3540 4900 7713 9743 764 1022 1940 9611 516 7121 7141 8999 9716 6667 962 6092 4935 7368 4486 5296 9928 8130 424 1159 1418 5789 7453 8724 6993 4564 4042 9949 37
47 6735 2453 3792 5198 6381 8955 1818 3153 8012 8906 8972 2161 5463 6297 7937 2185 6040 8832 9452 9924 1035 2702 4301 7220 50 107 895 2784 4254 6141 9403 2165 4862 8499 4698 6337 7785 9511 1479 3718 4115 5524 4970 1609 4270 2085 38
46 5538 8719 3645 4924 1109 3111 9983 581 585 6641 5640 6090 8669 8096 1017 5288 2955 6375 8550 5125 8541 9498 8779 4403 4666 6675 7108 9508 3176 1526 3130 9173 98 545 3073 3488 3894 4770 9910 1027 3132 7308 7405 330 3785 39
47 7213 8665 1192 2708 2861 5233 914 937 2659 4170 1883 7815 7379 1368 6293 983 6811 7396 2970 3161 6200 314 347 2762 4964 9344 5632 8329 1743 3688 5469 6094 2077 7239 1676 1972 721 4253 3985 4521 2491 4144 8833 2885 8957 687 40
47 9107 3835 4692 4995 5973 6296 6701 580 3394 3743 2071 3632 7252 8544 637 7529 8511 8850 741 7597 8752 9194 1059 1066 6237 9493 3159 2803 5616 5630 63 4176 6113 842 2643 5821 828 5617 6775 3956 4918 9770 1572 3232 3618 4438 42
47 9799 6364 3284 5585 9170 9400 3565 4009 5044 5992 7236 8132 9111 9504 1511 1745 3754 4771 9828 593 4041 4966 7105 9145 6587 745 2157 2996 3297 3774 9585 3673 4681 4775 7178 8162 997 7764 8032 8604 8569 4063 8845 1943 7212 7287 43
49 6639 1861 7931 2904 4839 1949 5679 5820 4566 5082 7263 2127 2685 193 3307 6950 7458 826 2530 3103 3748 6462 7505 3187 7613 7961 8349 484 3385 4905 1366 5175 727 5893 9577 1421 1828 3426 308 3904 8488 847 4033 5068 7185 7388 2777 406 45
48 8097 1834 5918 5970 1337 5136 6891 8256 9526 9740 3822 4689 6898 7305 8039 9363 9620 2727 3194 3818 8201 2752 4227 8193 1269 3634 7099 328 2934 4235 8565 259 6099 7395 138 4387 7110 1063 1781 2504 6900 7886 2611 4335 7009 7947 147 46
48 9278 1034 185 2912 5326 7116 8627 873 3342 9879 9997 699 3686 6045 8112 9558 2535 8733 2295 5491 7298 9393 4070 7737 9022 143 979 1112 6245 2709 5298 5428 8869 9599 4594 7592 8570 936 9777 1412 2310 959 5496 4985 7070 505 1550 47
49 4034 4202 6187 8370 8498 2678 8273 6051 1133 7156 8049 9837 2963 489 2435 6453 9454 1731 2710 4877 6548 6540 8828 9731 6974 8792 8956 4913 8864 3638 2019 3364 8863 9852 1876 109 1021 5741 7542 3702 9618 976 4532 1483 6846 368 2776 879 48
50 316 758 3117 4610 5414 8247 2433 3163 234 7507 8611 132 357 1354 6845 9589 3720 6607 2343 3336 4667 3760 8512 503 2594 5106 8084 5335 2096 6324 6922 345 2984 9102 912 3253 3873 3912 6013 1621 4704 4891 5126 9061 2306 4342 5839 9337 9819 51
48 7817 9914 3382 3497 5365 8159 2691 1347 2982 9805 6968 7025 9703 8270 8487 2509 6421 7847 3616 4216 8002 5810 8530 9725 681 2725 2813 3721 7687 1466 5549 1825 3384 4853 5600 8962 9484 2099 3396 4640 5330 1326 7199 7879 1129 348 209 52
51 7261 7419 7604 3710 6698 9095 4547 4828 5069 9792 1576 5057 3453 4660 6595 6766 8229 8473 9532 7933 4461 6776 8897 8384 8479 8840 9044 6647 9066 9300 9998 548 4856 6073 7906 1019 2173 8342 8742 5447 6114 6817 7649 7366 5977 7913 9520 9897 8054 1239 54
49 2998 8602 312 6515 9464 2362 3251 8059 8240 410 667 8028 2030 8944 3254 9370 2284 6806 8101 8250 1705 3842 3201 4419 4645 4855 5936 8042 4620 166 4700 3898 7569 8551 8381 9083 9472 466 654 795 1692 1038 1209 2409 2458 4186 1087 1667 55
52 1198 1654 1711 8513 8965 9108 2676 9070 354 915 1662 5486 7127 9646 1101 7651 8340 2626 3023 8360 526 2240 5184 6333 7796 7816 1664 9167 567 4273 8317 2468 4014 6208 8639 2822 9237 2164 5087 576 661 2454 9232 9248 91 4103 4167 6183 201 4773 3963 56
51 7460 8670 9409 4282 5305 5753 8226 1615 3395 4859 8456 5235 6586 7133 7142 7793 377 2008 3429 1563 2749 5698 7172 7742 9345 3069 5114 6286 1141 4611 5216 6610 2419 3408 4613 5883 6571 1216 7225 5272 683 1831 3334 9052 1948 2829 6749 8896 2131 2905 57
51 4524 7840 292 2258 3058 970 4237 6025 6135 9036 981 6467 7782 7801 5919 6285 249 3719 5215 4079 6471 9941 869 5293 6355 4590 3855 4291 5655 5851 5946 6620 7053 8793 725 5227 9528 1945 7724 131 1685 4267 5603 5803 9921 5626 8829 4516 8297 4174 58
52 2394 6070 8146 897 8163 9321 2297 3052 7751 356 2028 2274 609 6646 7247 7249 2489 2798 4473 9864 552 6860 8967 905 3379 7391 7655 213 9789 9926 800 1180 3124 4268 8886 1425 1967 1993 4210 4657 3649 4707 5629 9451 1600 2863 4669 4795 5050 7752 6674 59
50 8940 2634 5515 5874 7333 9214 9299 9993 2632 5046 2108 3669 4058 7828 8747 6281 4327 7164 3145 2525 3333 6188 6880 9617 141 3436 3749 4203 5506 7928 4512 8200 1703 4192 7528 888 1177 2892 5310 7855 9019 9870 1624 8651 170 3375 4347 6278 7052 60
53 9507 493 302 7576 8882 821 7418 8161 1374 2621 3891 7031 7553 9018 9429 2315 8438 2303 3188 6648 7024 9594 544 1487 2730 3755 1653 6801 9669 957 1773 4758 4812 8400 5194 736 2441 6615 8214 9586 643 775 1043 2086 7755 2252 4719 8078 2249 3231 4788 7770 61
50 7977 2029 6213 6310 3146 4169 6298 7018 7738 4226 7581 6566 6882 9793 9890 588 3715 473 1589 2705 3335 1171 2957 6465 7993 2271 3611 4286 4915 8258 307 8785 180 1065 2981 9537 1894 3262 8717 4126 6254 6352 2377 5570 6031 5648 8211 6369 785 62
51 9055 2670 5959 6724 6076 7716 9008 1626 4825 5370 5902 9726 5451 8952 7277 9973 6827 1203 8015 8450 342 1287 6784 6976 267 1877 2518 3152 2123 6536 9211 2285 5667 9342 2720 3487 5064 8261 244 5950 6777 7163 8335 9043 1463 3134 4805 6916 9120 1439 64
55 8283 8794 9712 590 4752 7670 8769 9279 1166 3828 6969 9854 9141 1500 2207 2517 3298 5066 8644 1339 3006 3602 713 2372 3063 4289 5925 233 481 2942 6039 8339 8862 1468 1639 1898 7157 7700 8215 3213 65 6400 3045 3417 4927 5534 8259 9679 215 3886 5637 99 778 3604 66
51 3647 5230 6202 9258 3246 5990 6152 6557 154 8269 9117 1536 6199 7634 1964 2809 6194 6909 8014 8545 2951 3959 4694 6664 6835 508 2557 4911 7205 9359 1473 4627 5219 8491 3974 5738 1811 7672 8475 812 1508 4890 7632 8937 9713 3932 4921 9606 9813 7211 68
51 2896 3612 7749 8008 7195 1493 7786 886 2162 3684 6857 9933 1023 2568 2770 3309 6334 7347 1225 4456 7580 7795 9873 1830 4956 5658 6055 6259 9183 5989 8249 8424 431 7054 9216 1033 1661 6715 600 5942 9705 3128 6977 9084 881 3926 7854 9379 6043 8127 69
53 9289 1565 2033 6756 5388 5733 9538 1474 8991 525 4382 5338 8051 2222 4677 5765 6726 8169 9497 3643 4083 4895 5109 179 6657 3589 3631 6708 4937 9779 7182 8729 5473 5493 5768 5999 8578 2700 542 4708 6168 3403 6988 7547 925 931 2616 4256 5614 6447 7262 3753 71
55 7960 277 1726 3162 8959 9922 6218 4861 6689 8728 9490 1586 3155 5801 6065 6525 783 829 8145 8588 3525 3836 8780 3703 5636 6739 3076 3225 6723 7340 1603 1975 3474 3918 6134 9025 7039 2484 4721 2540 4551 5142 7966 253 290 2140 1357 1449 6164 6722 8080 9357 4032 5662 72
55 5818 7530 276 6650 7356 7921 1278 1927 2879 5174 260 973 4352 6556 2367 4068 7096 4218 7176 7228 7609 401 2541 2018 7776 9182 6138 1998 3788 4511 9251 9541 9625 5162 6184 408 4190 9752 371 9465 9467 1658 4269 313 2281 7088 8280 1512 2180 7401 7614 8753 9220 2795 73
55 633 6869 1789 2260 3924 4098 6098 9673 8531 9474 4390 7109 4406 4445 5295 6884 2275 4787 6611 6864 8596 9849 156 678 8811 9139 9557 9576 9685 117 3454 4195 6067 6394 471 2228 4953 5101 8954 3672 5574 6273 6799 8222 858 2067 5665 6431 297 3771 7560 2526 4440 4077 74
55 4116 5876 7836 9650 172 3841 8348 8856 791 1070 3993 8847 1919 5868 6464 3332 4520 5092 5360 266 6403 7515 8027 8688 1317 2076 2990 3653 4892 5283 5522 793 1044 2613 2390 3654 5526 7139 8528 176 488 759 2694 3560 8405 1164 5206 6876 8977 1311 3878 5205 5595 6459 75
57 7013 8167 5793 6354 1270 3303 3940 8024 1472 6793 7091 698 3091 3494 5934 6112 3506 3657 4357 2948 4318 5543 5782 6458 7500 8668 2392 3500 6521 8583 608 4574 4945 5401 8265 8426 4433 5145 6759 8493 7743 3527 7739 8158 2001 3961 9682 511 3447 5802 568 1197 3784 7922 2587 8157 76
53 9628 2581 3583 7697 1090 8023 9878 256 1796 2546 4411 1015 1987 3127 5729 9153 1790 1072 1153 3991 3997 8960 9593 1134 1262 2495 4836 6096 7149 8548 3421 4621 7420 8071 222 2219 2973 7040 8822 1846 4608 5552 6248 7695 3242 5392 6877 7082 9786 5766 6844 5708 77
57 133 1075 3227 9058 523 6802 686 2779 2976 6349 7427 5688 6959 6995 1458 5718 5940 1538 2732 3467 8228 9596 1453 2261 2355 7790 8861 9812 1445 5465 9763 2887 3075 3100 4746 4959 8187 2884 5097 5318 6175 4146 5518 5824 7466 561 4155 6920 7915 8825 2080 2972 3552 8646 697 3470 79
54 709 1784 8212 9062 892 4869 6126 2380 4908 6346 7059 7646 8666 7162 587 5903 6516 6663 7102 9661 238 5433 6339 6936 145 896 1841 6621 7447 4865 6820 2196 2877 3968 4322 4378 4628 6363 8592 1040 1476 2265 5022 5163 9626 4474 5759 7605 1111 2200 5094 6570 647 80
57 9718 2747 7303 9563 9894 2838 7566 9073 9942 5128 5588 5811 6166 5363 9761 1969 4768 5422 592 642 7189 7435 7501 8433 3480 4345 4850 5127 6528 8221 9195 9330 1122 3777 6592 7444 7456 8244 221 9054 9468 432 500 3093 5605 6410 7465 7478 9425 6559 7371 8323 4597 5402 515 4085 81
58 6223 9575 2349 1152 1826 3504 5475 899 1095 3559 4902 6104 7721 9441 3234 3390 3660 1549 7506 8144 8307 291 1914 2254 7372 9318 6241 9764 82 3734 7994 4315 4391 6888 8990 9078 8445 2764 6482 8415 9329 384 1256 2291 3975 5704 7856 8702 1839 5049 6444 1673 2488 4279 5546 6235 6640 83
58 8470 3202 2672 3027 6274 6461 6600 2059 3514 5151 1819 2292 9358 9424 229 2105 2429 4031 4159 4443 9476 4709 8494 8806 5009 5997 6934 9326 5421 5912 9794 4110 4536 703 3530 3807 1714 1801 2052 6509 7028 2789 5213 5668 8284 9647 2026 4275 4654 5462 8676 3289 3548 4261 5307 6692 911 84
57 7324 1309 2247 3178 7003 682 5287 6466 7037 7294 8255 9428 4600 4808 5255 8202 9980 1897 2510 8289 1547 2121 4266 7633 8913 9995 878 6001 6733 2342 5240 9696 835 4178 9581 6432 7390 9825 1525 4428 2656 3907 4334 8870 1403 5523 8948 1074 1968 3499 4664 5311 3055 4498 9397 7073 86
56 4867 5879 1736 3564 3900 9936 203 950 8749 9265 9470 900 1701 3167 3980 7304 9140 9349 169 2167 5048 5182 6169 2571 9109 2658 8462 1327 6928 9601 3587 4802 5236 8663 2536 5601 4140 9912 1929 2466 3511 4157 152 3698 6542 415 4101 9745 656 1123 2122 1924 2148 4863 9781 88
59 6783 514 7934 1014 3883 9317 907 6416 6510 1064 1297 1930 2192 6867 6960 8123 4983 5631 4553 9641 321 2529 3691 4619 2130 2354 6947 7234 918 4847 5859 2875 4435 4086 9160 9432 768 1642 5527 6343 7321 8026 8907 9306 2498 3326 6338 9992 2758 5259 5332 7731 149 4893 6585 7047 5756 3356 90
60 4541 6475 3543 9637 2327 4873 5038 5377 4215 5134 8969 2046 5152 1644 4879 5237 8577 617 105 8033 343 1860 5706 6736 7657 794 3768 7733 9624 535 1224 2049 3206 3486 559 4388 5477 2360 4878 5979 6439 9207 4028 5550 7741 4361 5932 9282 1623 5028 9030 265 4380 5846 7041 2944 6961 455 616 92
56 9747 472 5558 669 3930 8465 3207 9642 1912 2607 8781 3582 3646 3859 4311 601 1785 4767 9821 577 844 3658 4350 5533 7996 1889 4501 5714 6807 6837 8263 4197 8359 2326 2527 4576 9804 1195 6895 7171 9414 1426 2902 5275 1723 2060 3018 3318 5158 5863 7339 7834 7618 8815 1263 93
