200
9732 19
50564 23923 97694 97489 5122 21619 16150 23745 30621 27469 14832 91031 59657 46395 45457 25547 68587 70399 34279
6112 19
71160 93072 95625 86659 27539 61716 31668 13248 47382 6901 78666 54018 40142 1051 96465 95722 57834 87586 21317
8408 19
46750 22006 37821 69966 4098 5279 23584 82975 3312 47632 40222 27938 35896 63077 13455 23569 31076 16222 9756
2631 20
30747 72613 11334 63405 39248 49839 86463 92325 72913 51443 98470 46628 65968 91910 48846 41551 27196 53154 95646 28844
1478 20
16541 88154 94760 3165 44076 99281 89956 94114 40915 70272 11030 16091 29280 21990 59763 31959 95287 56764 81910 29736
1764 19
12597 65781 14640 48550 12587 56758 56985 21325 56196 13065 14379 64281 20779 77315 54107 11406 65649 47404 44025
3597 20
59146 55285 73670 12667 82493 90342 84345 26650 43181 90138 76133 37962 10118 11413 44464 15572 43268 95110 30212 40462
4255 20
36939 63616 49819 80831 26711 82795 99761 67242 4701 96564 30433 77860 64636 43634 86205 72649 86341 56287 86820 81866
5294 20
48322 22139 48438 14456 99504 93883 22848 28350 35912 24523 42723 98765 80627 77661 16698 78899 93228 78911 95852 87435
1670 20
4625 76288 3253 71716 68138 7834 74694 16775 1764 2236 56610 51718 38845 63980 9793 68239 68278 23129 3093 93037
5172 20
32583 5955 67828 24432 8430 45727 71104 863 22553 40985 57587 52564 17102 6742 52269 70466 78612 4624 57499 51447
1401 20
41249 77727 63672 85309 4430 10209 33765 63603 650 35776 89744 59882 25313 88283 40839 99567 32087 18325 36831 21662
5065 19
99758 89812 62380 28703 71880 77520 63892 99038 75917 69453 3096 20130 6870 311 71471 9950 40458 28614 32542
4271 20
1111 28379 49633 71604 29450 86717 54256 44465 11583 48279 68113 34348 12340 18754 61454 26395 20987 24347 43577 16292
1542 20
25437 20852 86246 46442 74937 2698 47800 23501 35572 50781 41041 91068 53326 41059 88883 57961 37154 43483 32276 48422
5006 19
39830 35815 95257 46101 76702 64415 57867 18289 12938 25614 6050 53649 91079 30427 21514 68314 50106 54828 54408
9582 20
25539 68781 72058 26027 82593 75325 15781 57117 38096 76051 62732 72460 65333 18295 84645 71517 49047 91380 79771 80930
2595 20
4574 56102 58789 32210 21527 85163 99774 37988 20237 89403 43589 7402 47277 53077 14294 6211 65394 74434 24051 68600
2829 19
96141 52043 85013 56084 97725 82823 85274 91369 97508 13207 41562 8252 9546 85080 74154 60182 91436 27028 77091
6910 20
10629 72794 79901 30148 74100 42546 15432 83844 59656 15916 29904 68231 77514 34096 92039 24360 84035 29866 1461 1819
1959 20
26926 2558 58849 22070 78377 40740 80465 30904 26841 65440 6488 30360 8816 37462 15504 92586 37814 79779 66986 33065
7197 19
17486 23852 85002 32052 47711 29183 22905 50884 57825 35493 37221 57881 60373 70548 9789 45087 40527 79354 33752
5287 20
78017 6389 61540 25386 8987 74627 74984 7137 70320 3028 69034 84768 10141 3206 27536 80276 45300 85930 28737 25182
2935 19
1992 68413 63695 7784 14544 94414 34047 89879 44126 37879 84668 89387 29005 37916 75105 91478 34906 13418 79361
8696 20
65791 5076 42488 66416 94634 82577 2284 78115 82092 77630 24855 38304 87902 3876 89554 17085 86267 44776 45104 35619
7339 20
99861 50903 78398 72783 29480 5671 27500 29228 56101 32405 37395 28568 32093 2107 43162 18156 47960 53848 95078 77692
3169 20
97013 51699 83548 28600 27591 61712 32833 55535 14258 45464 21040 39686 50325 27517 91815 47381 88523 21488 68833 81404
1598 19
81280 57788 17390 3331 56326 76495 11831 79514 34493 9729 93254 38745 64519 30557 10902 51557 38763 13254 11607
9487 20
52169 9282 72923 35812 75389 2958 32950 30970 54543 75819 6038 26750 76083 98040 32426 32525 62805 42850 64606 24335
9692 17
95232 44492 45235 10196 70740 38246 6893 49181 53196 17138 4046 89000 59362 94674 90107 12574 991
9806 20
49240 5999 45685 26491 90405 17347 75753 32539 25166 51194 63040 48636 91531 23799 66792 66069 5897 27565 7833 3034
7901 19
88594 72008 16893 88339 80845 18318 99186 83308 46423 2992 57998 51089 57830 29644 58602 26579 83517 29395 10970
7815 19
69558 90067 35113 99502 65395 43089 6691 90719 13176 48124 47844 5927 79735 9755 21168 56576 82861 83165 29279
1424 19
76808 32595 43196 88912 88949 75658 78366 82775 37377 503 60367 88092 18512 70030 74316 75603 5751 62620 35687
3177 20
61995 22071 6937 95194 70659 20571 3862 87898 72611 47795 36917 95748 3463 41280 8418 42259 53291 35387 77499 11779
3454 19
68136 55062 65778 9148 34871 19732 84783 65362 65984 65309 31384 79703 7321 19304 4898 32422 52330 98346 61351
5280 19
18672 40635 7245 79446 24160 61687 13124 40099 54599 59088 43188 74762 23202 85419 82615 85492 33324 20382 25926
2493 20
58246 83473 76814 57871 8519 35806 95617 40108 15829 42085 48818 74389 32355 63953 33432 39918 43399 4729 79579 33551
5036 19
35359 52674 13524 85664 58639 53126 39032 40914 579 30645 46328 29604 39903 92696 18083 13644 77929 45519 9900
9294 20
57295 33522 87581 59429 54341 48181 37479 747 37909 57516 7009 89243 42870 97076 68640 23597 96726 16973 72711 42080
1750 20
44587 54370 3419 41618 7149 64392 11023 10305 68908 68603 28733 70715 84480 74833 62902 91749 91723 97517 80077 18814
2643 20
48641 19499 92984 571 88998 16944 72542 31813 60965 47714 60587 38170 55530 46099 47531 14964 70175 92516 27112 72861
8407 17
29682 36215 71533 553 90837 53003 43528 61032 58976 13322 49023 24530 35536 71975 32342 1674 73812
4630 20
67946 54033 72945 47610 48216 29479 82768 7177 94786 79817 28823 66660 84525 84719 368 69243 43959 57171 7100 91356
904 17
28012 96928 24713 7538 90569 71323 44808 37057 86297 53568 62617 31208 64466 97527 26397 16486 1135
3120 20
85769 95577 16260 75149 81665 82105 74725 80761 92494 54200 41195 3756 72215 99902 807 70284 86000 89957 45779 63599
2644 20
91944 43777 27945 6193 4356 21544 86734 35476 45285 57696 45494 84739 35291 53516 25096 8260 86827 76246 25465 45568
661 20
66405 5110 9112 86001 15973 44823 41272 55860 31489 49350 26557 15297 25973 50977 77606 46618 83190 32402 87312 48941
2995 18
5274 84242 5441 30414 19577 52134 30202 63121 57138 18246 19261 9318 43436 52146 34544 1247 74081 21413
4401 17
2498 55517 66987 40054 27963 91057 89240 12535 176 96546 53624 90009 10694 92631 55061 8449 13369
1133 20
28103 22869 24559 23045 84375 6023 23940 50898 80544 4635 20269 41625 87020 20708 21741 41188 35861 67618 48670 89093
7358 20
88944 51487 34122 67570 30585 46203 47834 81543 34271 59605 45114 63957 36550 65619 65508 46729 81897 41726 6016 8226
8046 20
16932 51652 52846 9462 89532 48638 70753 23451 53756 35624 13731 93679 59572 70965 80588 67877 47686 53710 1801 19009
2560 19
61536 12033 54891 57157 53012 36243 23625 46678 30532 90653 3919 9355 34286 98687 42077 47585 87694 50332 47035
3928 20
88388 49155 41979 27612 76960 75480 15018 36372 94388 45529 98055 20790 81414 67684 32229 30902 79929 99984 11109 1040
5763 20
25576 26444 76502 75194 37166 53009 66230 69478 86642 63137 95236 59160 53371 94605 66108 59364 68800 24823 71306 78572
1364 20
31631 95115 18075 43337 78179 7442 36175 13278 83629 35016 16602 50191 5480 6637 67215 22118 53457 9703 61473 46785
9029 19
26710 76134 16128 63312 9474 15325 67865 15282 54927 15784 87109 73968 67385 90513 86492 14741 93249 21238 8174
5621 19
94534 28194 3209 34928 56717 78307 80098 45934 59919 91081 12746 14822 27127 4633 60026 7845 19098 52140 32620
4139 19
88407 42697 49140 58217 81556 31040 31160 17427 22546 30583 66706 56378 54109 98735 99384 29502 4532 15677 37278
8728 18
15654 81479 18116 47730 72584 35881 74978 73194 74374 10134 56671 87702 50050 65433 69082 33260 35203 71936
1606 19
95307 81745 93400 92791 5223 73298 60313 81083 74681 70712 82204 87052 89988 443 16695 14572 70198 22806 70957
2830 19
65030 3571 74125 62515 22923 2023 69904 66058 81508 52506 11521 93477 24754 50999 85802 2816 27169 43765 73779
3015 20
32227 57506 61320 60802 62459 50932 12014 45619 10788 56574 45093 4840 84758 44696 34244 94206 34807 18432 59103 55366
1949 20
1416 41367 46254 29512 21318 75188 77607 99686 99572 96757 7767 5658 63589 2883 52845 98832 82966 71256 18968 24096
4188 20
49469 40737 78816 61376 53254 95029 94512 42996 9776 98086 9443 3949 61295 48855 74653 65716 4685 78967 24790 55107
6727 19
99419 89985 751 53500 9975 35650 99493 33423 62815 9678 33345 89031 71129 27475 20419 46683 169 68367 3037
5311 19
76763 31674 40337 26765 5980 66267 56186 81510 41168 71301 75001 37385 82953 52285 73422 85283 27 47594 88308
4513 20
60048 38979 48415 38189 40848 22984 4090 60769 52031 85018 77628 71928 88072 28662 47890 5672 49050 11304 63081 38479
251 20
96369 80354 30613 16364 6156 42849 380 68948 56930 43465 49704 88034 51726 36245 28038 2436 30980 41394 36247 42139
3340 18
1489 33191 46621 45755 64382 34884 66710 31484 7453 37866 76201 8177 77225 23964 54815 96673 82696 89643
5073 19
46035 86595 1600 92389 30100 68016 21584 54000 10573 40888 36875 61732 41490 45208 17662 70780 1651 48921 73007
9530 19
18334 8645 91234 71665 3782 3263 83438 5518 84206 72234 71577 94433 70247 65930 27657 46332 30646 59229 78919
6712 18
21673 72059 82890 90135 8461 85203 62255 55337 36804 15454 4260 76611 60773 4014 14454 10214 28022 87917
5747 17
49244 17337 29847 4551 76982 73983 28043 5477 10681 65590 61271 6244 31431 4922 58762 22476 84961
9717 20
85268 17668 10492 87353 71094 36358 80746 31011 53060 83029 81030 54700 80175 17131 8818 31613 89528 34430 49619 24005
9619 19
66905 33053 59750 22074 41545 4945 8715 94054 93670 63514 99231 81817 71889 74864 89384 97570 53603 67923 16869
4951 17
79988 58531 97325 81802 9077 84586 99435 4648 80866 47056 17051 17168 60946 96872 54317 83976 60464
9242 19
3638 29313 33400 6430 42919 86748 10725 31590 52262 26479 89260 37862 54825 1941 78355 37102 74072 21470 49420
4275 20
92110 98905 93416 80800 86091 95189 39744 32042 4338 2809 71821 70417 21220 99148 47970 86342 80892 63686 60857 46631
9805 20
30299 23730 57977 61658 30928 82251 20438 69928 64975 85938 63350 60084 34639 55021 77204 3203 25462 53462 54566 205
2611 19
70329 2252 55573 46689 71017 75980 20784 42207 29626 52184 35787 30014 57813 85641 2013 97483 29310 72537 20379
7219 17
10771 46688 76261 95844 81402 56374 52610 6933 99905 79025 8046 65577 83244 61498 10232 80035 30095
3525 16
99793 11729 80204 97816 54655 89782 72796 9648 28338 26248 88124 33222 39839 53202 22992 60690
5928 19
48786 89660 2104 46283 93169 71629 92971 70381 9901 58003 30727 16327 98020 58680 73704 6800 42070 89184 6437
6008 20
65795 14507 80558 34879 29348 49132 36282 54791 96729 60417 24401 43410 79165 87851 84551 11410 34661 5250 45867 29920
8385 19
74830 50374 69228 22621 99595 10972 88746 12131 62862 42967 47878 17066 44086 98942 48764 42303 8231 75733 41505
1962 17
73637 96098 69742 78135 10878 51671 82765 68175 29826 58664 73818 2502 30483 62671 96281 44428 84765
2054 20
38213 93387 2201 94677 59767 78287 80293 78222 57039 15150 45711 64706 64013 85047 44097 27668 6185 1710 91659 92636
5057 18
27927 54671 56493 69573 56288 30101 10394 37723 27485 20724 37004 91836 92737 52320 26128 51615 35107 98302
349 20
34171 99807 73350 59352 93253 39545 97265 18167 87536 20469 71808 56492 55168 10212 45706 49971 92378 17897 64201 83215
6134 20
17304 93362 3 53746 84770 21341 58272 54442 72197 46847 14464 83989 16441 15983 15130 28511 59575 20223 8314 88845
6977 16
99006 70124 48057 16614 97203 99975 1942 17293 26326 32393 75975 50143 71114 70449 32183 66128
7412 18
13706 17176 75750 34867 80424 31548 55422 86753 33927 69932 33887 94954 5212 43542 52651 45165 59333 68343
976 20
84408 1581 61758 3485 3121 7768 40726 96395 92649 27399 70061 78129 79713 61575 2565 20915 84913 89648 69105 25452
1537 19
86409 6451 2729 54007 72268 17099 69114 37321 33275 87307 61374 91907 97801 42729 74527 77438 12074 83836 48693
8834 20
47536 69488 80124 66250 27208 73288 29971 17043 57592 24810 94079 20112 15140 28952 47838 94166 32461 26969 33122 27790
9937 20
65351 33274 93406 80626 67641 27017 8300 80087 23664 64210 16797 73695 66338 93635 19533 71638 32255 55483 93171 86547
417 20
95889 67351 42052 23860 47041 60189 93582 99685 24763 10368 66048 96586 15324 275 35858 54617 53611 94957 6910 1989
4433 20
66372 66206 38711 19352 29276 63561 23365 43036 27731 84020 12864 54230 10802 68362 53097 51197 51203 94976 46541 64294
6193 20
80380 75383 36402 91125 6591 86553 30943 60882 46958 35872 99532 90838 8650 3566 14845 5896 81647 9104 48885 39912
3523 19
55861 14623 83589 46939 63837 39469 56113 66494 82484 22389 49092 89143 672 69437 92911 40136 85122 6594 61656
6832 19
25364 20256 22132 39171 44438 17907 65767 86543 83082 18282 26356 935 25371 59365 80719 99670 72490 91032 96968
2468 19
44075 75860 97638 4270 64188 92160 82367 58943 58641 71515 76499 6745 48757 55111 50910 22455 59586 15132 67246
7218 20
88476 58235 49821 7404 21624 68180 45458 19101 10604 9385 32922 67526 46565 51664 91340 41014 42873 17868 53763 75619
7834 19
8043 46790 17644 66811 49481 19199 28688 60732 7810 51735 5965 15667 54148 43920 35584 34715 42104 63472 58700
5053 19
59427 97862 39551 56682 37442 25989 11913 63193 93391 25811 97335 93125 19673 73720 95967 45636 47759 10965 59378
5337 18
24497 83241 21581 85424 39789 62762 91595 89207 25542 44852 78638 64741 89116 76649 64465 34927 73977 35646
6247 19
16436 80219 57766 17357 1267 82602 9586 1016 87127 43826 39781 84919 97839 13773 52998 68930 87397 93861 23903
8806 17
40312 22017 4935 4637 29987 26433 15056 78327 38700 39730 37049 58071 72171 75719 16845 62452 53684
2929 17
87204 54481 70385 21993 58328 91547 136 81535 35499 46862 43243 38703 30469 38518 44911 27023 27465
9647 19
47109 95318 24037 25514 46419 3723 14951 35547 15121 25354 69201 29392 36307 77077 22523 36874 20992 93830 6639
8301 20
79564 44378 79257 91618 86813 93091 73315 23887 94550 25209 68204 56580 80421 59243 33035 8668 77403 60520 77553 42833
2442 20
9663 96549 62385 69852 16842 72868 16400 40660 4533 48214 31444 27609 58775 48981 99505 73543 48399 25730 84503 98604
6017 19
99549 36596 44017 99079 90217 96869 97607 90235 76080 13927 908 23138 46107 24947 76518 27909 80407 81823 47062
4413 20
18639 7762 66666 37650 68090 32534 91694 84151 20025 86589 57058 14730 46770 7199 59260 49728 28378 3122 10327 20941
5239 20
99630 84346 20909 84030 32705 85295 77815 48604 77922 77807 60645 31060 72887 78457 40472 84253 60165 98401 93034 96215
2664 19
39531 30059 60287 91693 73485 31295 96111 57976 80596 47589 73448 47150 57718 65434 70202 69525 84514 54995 52093
2384 19
52570 47168 66377 40138 6258 40514 34763 44035 72828 65527 84077 15032 75040 28226 32593 74373 92352 89392 83871
6836 20
39964 20434 47880 63685 44567 13539 8810 11927 60963 16538 35649 34777 9803 76334 73748 46021 43887 2475 7098 43972
1561 18
27889 37612 5669 90433 16984 53032 87458 37006 16710 9880 92126 58267 18027 25619 92091 38789 71237 30326
7040 19
80914 36601 40704 95228 15896 19113 12011 51633 9114 40241 68762 6429 20104 18632 81695 26840 63916 10448 61395
7541 18
36777 9812 89555 93685 39512 83095 86275 67202 38348 90316 83579 36106 52966 20145 13215 11479 19940 5324
8472 20
31206 78122 15709 27105 87231 96632 88166 42883 47754 1120 99210 74540 52642 71149 42765 28863 37818 46723 96439 40905
9583 17
69681 11881 66941 3971 96922 982 65819 27934 84306 98534 70184 91996 22618 25138 42148 30952 38361
7389 18
23459 18996 50251 6141 52922 43180 55750 96539 28797 24479 65733 57523 8061 77292 73191 19237 7893 88532
9269 20
22497 57458 16975 17441 95977 19235 26592 59944 29253 37052 23128 76753 96352 93686 23676 26347 50815 9353 20210 86757
5197 18
69462 2237 36950 22871 16340 88446 31799 92028 959 72674 79138 23035 39479 35091 58313 86398 24753 45343
8736 20
25964 24446 51427 5591 60008 90079 11859 85576 16084 38512 350 33706 66827 33504 69455 49650 80692 94262 8865 21646
8117 18
97180 42394 95339 25582 14959 77852 33954 25506 87340 85583 70570 45061 86052 82206 82481 84635 54384 4576
3629 19
24513 44889 26714 789 16242 4753 68531 88364 70113 99147 93128 12758 6044 5300 66715 64501 72472 51851 5750
8750 18
62683 31847 74777 9468 92134 44610 32270 22364 87766 83312 49185 7264 88161 56668 58401 38092 34853 51553
19 20
54031 84320 50289 84845 45938 62074 10987 289 31923 15417 33832 34109 59697 53181 53043 77516 82303 41297 2596 57153
7833 19
96292 28929 82706 65603 77924 951 55296 17284 76171 25955 6455 13335 27970 13413 28263 75439 15040 81100 80729
7988 18
6005 52276 56061 92503 99652 73639 71914 99324 38340 74963 78125 56908 60842 77953 29220 73737 11809 54800
8839 19
76776 25978 24954 48420 79479 30601 66404 15830 4964 80409 25692 61444 17418 62467 81713 11548 13780 93992 73517
7484 20
27513 80159 89053 13048 68859 83090 31262 94567 35042 51693 62288 33011 1233 24604 74915 33899 97413 499 6999 30428
5469 18
24373 80793 34624 65340 71115 81175 53581 6240 5116 66396 94990 66309 95665 28439 61342 71779 90219 41959
6185 19
49168 92901 4259 53631 47875 50605 81670 1550 75533 39140 80553 85140 13777 94908 88182 26521 10957 64503 43886
7287 18
84244 41289 73935 18785 67875 35538 53773 47716 12943 51665 31373 56179 91452 70999 9724 35972 75752 31985
6020 18
5209 20367 55774 46814 77779 35028 141 95225 25232 67998 7074 95373 16329 6235 37584 65581 38747 38495
7709 19
17174 37972 80735 70512 88615 53259 91415 67654 56021 23021 78733 6194 58854 9816 71892 69407 28069 24499 99195
2195 19
31905 18650 53185 462 34559 13602 11111 59308 9115 21788 30283 62410 64341 25329 67749 89775 21469 85567 79516
7072 19
72820 97556 96889 90714 14344 28666 73842 80706 26289 52746 23931 95521 60880 96718 3659 39286 17708 95736 23190
1465 20
18009 19036 7543 90912 44199 10613 38758 78843 45149 33539 96 52286 50666 82355 30721 29361 74811 71796 81711 6159
1340 17
70815 18235 42587 9369 56105 46563 11220 7227 2239 83278 7179 66307 29399 26338 79385 2184 30989
2922 20
53663 51794 40862 62828 72305 76311 33208 87058 9446 33656 16526 75524 26814 72829 88220 42405 19408 45653 30076 32682
9618 19
84855 94777 4238 2458 9983 8646 25482 50619 33397 98974 44304 82354 89076 62320 69299 22615 62769 59376 98375
8922 20
84996 81571 3565 89647 67842 96594 21587 65981 66324 42017 20304 50624 39595 54162 44118 18982 41981 65273 77920 85397
5628 18
20184 42494 77697 19434 60959 65848 70865 62968 37945 42200 65347 98738 2466 70848 49668 50978 93725 56090
6464 17
19163 8972 7421 42093 88610 51166 84763 7568 70117 37271 42483 49221 73743 71231 58880 73781 78557
1262 19
76659 4865 15082 63823 91993 97293 60418 89597 93039 81930 28974 89874 21917 99440 12010 52936 91379 37217 59548
9836 20
93608 63244 32046 49563 34747 37094 10156 46523 65991 54368 85288 84746 92220 72558 32683 86374 79991 64956 78858 15151
972 20
35199 54586 55508 71103 2497 67061 42783 23737 60423 2389 90445 22442 15185 41005 16153 27474 17859 47495 67802 43377
8884 18
68993 94654 55880 6991 12151 22326 82713 42053 96767 67226 20310 36919 11645 3550 26684 63572 59177 90230
875 18
31777 18696 24063 23244 50280 1076 7369 66502 19725 76351 25801 58702 34973 45012 83367 16430 69768 22879
9636 19
77358 27211 4076 7273 74739 85429 52435 3261 14039 26596 11817 8473 81091 45399 97065 22875 94382 13836 66300
1215 19
87296 28288 3191 78323 67496 31267 38005 51428 92420 38052 4878 74238 32697 72157 76553 93761 66450 72463 11905
7380 19
20947 60646 60172 37914 31465 64757 38921 12342 2230 93267 82460 28082 87971 77412 86337 91080 90981 35840 49526
974 19
52876 81697 59541 50200 75170 44538 34577 5647 59834 90806 52218 29246 18023 8501 95871 18860 36841 50584 81788
2247 18
12144 68102 81455 63658 52810 48484 36357 996 51686 75941 84230 37130 30364 8131 22281 38308 68220 82702
4388 15
57524 46182 81015 34992 36024 65184 59041 12154 66454 84944 12450 50184 1073 5537 34052
2596 18
27542 8770 34838 76435 99463 99555 92388 85984 61967 55132 62448 77235 81132 39432 27348 13673 89768 7317
5639 20
24597 6993 18113 5820 10915 93994 3492 47904 80119 34598 48368 36910 35423 56052 40505 54255 37394 9399 98037 83004
264 19
69178 26064 49927 25941 33829 99607 68055 22244 12083 43906 49444 51971 92154 99300 58244 19188 59053 32309 73181
9985 19
71651 31641 44342 27065 94829 13262 57997 39791 43277 46976 81469 95315 4521 35989 81477 352 18118 86708 5474
333 20
56312 43130 66274 28898 83552 22979 2253 42018 56452 629 98009 16094 77281 65703 17375 26728 54340 85210 66077 14167
9277 19
4990 71851 98478 16941 69537 32901 85535 61344 95698 8730 24431 52765 76296 82049 17950 1404 26618 75269 1677
6991 17
18473 43937 71212 94663 64979 8839 27383 37168 1984 74367 81265 25107 40849 49014 27179 36109 39427
6468 20
68680 81275 15038 3664 43956 85490 2730 84678 60710 93445 29476 5418 6743 39842 38772 12308 52653 45359 70998 33024
1551 18
21609 41567 51535 12481 34746 60973 44066 88606 68416 97317 2684 4790 8504 57225 9404 37223 56068 57630
1928 19
83502 99276 35298 97196 9633 29389 16058 7612 28227 78401 37082 98559 56262 71220 2137 13849 71206 30272 91387
6141 17
48360 38641 50634 11291 75195 88688 14509 82967 15322 91077 17779 57400 13895 75205 38111 94993 53885
1586 18
42446 91872 79629 59150 46358 70460 98168 37911 5425 9184 45853 30002 75129 72033 6839 81029 64819 99143
2005 18
83642 84815 57394 21358 78552 97916 65171 17246 31161 36257 77068 26904 85118 94802 19293 70907 95397 94316
6497 17
54968 96622 91970 791 91704 10431 41187 59139 58460 39310 33968 45431 39819 80411 4320 80218 84139
1420 18
84686 1597 82035 39276 80524 46426 24206 11526 20791 89894 74425 88102 28783 72371 18028 26410 27803 76512
8924 19
3317 60589 18916 36417 43711 35280 19112 82408 39946 94983 74346 4045 63884 35164 11531 70709 75238 37607 12031
2666 17
29143 15898 4386 25484 88819 78768 53405 77976 86730 26796 76598 18220 95190 24085 55114 60452 33667
3445 20
61680 44515 67596 21852 54121 34801 38675 81792 96884 64997 4035 51247 37423 85296 86625 33382 42696 4892 27253 66283
1692 18
45606 44581 3721 68516 93935 97683 56858 93036 36480 75801 87509 19384 17111 56466 13679 1643 51199 12711
6258 20
2681 18399 86338 79538 61990 40405 4743 52036 56382 91261 6905 78186 1626 99517 89297 80381 64880 18166 39742 49500
6263 19
83442 37903 51412 84977 80246 55235 79926 55536 60147 65865 6514 17914 78035 63022 28689 94082 6859 87009 29130
6715 18
1147 92033 75926 67956 26822 98111 21077 34769 68116 3598 95314 94724 69349 9544 96008 49510 70288 35878
848 19
1508 94950 96781 26788 4371 88991 74184 80884 69839 28295 7640 87597 19413 10699 66596 26029 76562 71790 681
1725 18
98779 47814 83255 23399 83499 73196 37583 58216 11418 51028 21222 19198 72812 47773 75688 20639 96309 64105
5608 19
77010 31023 72801 19034 81161 31736 25460 88551 77270 66487 5011 91541 95222 77152 83487 47547 80523 27604 55890
3038 19
88556 87299 83715 15116 42724 85081 6021 54771 77621 15187 78023 6670 39175 69583 74535 39108 35781 87132 77961
7793 19
32793 31285 72328 74441 32914 45180 58735 71042 72487 19140 85846 76605 94310 61304 76578 73878 18067 64014 20711
7050 20
84806 6540 35575 41269 39815 57452 45019 66657 37315 54619 21397 79055 85014 63853 11958 37230 40683 13613 34199 53270
4482 17
78570 24692 50173 44553 93118 44312 44967 57388 67305 81854 89503 89662 90221 10365 97425 54183 49467
9359 19
68912 34050 16230 25878 1087 64099 82061 13330 89808 35104 76616 27446 63696 8847 73996 3917 72169 81348 50397
2762 19
11579 61888 46548 80991 79870 5100 98228 97493 97191 64328 41243 88859 64425 51939 64889 41582 60104 25305 91667
8405 20
11318 55744 70616 35887 29265 54822 86386 23404 14680 15557 2869 21434 4455 85493 8937 94531 17767 27052 75782 62327
3099 19
19156 70504 11896 91092 75284 45758 67095 24562 73481 80302 95897 13117 70395 89187 23576 70860 540 33907 98898
9998 17
64416 85027 34701 39237 865 78073 31316 93052 32067 97190 7541 23867 7193 73064 85931 14081 53242
4006 19
70040 94250 54398 73549 11214 29579 55852 95141 26469 66990 51192 35677 27982 43253 14125 69553 16659 48413 20336
9847 20
85170 37905 86436 31148 42249 34886 51583 90236 67470 98774 83562 81346 11764 96190 76930 83320 25360 49572 53569 40102
5272 16
82744 50995 8396 79790 37519 38740 37339 49264 52185 83652 18631 14946 54677 26000 6228 37152
9060 19
21954 3631 47744 28418 51498 39421 2832 30539 73534 82115 49125 32288 58438 15588 75184 78524 85768 91847 17460
