111 6599 3016 8141 586 1141 45 7914 835 1030 1925 1833 8568 8504 7448 2496 5973 4616 9743 5195 1067 16 6407 4573 4408 6016 5020 1016 9777 132 3225 6703 7065 2642 9467 9393 3439 6236 4446 5502 3905 1549 9921 8943 9231 7767 9857 7188 2590 6585 1544 3251 8278 5611 9217 1401 8591 9177 6147 9729 9290 1552 2475 7681 6861 4610 4310 3343 4103 505 6249 4596 8419 8271 6938 4786 9701 4143 2180 6700 1561 5572 1084 7497 7469 9026 3676 8690 8179 2046 4783 4681 3588 6251 2093 3717 1115 1634 4222 5678 4683 378 3816 1313 4682 7817 3554 2367 7162 1635 2103 6148
98 8033 333 9832 5260 962 3039 9696 9488 8546 3704 8205 7235 9336 915 8969 4238 271 6151 3476 9804 8083 4650 9130 2 1429 2701 1969 2775 338 4304 6985 216 2637 7980 851 134 80 3934 2142 2303 437 4559 4630 6567 6263 1419 1096 9815 9720 8917 54 9089 868 3863 8877 1493 3685 7989 6941 3317 9618 5265 2842 7948 6873 1308 7623 9389 9736 8200 8401 2485 7310 9140 1161 247 5236 3928 1480 1190 7495 2361 9711 9333 9859 9879 6694 9493 9265 2729 1978 8075 2498 8770 2716 6055 7540 7260
107 1434 5835 9159 8946 2672 8502 9443 2378 8545 6497 9887 23 1109 7251 3968 6463 5041 7883 3579 1855 229 3845 4156 6125 5423 1283 4553 5726 4323 5079 4975 6112 6519 996 6978 6538 2064 5074 9451 468 1668 9976 5035 2132 3105 2846 741 594 6693 2857 1630 5442 8611 1085 4410 1661 2576 3786 9252 5270 5356 449 6530 9047 7500 3113 2432 5884 6078 2806 7273 9776 1073 8491 8800 6020 2127 4595 2035 5164 3523 7274 1208 757 9009 2347 5319 7339 1357 469 9082 809 5629 8981 1305 8244 677 5795 5543 5685 6435 7246 2380 9444 7806 9192 9958
108 1179 681 4078 9925 8644 3240 5673 9740 2586 27 3361 328 389 4115 9797 5245 2715 3524 9042 4966 6748 8166 2555 3744 605 1197 2101 5313 970 7436 4948 7022 7338 6470 6616 2470 380 9870 9885 9270 2281 7955 1307 1207 4647 1532 881 4921 5661 7939 2120 5578 4423 1128 1879 6908 861 2204 2967 6433 2872 4488 9232 2034 7196 2219 9624 1950 5252 588 8116 407 4482 840 7285 5602 6469 6853 9083 6604 6118 9234 8822 6067 7594 2089 4920 1481 9062 5019 5452 8192 4319 5819 1716 5864 2257 5386 1181 9003 9723 5513 2985 1678 6656 953 1185 3399
54 719 9738 4523 9321 4960 1579 6198 9328 9446 7704 6461 2182 4503 3383 7648 3333 3005 3201 5713 3620 4636 8884 7488 8626 4173 1078 8739 7987 1318 8433 9903 8527 7505 9805 7457 6136 4615 8516 1266 396 2345 3979 1288 7107 8501 9968 1079 764 4685 2386 1954 3334 2149 8311
116 9191 2870 1717 6808 1466 8561 13 4469 6021 3632 3247 3665 6610 7946 8835 9787 5113 7922 7566 9791 9559 6889 1795 9322 171 2048 6211 9719 397 1342 5171 2129 1368 425 1174 2919 1370 3254 5976 5935 1269 6860 9420 9842 9910 7135 5279 7876 6586 3494 1032 1618 9278 1585 5367 9414 6213 4368 1294 4218 4276 7307 367 8129 318 153 2327 6904 1571 538 3408 8034 7003 5242 5419 5977 1376 9614 7208 2580 6023 5563 3296 8340 5203 1506 5088 543 4342 7905 5624 7074 5316 2865 7220 2964 7711 8343 2454 6838 2054 1263 3687 6360 4532 4811 6094 5257 3101 4699 7655 2213 2630 2349 4361 7414
105 2603 3440 6042 7318 2734 1587 9814 7132 7855 3209 596 4994 6992 6093 417 2711 3914 7698 702 3027 7173 9621 5680 4507 6150 5525 2519 343 682 9494 6099 941 3335 4694 8251 4828 734 5975 6436 2021 4095 3402 2255 3955 7059 9029 1797 9035 9490 8686 4925 6811 8115 7491 7844 5202 683 693 802 3377 8901 645 9630 6607 1781 7673 3004 6759 3329 5098 595 9846 5139 7783 9566 7786 9926 483 151 3624 5449 4176 8789 3002 7154 2422 3527 7746 2505 3369 2088 6068 7029 5918 4872 1672 5859 9152 6823 7608 2594 5851 6737 4821 4131
91 9670 7426 7833 6570 9714 1472 2517 7313 3833 4634 9037 2297 4068 350 2005 7744 5462 5583 928 1608 4784 3898 5654 2018 4639 3272 8937 2298 7675 3480 1897 2001 6550 3192 2194 4204 3398 2955 8617 7450 3975 4689 6354 6386 4511 4601 1321 3974 5691 5840 8842 1968 1314 9250 643 1137 9757 5346 8190 3927 8029 7155 3884 1456 9528 4814 3740 7684 6789 8537 4159 2696 2750 8397 9511 1955 122 8676 6536 2196 5902 2905 752 1061 8788 5361 5618 2406 2661 4576 4329
105 2446 3875 7427 3183 4189 3492 9211 523 5535 7006 3471 4099 5387 5653 4279 2640 2752 4 2965 3762 919 3410 6554 5671 2673 5542 5201 4452 1777 3871 5406 1689 5343 3212 2280 5802 1692 790 4652 4178 6210 5568 1097 3078 6878 5664 1102 7532 2811 1885 9326 5752 9681 3897 3211 5373 1047 2245 5737 7217 4534 6124 8133 6288 6106 5617 1654 5431 5288 1757 742 4330 5929 6372 1733 608 7145 3087 1388 3591 506 3768 3023 5234 1018 7055 2104 9193 5380 8084 9342 4407 9542 240 3072 8918 4897 9383 7270 3540 6730 3531 8114 5320 3082
71 9145 7418 6885 9351 9340 8598 8220 8453 9246 9360 8364 4066 6392 8786 8170 9440 8503 3698 9635 9702 3866 2003 1448 6255 1913 9625 4976 3242 3300 5010 7105 5304 8976 3277 9497 1126 1490 3981 9464 4617 237 4813 7882 4414 7692 9299 6837 1413 4614 2333 2299 4812 9823 4924 5980 7507 3372 4491 6529 7599 5554 4755 6691 5762 2449 607 2896 2296 6625 5723 6614
96 9058 6440 6424 7584 3145 5552 5959 9038 1568 8184 8177 2874 5377 3640 4957 7982 4996 3575 2469 9816 1241 6767 62 5706 1390 4355 3346 6990 8968 8235 7960 1882 9406 4264 8641 5496 5911 6708 1248 8245 9090 1867 7785 7983 7706 3273 7830 9458 1698 4161 2656 4829 4351 5191 7924 7702 1352 6963 5001 8425 6353 4162 3184 8667 7943 8054 7425 9102 1696 5651 4269 8382 7224 6342 932 9028 8308 7647 5221 427 2478 1396 5471 7192 2448 4954 937 1270 8061 7294 5050 8715 2587 849 8945 5410
116 2995 2849 306 3511 9581 3187 7256 3756 474 1035 5149 2793 5944 1359 7380 5209 2350 416 9150 2049 4186 6322 7144 5182 208 7176 1740 1600 6105 6007 7201 745 319 4282 771 8911 6727 9289 848 204 7869 5071 3791 9562 9548 8369 4431 5770 387 5405 3543 7300 8094 8345 3849 2354 6298 7860 4371 2014 9453 1094 4072 8362 4332 131 9312 938 514 1673 4555 7292 1351 4453 8707 1806 6900 5853 9396 1230 6558 4554 260 2650 9432 7582 8531 2787 6355 6886 9514 1966 7486 7052 4907 1527 1254 1119 3706 5985 6901 4584 235 4890 3664 7764 7926 5092 8374 6264 5877 966 6680 1864 8470 7555
83 2038 9189 7849 5588 5645 8669 9594 9166 3911 8183 5262 5669 6416 479 273 2169 2479 6278 2755 8957 5368 7538 2391 3556 5157 6049 4083 7872 9310 6276 5235 3532 6233 7190 7614 9376 8499 6033 7419 8159 3989 2923 5327 6927 642 2577 1405 109 6018 8963 3136 6510 3828 3609 7007 2372 7378 2714 7778 6048 6119 4865 1391 744 7635 8269 4826 1640 4670 4711 5087 3433 727 176 1843 4772 1202 8079 1232 7562 579 8629 9163
113 2822 156 7138 187 8551 2156 934 3832 3104 2550 1826 493 1752 9136 6475 3643 1365 3385 1339 6092 7020 3306 9073 7011 6113 5520 4250 7728 7286 1961 2710 1592 1198 8454 2762 1521 3182 1541 4478 456 4545 9753 1602 8469 4874 5403 5749 9529 7875 8153 9526 4873 6434 300 6997 4376 7846 8604 3695 9792 8231 5833 5230 8489 8752 8422 559 9400 8329 8217 4240 2593 1606 3056 8495 1156 9551 6199 8303 5697 7550 4668 4333 8444 8280 1850 9663 9536 8275 8202 1877 6080 5305 6909 1594 860 4798 3354 3719 8585 6404 8290 2170 2099 2804 5562 5227 4353 7049 3634 5033 3107 3080
115 9413 102 4141 7080 2993 7337 654 7205 3592 5889 8654 4481 1186 1751 3482 6778 7864 6655 9612 3462 8699 5226 9382 9076 4053 1907 3707 2439 2096 9565 4950 3513 2613 5058 4017 8264 1423 9254 8577 972 7209 1557 2808 3298 8206 6252 8989 3241 8538 2724 3778 6114 322 3807 922 628 6544 7792 1498 8787 989 7035 8254 9325 7737 7206 775 9596 8843 4847 6334 9570 398 705 3222 2319 1748 9294 454 6685 1043 3052 9237 5321 1355 1528 165 657 2628 6477 7263 5085 3521 3498 3447 6774 4416 2927 8940 9978 894 9953 1486 2834 6358 1015 4961 7788 7921 4586 4998 4256 4708 6596 5517
116 8725 3660 9180 4804 4801 94 688 2191 2864 5482 8227 9441 1816 7309 450 3260 2198 9492 5668 4034 1554 9751 906 2535 5082 5416 3331 9263 215 8176 8046 9665 5682 4486 7054 250 6369 3587 7790 9954 4263 6630 4432 3167 1872 358 7522 219 9051 4379 5411 9218 6129 4295 7589 9008 9704 9359 30 3269 7739 3437 4839 9810 1173 2462 6075 3458 4207 8461 9560 3596 302 6939 2684 9676 2272 9985 2596 5672 1563 2344 8704 1984 6165 3566 7913 7627 3725 1663 2172 9305 142 9578 5589 6579 5180 9610 5359 2248 1682 2211 7738 1361 8658 575 8305 9064 121 7903 9071 6955 1071 5690 9770 4188
106 7277 4891 7828 4107 1817 6319 280 7822 1846 1468 3258 336 5475 3765 4217 3681 7985 1066 6718 663 2236 9761 6868 908 7151 6779 3049 9121 7679 5875 8991 8920 383 980 841 1253 9499 8460 6824 2525 7765 3742 2071 521 135 8215 4833 1933 6882 9370 7596 9158 3893 4430 2686 5909 4199 7233 1451 382 1914 8762 274 4378 6706 369 8497 1598 7836 3880 4010 6958 1565 2974 5335 5866 1702 4744 2222 1162 3538 5341 7139 5039 6981 5686 1951 4905 6366 6022 4270 9947 7223 3045 4674 9900 9829 8539 6498 4345 3038 7066 825 4364 6537 9600
108 5371 6428 2150 5046 1187 7186 5939 9538 4390 3025 4766 5197 5503 8078 7015 3339 3781 7487 540 6983 4219 3903 4560 7026 1772 7715 163 1631 6452 939 4273 9648 2853 4745 8828 9583 3185 8381 3156 9314 8477 7703 7835 1228 2509 9728 7863 4823 5297 1915 5162 5847 9007 7288 76 1553 9466 1829 7809 1171 9283 6156 9483 2278 6384 7081 7932 9587 8414 2929 4704 2379 5773 2941 4719 9465 4498 1613 5605 8817 5458 4528 4007 6194 9125 9369 3793 4536 712 6239 3910 7303 1811 4150 6907 7396 1375 3655 2938 5734 818 5548 5633 5029 3074 5398 283 870
91 820 7136 601 4322 671 6897 3775 6227 9257 5014 2554 551 8625 2940 1247 5109 9806 7042 9120 2860 3557 1681 8778 3186 5166 9462 1804 2242 4621 408 9477 8022 4251 1203 9781 4247 5757 5700 9442 5407 5183 9126 6268 1104 1007 4168 7122 6590 933 1988 5429 384 161 4440 4425 6486 8476 5854 2944 1774 9877 7591 5479 9567 1611 2246 9518 8331 6087 4879 1523 3342 9105 7170 1026 2958 8354 9000 4216 8825 6081 8664 5243 1529 4075 5764 5996 9161 4594 8670 4915
106 4172 327 6933 3902 9872 4260 625 1204 3533 9868 8678 7047 7708 4581 7219 7115 5237 9850 2906 82 3735 1890 4200 2966 281 4278 5796 792 9184 3486 5360 8848 720 2179 2274 8627 4885 6764 3176 1620 2989 3229 2513 9067 7935 5083 359 4825 832 4749 2121 4179 3003 7077 6741 1662 6749 4578 8780 1135 1726 4862 8999 2364 4893 7676 6724 7200 7069 1743 3394 4285 5620 4606 2764 3965 9402 1646 8905 1086 9167 7128 8811 3163 8576 349 9713 8058 8846 1509 7602 6222 9613 5650 6311 3653 4479 5317 2306 3468 5275 6038 6542 2942 9827 9577
92 6130 9392 5919 8057 8097 6950 3590 1512 8039 6154 8447 2855 5334 4807 3235 9933 4660 563 1691 2578 7742 3954 1264 2914 7180 8701 6746 9229 8471 4942 6437 6747 4385 9554 3158 5159 9949 9436 6015 9818 8840 465 4774 84 2426 7838 2825 5420 584 5347 2314 1166 9233 6063 7620 6540 5577 6743 5720 9734 7763 4340 6204 5154 9659 9297 66 5816 5205 5750 6803 3255 155 2880 2458 3357 5145 1513 4729 3413 8243 6899 1874 2667 1470 6673 2523 224 9650 2561 9410 2423
92 6781 2851 1769 175 8724 3423 3123 5837 7096 7639 7395 7030 5721 5529 6928 2442 9755 1779 6152 3992 1025 6794 9139 2024 1465 9223 9585 4302 5353 2536 2801 8178 9795 1151 3683 3887 5821 7401 313 1683 8689 9973 3606 1444 9703 4293 8008 1044 6954 6098 8925 1870 1170 6809 5782 4761 1494 4148 9668 6545 2704 5443 1272 6376 5746 2945 299 7221 5806 9709 6877 5331 6775 6527 7573 1471 8947 2665 1582 631 7314 4154 1343 7686 217 5684 3597 7967 8902 7153 1508 7688
105 6430 6340 8849 8099 1641 7781 2713 3496 3628 687 4349 4773 2330 3324 1148 7496 2228 7458 61 6283 3367 5945 6459 6681 2401 3731 9907 6341 5860 2394 6274 7840 6793 2247 1354 565 8532 5508 5904 323 6609 7680 4544 2320 4344 3563 2720 7990 3310 4696 5701 781 5063 6026 7072 3271 7682 2970 903 9103 9409 1169 8171 7437 307 2639 3248 9473 8429 8379 3337 7372 3617 5004 9744 4781 1501 3032 6560 372 808 5872 5232 2626 634 8695 4688 621 8987 843 6153 8830 65 1022 3218 1727 6217 5915 4516 1559 1235 2582 1027 1651 1851
102 3117 526 3831 3190 4949 2996 9447 6982 8315 1040 1764 5354 90 5467 9128 1614 5566 3953 8193 4718 736 8293 5693 6822 6754 1340 6057 6919 9990 8517 2158 2562 150 4370 1883 4691 1326 8602 7352 1360 5781 1074 1799 4882 8284 2033 8426 92 5972 8871 6072 3674 3599 5027 5447 3043 7159 9426 762 884 8866 7514 2229 2131 2492 4618 8795 495 2112 4686 3115 9319 4022 3864 8853 8126 4651 6066 7956 2694 6339 3688 8567 6002 8712 2308 3710 426 3328 9927 9134 3083 4947 8731 2789 9100 6442 7362 3285 8180 531 9403
108 3883 6096 3448 804 9049 4760 4397 352 6845 534 9417 7439 3860 1734 1595 5476 4415 8073 1260 9632 659 3518 4386 238 3669 434 2334 4048 1245 3644 1167 87 190 7745 7891 2799 2028 8055 8224 9839 1861 5059 2928 3794 4952 1680 8296 909 8142 7258 9434 7953 2464 9390 2077 4230 9002 7290 3978 2125 6539 7656 6977 4492 5989 2692 8804 3754 5464 7628 4299 8496 8525 6307 6894 591 6734 5616 4073 1534 137 8951 9061 1328 5981 6771 4663 821 2328 8747 2978 3661 3943 7463 8559 6704 516 3800 6303 2544 5621 8589 1350 8479 1106 7063 2155 3444
98 1572 2098 724 2368 9692 286 4501 8406 3288 8207 6879 3656 1143 1860 1021 1976 3782 1809 3396 6869 8936 6844 1659 6177 3847 5052 8726 7359 6902 7988 2310 7916 7592 5277 789 6163 4638 6256 2909 4031 6651 9502 4223 2802 9332 2276 2463 4547 2389 6253 4160 9844 838 8761 412 7696 5804 264 1458 1457 9507 1511 5648 8867 4693 5642 1 4740 2951 1013 5827 3728 3853 1116 7819 6122 8643 7434 4569 1478 3578 7659 9032 7583 3237 3946 2329 7100 9164 7435 9894 7741 7568 8062 3517 1868 819 722
93 2600 2584 4661 691 4852 2921 5160 9960 3216 5136 4951 9031 8434 8850 1983 4870 144 1862 6155 2736 9019 1175 4311 7177 8052 8250 8833 8526 9989 2771 8423 4566 6652 550 3865 4732 3430 911 5803 8222 7663 6143 8334 9367 6601 2589 5800 6174 234 2551 8688 7556 9119 5790 2697 1416 2727 7834 8041 5899 3085 8016 9758 3263 7366 7241 1625 944 827 7818 8449 6917 351 347 3752 7895 4369 6577 7518 6667 9642 3697 2143 3148 451 6842 8228 3829 3472 3006 3048 1596 2894
109 1785 7653 2223 2163 5325 4967 9243 4119 4433 9718 1670 1491 2152 5938 747 1192 5153 4400 1014 3442 6864 6995 5005 7581 3373 8368 1300 879 3326 8913 9909 2541 2322 6218 5748 5570 3297 1064 2722 8398 9851 5055 4888 6357 8358 9808 4124 2986 2647 7423 4435 67 4147 2262 7712 2502 4382 877 6484 2171 5006 3891 6962 5150 4669 2022 6682 6777 5267 2023 4778 1065 5979 5194 8361 6458 3539 6589 520 6109 767 2579 8647 6848 2383 1337 6139 8802 8520 2203 3014 1543 5882 5430 8893 8376 7843 5667 8353 4592 8270 9349 7654 655 9388 5365 7652 7996 1627
108 3387 4768 8090 1965 2823 2090 3991 9913 9248 846 9470 4170 9459 667 8017 3598 3264 4455 1758 1644 8237 2746 2506 9454 9669 232 8410 5218 8620 6752 7296 8553 5512 3348 9660 9267 7374 4243 1899 8391 3490 8573 7645 4019 7554 1402 1742 143 3923 2657 7238 7831 5540 1353 9923 6726 112 3837 6492 8158 64 2312 285 2070 6827 4023 348 8692 8705 8300 7685 2898 1844 7797 364 1159 2476 9682 8065 7073 1857 312 983 9819 7287 3998 6713 5459 2510 732 5110 8953 8484 891 5907 9869 3406 448 4422 7002 1136 9296 9995 9330 5591 9724 6051 647
107 6507 5455 6229 2381 7320 3491 275 3611 7343 1753 5908 3302 9747 2305 2042 5483 3950 2649 1926 7244 8439 3764 3323 1588 8445 6464 6710 7719 8754 1293 9943 6036 2266 9986 9848 4465 2313 8462 8289 925 1871 5189 8593 2243 718 822 2643 8260 2913 9216 403 4316 6763 9300 3284 8864 782 7025 3061 2730 6742 3920 6719 7363 5718 981 4106 6991 8140 583 7829 1213 9647 9867 6768 2047 7373 381 8301 2362 3217 1332 1510 4620 2619 2486 7714 6801 6086 3141 2618 2721 942 105 8117 3274 8555 6503 8024 7900 1697 7424 6142 1533 6843 9418 3116
92 9822 6056 2635 9215 9106 8607 5062 7382 7297 4466 2652 4989 554 7569 5528 6890 9685 8431 4091 1835 5128 1499 330 7295 2343 6102 1051 676 5478 1178 7650 43 9880 9864 5760 5401 9461 4550 871 8483 6296 59 4898 4272 8931 7525 3134 239 1182 6728 3982 6176 5998 8755 7114 7118 6945 8436 4112 1122 8242 4421 6471 9011 834 8196 7231 4742 2292 8161 9897 7357 5891 8612 1157 6514 72 3569 1945 9479 2356 317 8622 3559 9715 4008 6784 9643 1946 1793 7747 6627
108 7678 1808 9168 6330 5801 9282 1893 1896 3119 9688 4980 6597 1704 7552 68 4480 2767 1421 4195 3623 2815 779 3139 1597 5598 8624 9640 8910 3997 8239 6686 6286 800 1730 3234 8025 1792 888 2725 3797 2122 7771 3850 3515 3131 3124 4428 9919 9068 4294 2973 2404 4098 376 4090 57 8650 4335 2206 8051 7102 1088 8773 8614 8333 1224 7210 8336 9534 6487 772 3822 4359 4541 6949 4499 6641 2605 139 3497 4626 9516 7954 5025 7963 7302 898 4029 8088 2294 7998 1583 1378 6583 1347 6660 9759 2885 661 8792 5844 7322 7850 2267 3106 5551 7907 3708
110 295 6423 8544 377 2452 152 3128 3460 2648 4797 9695 1590 766 8733 8282 2141 7230 3009 9123 304 7723 7952 3716 220 5857 7239 8609 8006 3479 3821 5170 8001 9006 8123 9994 5133 1837 400 7503 6318 8466 9793 6862 5292 8616 2066 3303 259 4914 2534 6024 7130 831 6483 210 6670 3344 4280 2658 5978 7236 4538 4365 3319 4406 1338 4656 4035 6736 2592 5399 1619 7143 5414 7920 4445 3294 3338 1782 1755 1041 1703 2162 8985 735 2669 2376 6887 2360 3450 8606 8043 2691 1576 5101 2990 6495 2008 8105 7731 9463 390 2616 8236 5042 4767 3876 4418 6061 2518
98 5604 3249 929 7901 2146 3076 3562 2636 6214 6595 9601 5917 4944 4151 502 2186 1278 1123 5456 3266 6493 1236 6658 6618 7087 365 7299 5424 6500 6128 7489 5670 7777 4889 8603 3069 3675 5366 5146 8131 5434 1020 8562 7377 9178 4212 1709 9855 2818 8552 5874 2316 5108 3147 3132 3063 3441 7199 4637 7058 9616 5758 2348 1054 3073 6841 8175 5590 3895 2653 2447 8135 4815 9922 7632 355 9162 1426 9981 5283 5165 9271 7403 7041 7 5518 4013 2079 2392 4296 4790 88 9004 4646 9452 7471 9481 3021
111 8450 7851 2805 9151 9888 8085 9890 5388 7324 227 9361 4166 9227 6265 6687 5310 9378 811 3177 5612 4248 1152 4093 9286 740 1412 3103 9356 4642 3195 8673 7392 5253 7931 4134 8874 6535 6037 4542 3487 1226 9110 7131 7387 1395 6674 7195 1747 2373 8482 3010 8814 6552 1952 7237 8807 9666 6100 2645 512 3370 263 8960 9077 4509 5287 613 3805 3419 9040 5841 8107 8420 478 6315 8313 8571 8684 6526 9693 2438 885 5961 5089 5140 4283 7360 1183 3438 2483 3510 6289 1957 8803 8708 5728 6921 8174 2268 9353 1323 638 2059 4762 1690 5635 8360 6088 1921 7936 9895
55 4052 1999 2440 2830 3636 3353 5049 4754 9727 49 7529 1036 1037 5492 665 9951 2418 931 8530 3757 3702 6766 7279 9302 3318 81 7349 5625 4508 9965 9656 5722 1031 6858 9486 149 5158 5560 8772 5711 251 2953 3207 3959 5215 4695 6008 5960 4526 3918 3422 900 6164 1993 592
80 602 3363 3233 4077 6791 4057 6200 1134 1807 2069 3630 2847 3503 357 4436 2085 3391 6600 9200 9055 9407 5896 9622 4734 7317 8036 1299 1821 3724 7111 7755 4900 9495 4724 2286 1092 3908 4306 7802 6191 1163 4290 3055 9309 292 430 2984 8509 2817 9256 3889 428 673 998 2979 6323 6170 7013 386 2740 7994 5212 5340 6039 1216 7964 5111 9801 9532 6987 2002 3689 1155 3977 8136 8485 8096 6974 6413 341
115 4935 8595 6613 482 1942 8472 4447 3878 188 6959 6671 3316 8919 4535 4214 3855 2253 4476 4867 9027 6731 4983 8746 2569 9803 2212 7185 9350 9546 7227 8349 9491 1944 5969 2175 1132 8783 6221 6230 8004 9690 9281 4444 3262 4028 4127 1206 6705 3484 2188 778 5963 8352 709 1929 2148 1744 9072 4417 8066 751 2759 8621 5606 5220 6166 492 1887 1392 1848 297 3641 9671 5394 3088 5003 8028 1823 7262 17 1649 8767 2700 3792 6834 136 3564 3788 3200 7451 8326 423 4265 9652 695 6108 7551 4061 6248 2214 8535 5261 7618 6654 6169 2796 3173 836 8978 7399 2493 2007 6561 5065 7577
98 5634 2758 8854 7229 8299 1539 5465 3877 4071 7979 6888 4794 3181 429 6117 6635 7384 130 432 2293 4933 4777 7865 899 9242 236 7944 679 1593 6309 385 7379 3904 3037 6854 5772 2601 8488 8904 2680 6690 1189 7036 4241 4130 3825 8013 545 4519 5694 4284 6948 4032 4383 6665 9763 2413 7893 5073 6701 7044 2326 8599 5505 1858 494 8758 3125 3824 6965 8367 3068 8984 8921 488 3189 8674 3966 3230 2932 5468 1455 2117 401 6290 6986 9101 1454 181 7517 547 8941 8744 2431 4789 8009 6588 233
98 8103 577 3236 9742 746 4494 1824 6062 9498 9155 7031 395 2265 1348 3972 5127 5886 2140 4910 9515 6699 8120 5151 9754 393 5323 7203 8050 4358 5167 6027 1149 9182 4575 5274 5355 4396 6795 1304 8655 9762 2735 4941 9087 2646 353 2867 4140 2397 2412 4101 9689 7816 345 6735 916 5497 1482 5817 9381 680 7018 2251 245 3463 5114 2419 8319 6050 7499 7813 6760 2723 976 9239 9005 5630 179 6285 7762 3964 329 3475 4234 1992 4024 1362 6831 1729 897 9789 4462 9550 9881 8160 8816 5193 6091
108 2717 9111 4467 9284 9662 8730 6197 773 2563 4392 8851 5112 2954 3149 9352 7516 4050 2252 8697 9384 5574 9096 1095 6485 8320 5244 5138 5307 320 7880 1854 9059 22 8914 8154 610 5315 3648 7812 5843 6531 5023 7062 5413 670 6856 8862 8511 3631 7000 8769 5080 2998 907 3094 8435 5330 2424 7493 2982 585 1819 3983 475 3747 1876 5971 3047 7733 4244 3109 8908 3327 5295 4894 4806 6383 6964 2641 9521 2190 5011 3862 7454 7857 8748 3426 5408 4721 9020 9524 4360 9557 652 9099 2706 1834 5466 4380 8522 5161 1891 1211 4461 1503 1653 8682 1911
98 3155 8858 1959 3720 2091 9435 7984 7148 5966 3505 34 9104 3867 8003 7367 170 5965 7528 3746 2036 1575 7637 93 9241 3854 2450 4969 927 9457 5053 1194 5763 2542 5028 4864 7536 3431 1256 2178 9247 1436 2408 6025 1292 7443 1847 6836 4743 2761 3585 6721 3180 7033 2739 3368 5409 9122 9683 4146 5662 3602 7975 2839 2660 211 2402 3773 1578 6140 6394 2073 3178 7250 4484 9225 3699 7440 9539 3111 8306 8672 4138 6293 6506 6929 8979 3289 6397 5582 2041 7631 3404 1001 3530 4707 7947 3057 2436
116 6975 7609 8372 7642 9957 8698 5326 3929 5608 7175 2557 3873 446 2396 2573 3582 896 8950 5086 7603 1422 8072 1756 5744 6876 8765 8234 8873 9315 2687 3528 2738 484 36 3770 8723 7580 6084 4388 576 7473 4497 6183 5100 4002 872 7340 3798 3228 133 1934 3502 3449 4343 8149 2220 533 198 1409 6591 3605 8498 9712 2695 8031 7803 2568 4525 2043 3576 4496 7438 5038 255 8827 5627 6839 761 763 6193 8064 5656 6243 4102 6047 853 7452 8508 7092 8735 298 8852 6825 4366 5677 9948 8510 3859 8219 5225 1227 4877 2848 8011 9828 6059 573 7852 340 2968 6149 5007 4712 7470 4625 8696
115 3922 7735 4830 2209 8468 6891 9460 182 159 4246 1938 5984 9589 6871 9699 9224 457 7699 9568 1049 9817 5144 73 5883 8711 2622 6000 167 6994 2744 9235 5784 4350 7800 7981 4483 1344 2511 9338 6185 597 70 4489 793 1849 5951 2924 7950 6206 6780 8824 5249 2004 9118 8558 1103 99 9091 96 7167 1383 7546 1063 6306 418 803 324 2798 3852 7823 2259 4837 912 6875 9088 8524 913 8930 4563 9649 3739 9210 2240 6723 7137 8635 6592 2612 9722 7512 3841 374 1017 6662 5575 6717 7125 7386 3779 2501 7090 6308 3308 990 8750 9293 6524 3355 3421 2850 4771 7593 3952 9784 3143
87 3256 9053 9861 8383 4303 4568 5069 9988 2785 7694 2365 548 2933 2482 6237 9052 5308 5968 7383 4009 9773 4391 7327 8012 4597 2301 6817 4116 1258 9240 6912 1081 8798 1643 5687 8808 392 3392 5647 4443 7531 8350 2852 2539 2685 5118 6951 189 954 1853 8883 7276 6998 1866 3567 9893 830 6326 1632 440 9653 7141 3737 2216 1075 3252 945 6937 6805 7113 9245 3309 1077 8344 1432 2503 459 8323 6478 9022 9176 8637 4512 5240 3188 9700 9860
95 9141 8709 4065 7179 957 5324 4574 3060 2963 3534 8053 817 7323 8327 4227 9735 5126 9537 971 5683 6826 5925 964 6280 3745 3500 9531 2176 8263 1082 2337 833 8325 2651 2943 8623 4374 2068 9871 9545 9280 1280 6192 213 639 3034 947 7750 1221 887 5880 4570 1732 5688 4372 7103 2886 8304 8048 3093 8570 6314 6381 3924 4982 1384 4558 7255 5995 2597 1112 5571 9977 9667 4459 7411 9788 7508 7166 3015 205 9904 9080 2537 9767 368 166 3796 5717 3062 4063 511 7460 711 4964
90 1711 1408 8172 666 4398 1712 4751 3312 7929 5675 5942 6857 7611 40 7707 1398 6444 2524 3291 2339 2058 4030 7408 2782 8111 684 8500 3520 1657 1238 760 74 184 3647 2289 7709 2009 5601 5106 6449 8659 8047 3846 2859 4132 3174 9222 9 568 2975 8702 5357 3204 5060 8056 3231 6110 2490 967 2688 3378 1008 7716 4233 1274 8430 890 267 2655 1912 6131 6019 5824 2210 9034 1786 6751 1209 4287 616 3760 5491 7094 4714 637 3758 869 5269 7134 6906
97 9054 2772 4473 993 7793 8492 1312 8399 1191 3044 1205 5247 2304 874 7109 7397 1558 3036 9147 7249 2346 3804 4677 3091 1547 791 1707 177 3803 1839 2961 4588 8182 8700 5278 8974 9153 6069 987 2595 648 1233 5480 7076 546 3548 394 7877 6582 3721 600 4288 4027 604 5495 6146 481 6505 6863 4441 774 7098 3244 8662 2988 7160 4863 4846 4308 2871 7862 6101 6420 7461 6880 6911 5155 3586 5017 2250 6260 7666 8247 1333 6943 5747 9774 3840 4590 6029 3734 4791 7841 7805 5473 6496 5988
99 3153 558 1048 4878 5030 9117 8995 1531 4701 6003 6770 2263 3899 6910 7485 5400 1076 4192 9825 5116 4231 2359 4788 5163 2135 2027 9362 6328 9044 6277 3544 4831 7610 4844 1309 1000 8894 5282 5289 2877 1962 4583 3065 8371 3730 9207 4633 5767 9672 984 6362 4845 6565 7795 2888 4522 9427 6621 3418 3376 8155 444 8087 3261 3594 2087 3690 5034 5754 7530 1910 6855 5792 8388 5363 7498 8127 4267 7306 4741 4884 8779 3214 978 3649 5809 5813 8810 3962 1540 2444 6633 1399 4135 3529 4832 2956 2528 4347
57 3384 9475 6956 698 4671 8125 1746 7222 7613 4458 405 7969 9636 6445 7519 7442 7120 1257 4165 795 8549 6242 3560 1674 7621 2774 4675 668 3861 9623 9301 4210 4848 1297 9924 4593 2063 1815 7121 6818 1765 7791 4517 1943 806 6052 4237 2357 4337 6184 950 4643 3668 3403 2494 3748 2980
109 5832 7995 1813 7633 2332 5941 1330 7720 3198 6482 5206 8543 5895 6005 7060 9752 4152 5585 1093 8820 8756 1004 5102 4627 8831 5228 2435 1012 1770 8834 7078 7671 5293 6160 4110 7304 9056 2097 4460 9500 7455 3670 3553 6697 8536 567 6893 7355 8106 7308 1023 1721 1467 5219 7112 2032 2019 2185 5581 7701 1706 5539 7218 4118 1584 4623 6120 4946 3046 9783 9901 7510 3732 19 4861 6004 6219 1234 433 5920 7535 4968 118 8113 7567 6070 2284 1546 7523 2109 2302 4105 3098 4228 3938 2819 7600 5593 2094 581 2275 3457 2904 5870 5559 9615 9866 9838 3375
111 9371 3042 4236 1573 1599 5771 1768 5097 8781 8566 8980 3811 6284 8751 8693 9115 4084 6481 9590 9963 2295 3722 9899 2053 9456 6634 4487 2591 5850 7561 5312 7142 685 7405 4640 7061 4003 7163 6522 4040 7390 4726 4064 6918 3434 5811 1908 527 1935 5533 6646 7104 9739 8512 6508 4598 5306 664 3894 7126 9424 3250 4448 9794 3067 2837 4129 4549 904 9598 414 1346 8023 1906 8119 1033 7023 4886 2662 7780 3933 6525 9341 7904 4932 6548 5172 9205 3572 1974 5615 8533 5936 9950 9778 7856 2514 4698 1105 4257 2400 1010 145 5375 8743 1367 1991 4539 3913 4901 2451
109 1788 4114 2698 8128 2202 436 8579 3827 1060 8590 2769 7394 8143 3150 7449 421 1985 9079 6275 1612 3292 9856 8257 443 8897 185 6393 5396 4315 926 2161 3651 1996 9274 8211 6188 2055 5070 5382 5329 83 8892 228 3453 3839 8413 3416 1056 6892 2010 9800 3888 2237 6846 4373 6450 1905 3662 4970 8860 1537 8480 9276 5498 180 5487 7447 6127 5778 5179 4770 8580 3282 3509 9195 4816 9605 4912 4403 9657 876 5217 9433 2875 4485 6254 4505 9865 9576 8777 1958 218 7858 4381 5276 9113 3226 4518 4913 3030 1916 5712 3366 1738 9015 2134 7348 4747 3580
44 7545 4805 7216 8961 6347 1924 4808 6980 6294 5846 4802 2145 5345 7575 7543 4286 8108 5210 53 6516 4104 473 3980 8785 9834 5785 129 9503 8962 2991 8203 9582 4297 1705 9045 480 7970 9580 4866 8619 5481 9768 9255 5666
101 2234 42 3581 9543 1125 8424 8121 4338 4169 862 3987 4896 9506 2614 6504 4655 6421 7894 5867 8970 1138 8201 1222 6676 3604 3417 541 1127 5838 5510 1193 2078 9368 4945 3986 7334 8889 7330 4612 4092 8899 7941 2153 8855 1418 5427 8378 9769 9547 2015 6696 635 8759 2283 5187 6180 2757 3512 7365 4902 2445 4868 4819 3615 3761 7826 3365 707 9137 7254 3750 2317 3874 242 3053 3947 5099 4012 6517 4468 3614 3713 6201 6745 4664 7810 9208 509 4841 9563 3467 7726 4895 3956 9094 3474 439 7537 2791 7690 2254
39 6261 2139 3516 5876 8407 6543 8366 8404 656 2604 8513 5903 7636 460 3295 3932 4067 3951 6815 3122 3667 9329 9972 2199 9198 4463 5715 9905 5184 9170 6415 7705 5231 8068 6447 6074 3870 2783 9354
101 9858 3766 445 2765 7511 6931 1424 3772 5537 5511 6258 3064 4937 8613 6382 9129 4249 2144 4697 5066 4001 2468 5348 15 606 8093 4722 5296 8793 6553 8638 7045 4736 4025 194 4201 6872 9917 9575 1880 3315 4153 6989 9043 3686 1761 844 5808 2632 4312 8942 1114 2110 3971 5982 5199 6494 9174 6946 490 1246 6967 508 7129 8138 1252 5807 6373 867 5663 1072 622 410 2831 3483 316 2566 6489 7619 29 6317 614 7490 1580 8018 6356 7807 4580 9320 3547 9765 1295 4026 8776 2481 2273 6663 8819 2957 4184 845
105 8896 5383 2803 9288 1364 476 4088 8592 7358 9075 2583 5534 9966 3701 4710 8766 6819 1055 2258 8865 704 930 653 4356 7240 6562 3984 3100 7691 7927 8581 8518 1301 2415 174 1694 4047 2052 7824 1548 560 2935 3121 1920 4658 3584 8938 8020 9651 1972 6272 6716 2235 9552 5716 6996 4011 4258 4776 6302 6653 5484 3571 7898 8982 3885 7410 2118 2488 549 8608 2742 8900 4899 7420 4206 3133 293 8101 6913 9631 6 3542 737 3070 8393 9863 7280 6203 9244 1601 467 3451 6883 1237 574 2911 696 1484 1315 3381 946 4097 4235 6121
107 2922 9014 660 1574 5756 4060 2086 8523 1556 5077 191 89 8949 9646 6756 6032 3919 8906 7845 8375 1677 1750 5901 6389 1784 9675 106 1895 4521 9084 8679 6675 9733 7415 3427 2552 1083 1118 5584 7925 4792 7651 8967 2076 2948 1754 1176 2887 3356 8191 3812 1188 1771 2683 5152 4546 3806 6175 4883 8550 8764 3814 5239 9355 4054 3193 8221 3723 9998 6387 5636 9641 7710 1291 8869 4854 3485 1284 5858 2208 2455 3526 1922 8312 3469 4409 9306 9840 1633 37 8556 6141 566 714 7521 5787 730 5729 1875 3645 9607 1791 2678 4419 4171 4014 6491
112 1386 9764 6257 726 9213 1492 7787 7794 3679 5115 3659 2244 6936 3694 8885 4239 7161 850 3455 6620 1715 4834 309 4622 1560 4730 3443 2279 9165 8204 3170 6359 9133 1810 1735 2039 7693 2083 3304 200 7462 9482 3565 4818 6456 6849 2100 1069 6178 5913 1144 6238 5852 4919 339 918 7344 6915 7388 2369 4748 7587 1892 3963 7385 1832 9588 1453 2226 5026 303 5775 9066 5123 4706 4086 9928 3253 9016 6043 8059 9519 5753 4324 2366 8456 1514 2336 3996 9201 6324 3154 5337 9710 6013 2976 6041 9023 4746 3522 9698 8060 9971 2075 3349 8092 282 9431 6133 7997 2659 4254
73 2414 5266 3265 1062 5336 1831 810 314 1956 8657 4769 750 5233 8063 1818 8586 2430 3238 2664 738 3703 5229 4795 8634 173 7878 8649 9725 6944 4117 3090 1555 9853 4289 7743 111 1435 7815 5064 2548 5192 4582 1749 8189 2882 4133 6903 8157 8467 1570 6840 4121 464 8302 7713 6431 6076 6327 6798 4197 4973 2119 1255 2487 3305 9731 6266 371 4635 2565 3769 124 2338
113 4904 5254 5955 4753 3425 8044 8386 3501 9522 9584 3322 487 4909 6925 3283 3733 7253 5949 7430 489 1430 5714 402 7441 572 3040 3558 2433 6547 4758 8000 2937 3912 1219 6312 1039 8274 1302 9970 2207 5983 1564 5412 199 9677 7257 7336 6367 3879 4402 5848 7612 2560 9694 6228 5122 1664 917 4676 5546 8168 1918 2527 3799 9209 7889 6940 9852 3432 3293 388 4763 3776 755 9726 9230 46 562 5078 4016 8212 1617 8163 3935 2421 7169 9569 9602 8014 2884 4608 9523 3930 8823 5515 856 453 6533 8880 1762 4552 788 1801 4923 4268 6732 2969 4111 277 2016 8753 7649 3227
95 570 5500 4049 7760 9826 1437 1805 8710 9591 2241 5213 8297 26 8049 8977 3099 3536 6677 3844 2166 7232 5148 5117 1373 8417 4393 4628 513 3151 1836 8569 3777 4880 8309 5822 3774 3144 6666 1671 1168 5547 8330 3835 3191 3834 1003 8826 8939 7346 6378 2342 5332 2060 3616 815 86 6786 3409 8975 9050 222 5248 5056 9674 6905 6417 3162 1265 4609 2271 2128 8321 3973 5444 4649 1394 7571 807 2702 7266 9313 3395 4142 9496 765 1827 6852 3374 9036 8632 1428 578 9847 8887 9212
103 8653 4796 1425 6729 2890 8971 2351 1410 5934 2693 1275 3051 5349 5461 5990 515 3332 4181 9974 949 3541 1562 6205 2794 4004 261 3711 1242 1089 1676 1519 6715 8213 4500 4163 1329 1647 7942 1695 9750 9628 1650 8861 5428 249 6457 7557 539 9931 9344 713 4477 8475 1496 5259 4074 1469 9469 5567 4059 1828 4094 7848 361 9929 4399 244 3916 6984 1090 5623 5626 3809 7548 366 2377 7665 7501 5735 346 5719 8836 6661 1841 9661 1279 2264 8002 6532 4995 7930 4561 2737 7968 7965 2456 2585 6390 9873 8959 9802 1637 2879
99 6812 207 6638 7643 612 6425 256 2335 8745 8717 2633 2353 5251 4739 5940 6262 4252 3118 8651 2918 1133 1917 883 6866 91 4325 5637 1603 3166 1259 8668 6225 569 3743 3110 8448 334 798 609 799 3199 8878 2833 5132 6426 8722 7853 5646 1873 5095 5104 183 4232 6930 4125 6924 3400 8587 3890 4404 9779 226 8996 7634 9611 6870 5607 672 9468 7945 1982 880 4979 4850 7228 1995 18 754 2553 9253 2784 3208 2718 6465 455 8165 5344 5805 1464 1629 1184 561 6722 8768 4965 7165 5991 3555 9982
108 8394 8983 4765 3075 5952 8870 8118 3519 7689 1140 5129 7890 2205 6351 8547 1024 3380 9836 2768 2358 873 9955 147 7607 6427 3610 4089 8377 4044 230 6329 7993 4363 4158 1693 7472 3280 4857 4665 391 9908 7847 9812 5124 7345 4401 3635 6310 4081 2017 2044 4986 9902 1145 9959 1701 580 965 5924 611 4955 7615 3639 9553 1403 1736 2910 5463 535 6083 9946 9401 5271 9541 8863 2081 4245 3749 1979 3140 8998 1500 828 826 4039 4038 632 1281 3948 5725 6832 1393 9041 192 6988 1518 1798 3985 7729 2105 4940 8416 5849 6480 265 4977 6173 6090
98 7539 5147 6668 9820 6001 5532 6640 8740 2858 3856 7724 6664 9131 7625 7416 9980 3411 294 785 4817 6966 1250 7116 5783 1787 2950 9936 435 5302 7870 3625 4348 3130 1433 3882 7466 5425 943 532 5768 5828 3488 2325 6224 1091 6993 986 2780 8384 8886 4551 9707 866 2540 1535 2631 9098 3137 5565 3102 9046 733 4836 7961 5415 4991 524 97 4056 992 1775 797 9684 8600 9226 3726 5765 3626 6602 5016 2197 9124 7477 787 3712 3493 7106 1820 5294 5736 7008 9474 8298 518 6942 6960 5970 1212
86 9194 4611 5524 6557 816 7421 4803 6250 2813 544 7475 8074 5207 5999 60 3126 3405 8992 4144 1441 3275 7605 243 3429 4174 4341 1802 2011 7753 7275 1526 3454 9809 3314 2124 7404 2897 2416 7032 2682 3926 9525 8288 8276 1845 5573 1058 9512 28 3089 5264 1814 7657 9086 7252 6541 5445 7480 1989 1374 4993 6799 2491 5946 8685 6782 2627 2731 7604 3041 731 3168 6028 2828 1446 4827 2516 7474 2620 3872 5021 8596 6320 6179 6632 6202
102 7576 5057 6683 2607 8267 8400 6720 2836 5613 4259 6374 5545 462 9219 2395 5224 2167 5912 3033 7910 9745 3114 107 8076 3299 9394 5369 9425 8486 5523 9854 9939 5390 7484 3892 2760 3407 8832 5096 9821 3020 9249 6813 2092 1589 9964 2370 1262 2981 3477 48 9455 8601 9617 5842 6757 4727 6009 3574 9405 5013 6476 6792 4787 8199 3007 2453 5047 829 6401 1987 6333 4876 6259 8521 104 9269 7827 1443 542 1686 7342 399 7453 25 7617 4291 41 1404 882 3958 6776 5256 8070 8774 24 7854 3970 362 6576 7911 5638
103 3815 4764 3179 5008 7574 3937 7494 7937 6669 5751 2570 1745 9956 7579 6961 1080 3671 4018 8421 1042 2840 5499 9238 590 7028 1515 5223 5376 4809 5084 4562 4799 4185 8150 5142 1545 4997 168 1852 5509 5659 1971 3194 7091 4869 8347 5018 5404 5395 8907 3817 1796 8446 529 225 2500 7247 9279 3390 2939 9996 1046 8578 2949 2006 461 5692 2307 1488 5594 7133 985 1240 7127 1684 8563 4429 1335 7565 1687 9132 723 9063 7140 4613 1479 4042 4326 6828 9620 2926 8077 262 321 2031 5609 3202 3868 1369 6235 2901 496 6830
99 1387 1271 4543 5703 78 9157 5914 5967 9930 7798 7084 3682 2000 4607 7667 2221 5522 3881 706 2154 1542 7086 8281 7572 8791 8249 6750 1098 619 5090 9317 452 3506 332 3379 9127 4785 2705 2495 5890 1371 9833 858 5834 8337 5894 7973 2056 603 8035 1249 1052 8926 4139 1507 7124 3939 7172 5652 7271 6953 8529 6725 2473 9730 9429 246 1273 7070 5421 6034 3969 1476 6645 3017 7211 5250 9603 5676 9399 6501 3577 4108 5300 7601 7595 8100 9347 5196 9001 6762 4352 3931 4680 4956 5774 1522 8443 973
86 3452 7662 9445 5370 626 2512 5898 8797 1196 9984 8540 5156 8339 9304 6123 6231 2201 5580 2838 35 8328 7347 6874 8687 2832 4524 1610 1317 1898 257 3336 8760 8147 9363 1158 7761 5175 974 3435 997 3011 7429 55 8015 9824 231 895 4855 6772 2300 5695 3692 4750 5956 1616 700 2899 9156 3473 9706 6678 268 5655 9144 4513 1366 4405 4211 2733 3843 5094 7198 4225 3789 6031 2543 8427 5932 5873 3066 2405 4881 5054 7722 6511 8194
99 4974 3709 8246 2795 4922 5130 7402 276 8080 961 5794 6363 7183 69 5868 2168 289 2218 6816 2195 2920 9790 2489 794 5176 7316 4931 2233 356 5490 5121 1688 5514 5704 1986 2062 4504 4079 2699 6368 116 6010 5000 1489 7157 2903 6399 5015 2800 3393 8675 4602 8355 3753 3096 5730 9197 982 8370 2889 7912 8139 6045 7189 7079 6400 9070 3945 4911 9471 4261 8208 988 1296 6679 8451 9013 7445 8706 1372 5599 1153 442 6619 1800 9517 1718 9535 8363 1981 7371 9422 8782 2807 1638 2157 3071 9555 5738
102 2417 5595 4122 7871 5740 5557 6970 5881 4006 2766 854 9627 1124 8277 1053 6580 5696 8727 4313 8924 7375 8572 2748 7406 2238 8389 7356 8365 6300 2788 9308 1310 5012 2654 5856 51 8988 3925 8067 1708 3313 7039 715 686 8661 3415 9906 2790 8639 9365 5579 8915 5761 6398 7099 7012 1504 914 6644 1840 4700 7212 5174 4149 5741 8095 5733 5272 6528 6695 1884 7051 1334 7570 7293 3738 725 4971 5710 8557 3257 3397 9849 2824 4908 9886 7048 7717 6916 587 7677 7938 172 3161 7837 4339 2215 2556 6806 6546 537 3024
100 1660 6190 8440 5564 8903 1130 2012 4632 3268 7014 9273 5333 9033 8829 1325 4629 5051 571 9811 2747 6753 9915 7381 9540 8737 6738 4589 9439 1904 9380 7660 4527 9203 4938 5238 6820 739 991 7082 9952 5530 4456 9655 8801 71 8844 3629 9664 1034 4515 5993 1936 7088 3152 8597 6134 6439 4737 1886 9323 756 1450 5927 2420 4653 8856 4972 7547 1101 8086 5338 1463 6089 7749 9775 7389 9357 3029 7897 4705 9291 4510 4450 6408 7972 7544 4531 9285 2862 6305 3138 7214 6564 2530 8216 8167 7315 7215 2249 1766
86 839 7245 994 9942 3551 1285 5472 8934 9408 7329 6935 9095 5298 9397 422 7598 6409 743 266 1679 8262 3320 3546 8253 2474 2050 7928 1002 7370 6085 7328 924 8332 2184 6044 5839 8338 8124 1636 7558 7725 3677 4033 3461 335 5643 2341 3129 6079 6403 4438 2164 7248 9337 3718 3031 8720 6349 1722 148 4849 3900 5190 2575 10 8818 1628 6636 814 5521 1474 3988 7413 8164 7804 5586 7542 4600 3589 6269 9423 2532 8631 3826 4916 1199
93 8152 7674 553 7638 7335 6785 5185 9385 8134 4717 291 3612 7351 4587 8464 4567 7158 6566 6299 2609 4015 6859 4395 7768 6446 2136 6295 7202 8588 3654 4953 7784 9437 8040 4413 3340 1349 5906 893 1724 5281 4822 39 564 4667 9179 5689 7919 5048 2617 7586 4851 2893 214 3672 5731 4167 2130 2231 7888 4648 6617 5628 7040 3869 7428 4389 7732 1970 9807 6336 1286 3414 3967 2726 9085 2159 8342 7204 5743 9146 1381 6957 3995 2074 9181 2732 7520 8965 9841 8784 8395 2507
97 4182 1577 552 8286 1842 5777 8356 6234 9592 9967 9785 498 6046 9190 2137 1794 9831 3917 3619 7915 8718 8958 6419 1420 141 2331 901 9883 1477 1525 21 203 5311 7811 2183 4334 4564 8455 4100 9372 6352 2977 6060 2520 8390 3942 5075 305 9081 6282 4317 6851 5820 8972 9830 3650 3013 507 4191 2792 2425 1720 1581 7999 5931 5799 2192 864 759 6605 7193 6934 6095 162 3673 5558 8188 2437 7376 3352 4959 859 1626 7616 2866 7770 749 8542 617 4224 6637 2814 3092 3633 3159 5789 6898
101 4759 3171 1113 7606 1038 3921 2876 9039 4824 6474 5031 8841 7992 1675 5460 593 9097 6379 8681 7976 8494 3858 975 9975 1411 3489 902 5168 8316 6267 6097 4145 6572 3481 9835 7037 3545 5603 2878 3146 3622 8507 710 8605 5417 4045 3446 4930 1461 4277 3495 729 6345 2193 2753 758 9673 5958 4470 1117 5385 2690 6343 5957 8997 326 3549 7350 5923 8403 5362 7446 8091 8703 8473 5933 6071 6733 7736 1311 3838 2443 4927 5776 7281 7332 4666 7152 7991 6920 651 7951 2123 1550 5569 1928 3157 8268 8514 2291 4300
100 7782 138 8948 9992 7918 8952 1100 2399 9366 4715 9606 8438 2051 2971 2037 375 1505 8954 9484 7412 4530 2868 9395 4076 4692 499 2983 5433 2318 9415 9339 6740 110 7670 5862 4577 9593 5169 3637 8294 8665 1319 5488 6187 2743 6337 5135 7312 278 6448 5379 6462 6418 8713 6521 1783 101 2224 2508 5485 6884 2309 5708 248 342 2460 3915 6247 3445 8868 1591 4041 269 959 2934 3022 2285 4255 9377 6053 1812 2962 3351 8660 5536 3607 2749 8891 5489 2829 5372 8132 1345 8240 8898 4875 9527 3642 9204 3504
97 6796 528 9561 5134 2472 7481 6245 5826 3050 2459 9428 784 4887 4096 837 3164 5863 4377 6744 8506 9183 1009 2960 420 4193 3813 5597 2629 9412 6574 3286 1290 4266 5137 7958 8857 2606 8666 7549 7509 1621 2114 3941 3028 6375 1856 8348 3684 6453 6350 7700 2387 379 2821 2187 56 8148 8519 6968 9017 923 6195 1803 4305 1201 3751 9843 8357 3223 9259 5469 7892 1110 4362 5358 9691 1869 9638 857 7524 7754 7119 6335 8032 9934 4196 8218 47 2189 9573 7697 7772 9188 3120 7908 3857 8909
77 5865 3169 7695 5553 8481 1520 9236 1220 4474 9874 9772 3783 9391 7149 1865 4454 6976 7009 2465 1460 3819 7884 1919 1406 9060 1070 4713 6338 669 1050 8283 5493 3525 905 649 4842 5986 4853 6035 6232 4928 3976 2676 9386 6107 8071 5641 2773 4810 6608 5381 4426 2340 2177 4733 1900 3729 2434 2393 8736 5391 9148 3196 8146 2261 2441 8986 556 2881 3957 1150 7178 8683 5204 119 6810 9556
96 701 6603 3210 4662 910 4318 8415 6030 8927 7867 3 3350 5258 5448 6563 4046 4005 1604 3907 3573 5303 9571 9892 9172 2409 1725 3715 9324 9220 8238 9658 1767 4062 3362 4679 9173 7284 7097 2020 4684 5964 7267 3508 1223 7001 3464 9716 5299 1713 270 5037 4756 8837 1780 7181 1336 2029 2321 2290 9345 5389 5640 2602 3000 921 9373 8359 8474 8229 770 1669 8104 783 4999 1685 2638 640 3224 9766 344 9112 6867 9679 196 8935 4981 4820 8916 1655 1607 6332 7050 852 7886 126 2497
96 1566 5798 8346 1407 108 4327 8324 8875 3172 6973 1267 1863 952 5829 1737 7147 6520 7482 6410 9629 5619 4298 9489 1994 1322 2728 4205 4858 6971 8458 1427 2931 6385 3603 5397 7407 4782 6454 7949 9287 7459 9862 855 4128 3220 2151 9196 1439 6432 7515 5076 1567 2708 5541 2869 4645 955 7808 4085 6802 4070 9266 7433 8230 5825 6788 4451 3012 935 5143 7057 5892 9449 6455 3221 8923 2987 9450 160 1731 4155 9633 3936 415 940 3842 9030 7261 2776 7123 8928 1473 2067 6240 4678 2504
75 1909 2777 3693 3618 5555 1700 4123 8162 2013 4926 4716 9721 8790 6643 6395 4069 7751 1440 5556 9619 5457 3780 1485 8005 3784 3388 290 7664 4929 1516 8944 360 8318 4720 3364 4520 7282 2826 8089 4985 7056 2428 6291 4992 5786 254 8796 7184 7909 6223 4434 3820 4493 8310 354 7832 1502 5103 3371 3466 7283 9199 7874 7959 2277 6923 8380 6370 1251 3097 6116 6273 2623 9932 411
40 1415 6488 1377 5815 9756 9202 9175 3763 6790 627 2756 3278 2384 7259 8027 1699 1902 708 3990 8838 2160 1129 6040 1859 8845 4840 3311 4346 9398 1385 2567 7801 5948 2959 951 6157 1739 202 1990 9510
82 477 5997 128 5263 5658 404 5181 8890 7721 6168 1131 2138 703 4903 598 7896 2410 1639 3341 2499 8993 8912 6615 2457 5322 8042 8258 886 1120 7661 2522 3058 9760 9092 2260 4375 5198 32 1029 3175 6208 8560 1667 623 9876 6698 9609 3657 58 5040 5755 3499 1789 4321 1195 812 958 646 2972 8186 4752 6555 7027 7971 5893 7814 4198 8209 2816 786 5992 5364 8888 1497 9364 2025 3081 6077 9878 7533 6279 3386
40 5241 8026 8432 1139 9732 968 1964 5632 4442 7957 629 9937 5318 2323 466 5506 4859 6568 5494 6241 3691 3613 1475 823 2072 9508 6534 6761 5402 9705 8895 3906 5950 9991 4437 3059 5044 7187 1298 6441
93 1776 6313 8565 1462 3836 1276 2912 3267 7191 1282 690 6244 5587 5596 4387 1609 2106 2689 472 6473 3678 1622 9375 6171 8214 8677 258 8145 9057 7400 6612 331 5766 6829 8813 2165 805 8255 3801 4943 6321 8223 2549 9292 3108 1536 5943 6518 9513 999 1973 2270 2200 9509 9487 7585 2133 6064 4987 1656 8233 9920 9944 2827 9114 7034 9749 6642 5922 1586 9108 4336 7197 1108 7933 5657 8045 5538 7354 4271 1939 9143 1930 3652 5780 287 6573 2467 5470 7839 7756 7326 4659
93 6578 2930 2147 158 1210 8594 9678 7016 9268 1487 7464 9485 630 5177 5759 9272 1888 4194 5301 2061 7024 7038 6344 1980 1306 1218 9771 8628 3035 5314 5550 4579 5592 8335 310 6460 6145 3246 7588 4215 3896 6380 6226 4723 9264 7146 3287 9169 8226 6649 3359 2113 241 8396 6512 1903 4187 1087 9644 8098 438 201 4220 3276 5871 9171 5788 458 7301 9472 441 1447 4036 2398 2559 8554 2095 5649 2751 1287 31 20 9987 1881 5032 1967 4540 2781 5779 3570 2611 5681 5707
21 1380 8615 5910 1059 8714 3347 5188 7773 4572 1019 2588 2363 7799 3994 6659 5665 9065 7019 2668 5280 7885
87 9891 6509 8130 5855 9549 1239 5 4514 6304 5125 3203 6212 7541 6167 9898 7526 2892 117 2843 7748 6412 689 4281 5501 38 6672 7906 301 8815 1389 3795 9228 865 8248 8775 8721 7298 8137 1358 4918 5732 920 8882 1382 2225 3470 2315 2111 6807 1341 4738 1941 9717 842 100 1931 9316 8459 3790 3714 6571 4709 5061 7311 2461 284 8102 4253 9680 8763 2115 315 1728 2533 7683 1937 2779 253 9962 4412 3345 2902 5216 7478 4690 1268 4556
79 7331 4757 8261 1417 2526 6623 3537 7842 780 3001 2352 2908 6411 311 8322 9149 7597 6215 4190 3608 3330 6711 4292 8437 7776 4136 5830 3456 5974 5600 2382 2080 9311 5947 8691 6182 95 4424 2256 157 9411 6466 9999 325 8295 5246 8259 6689 9896 6054 424 1652 650 3142 7226 8069 1180 9639 4439 6391 11 9348 1005 7734 296 5342 8955 5660 889 6490 7923 127 2999 1327 4548 6947 8225 7775 582
78 9940 8584 6073 6348 6292 721 2239 4673 33 4472 209 1229 6361 1243 7393 5878 9798 5900 8528 620 4856 995 4958 7071 753 6287 1889 9993 6914 1172 6138 2040 2610 8821 5441 7005 5093 115 8109 337 3389 8732 7564 6451 4113 3213 7053 4843 6850 633 4557 5810 9419 2026 4654 3535 7083 3077 7476 1901 5745 4939 6144 5339 3658 3593 1953 4209 50 5709 4242 6467 8030 6513 2719 9969 9343 1363
83 4917 9884 3259 6402 678 4309 979 8933 7361 3741 164 6186 7483 2679 6331 409 9186 4229 8652 5384 2030 4021 223 2355 5905 5024 5352 7873 8956 8859 2546 3700 6895 3054 3026 2324 2741 3961 14 4109 9935 1495 7353 6365 536 1741 1710 1225 4475 3638 4357 875 801 9480 1940 8452 4464 6468 1569 9298 9746 1200 8021 6158 3270 1006 6926 2102 8169 5286 4000 8252 3135 7289 9335 5527 1714 5928 5285 8037 7718 6639 1177
85 9251 8872 3851 7986 2429 3755 2608 9504 7769 7110 2232 7117 9078 8728 9327 7268 4533 4728 4988 4906 5290 9780 3290 2891 1483 1147 3771 3095 3944 1452 3646 5504 2082 5962 1838 7171 1719 9024 2108 5426 9262 3325 2521 5186 370 6739 8839 7479 1379 7506 7821 3787 9938 9574 7017 9597 4427 2621 5888 186 3627 9813 3084 1790 6688 5173 9074 3909 9637 1975 2844 3583 2572 501 12 9916 7004 6189 824 6598 6647 7978 503 6065 6172
93 6657 5705 9258 8663 5351 1760 2644 2531 2873 1932 8646 8478 3465 1998 7278 5639 5861 6523 8463 9737 3086 1431 2763 7046 4990 8505 5791 6707 6814 7432 2900 3127 1303 6137 9303 863 5994 6388 8630 5450 6624 8490 2287 1830 6111 7758 4080 169 8210 5081 1517 9564 2227 7779 8291 9626 599 272 6346 2598 8 8457 5544 847 1324 1658 206 8922 963 6593 7977 2545 7687 2065 6797 4984 2778 9912 2311 5549 4936 6881 6821 5845 6783 1615 936 7934 9882 212 6755 5208 3808
78 1923 4082 8575 2126 555 2992 7467 9533 3830 308 8256 5916 8541 431 8642 525 9260 1011 9634 5036 2947 413 7108 6773 9983 9187 7740 125 8038 9334 9160 4779 6692 1894 1142 3568 6629 8373 7622 7630 4838 9021 4043 4164 8082 2564 6396 500 2997 4202 3621 2045 7646 7640 4301 9911 1605 7504 9275 4731 3165 4537 7669 2282 8408 8738 9374 4020 6325 8409 6932 9505 8317 6865 2809 8351 7341 5885
68 288 589 4495 9520 9961 6551 9708 4221 7513 5439 8418 2538 363 8876 3018 8794 9979 5793 1524 8144 9116 6581 2946 1214 5451 1948 406 7962 8534 9595 6438 6611 7093 8671 5393 7624 7879 6270 3736 7940 7095 5328 7182 748 6281 9945 7101 5437 8633 5702 8515 195 6631 2883 8197 4702 9586 8272 4384 5507 7861 3008 6969 5432 1551 977 8964 9346
96 504 5724 813 2677 221 4183 2770 8285 662 7866 4672 675 5105 8292 6559 7468 2707 1028 4137 8680 5119 5222 7409 9093 2835 2547 4657 6515 7068 6800 1320 5200 7560 2390 9135 3759 777 3321 1963 7859 2845 7075 4471 7265 4213 5378 3301 1927 8610 9421 6220 8757 7881 5614 9796 9295 5631 1645 279 3999 658 463 2861 6549 8806 3600 1949 3206 7391 2471 8716 9608 8287 699 3424 7644 44 8994 3478 4367 6709 9476 892 6499 8582 8487 4735 9687 6833 4354 3601 9645 491 7422 9544 1778
89 7752 3696 5516 1442 6922 8266 7668 1414 8442 5446 674 9107 530 2917 5887 2477 6584 4055 0 5474 5068 2230 5350 7727 7672 7766 5699 8734 1723 9012 6999 1960 6115 3507 2675 5438 123 8007 1261 2581 4157 1057 9387 4051 3552 8847 6628 4934 6758 1623 5422 2754 7333 1400 3550 8198 7325 3245 3666 154 6896 8181 1164 5141 4203 3561 4208 2374 8010 8929 948 9686 3727 4571 77 2269 79 5937 497 7089 3940 5526 8402 8412 641 796 4871 7534 6207
85 768 8966 9416 3949 3680 2057 1165 4175 4394 2574 3243 8741 1759 4703 8812 6979 6472 3215 5879 7291 7305 5440 1121 636 4687 9654 1244 3705 140 9501 1642 9185 7242 178 557 6684 2615 4120 3382 6414 8990 7757 5072 6594 4328 3886 5622 6714 2466 6104 2625 1763 7563 1624 6443 7067 7168 9142 3823 146 3307 8881 6702 9318 4624 7902 7868 6103 8742 9069 8729 2709 1316 1449 7553 7966 120 7174 8187 103 8583 5930 5897 4793 9741
79 5797 2841 2599 7974 4314 3019 5435 8564 2745 3281 5739 2375 5742 5769 7629 6364 878 373 4262 4565 6648 4835 5291 3360 5869 6082 6429 8185 7321 4180 4420 7431 6502 9430 1146 5519 6006 5727 1530 4226 3960 2663 2173 7578 4860 7064 2484 8973 6132 7085 7269 9206 1107 1356 7465 1331 114 8809 1878 3112 692 5009 5812 4320 8081 6011 4490 7789 8574 2670 6377 6626 5836 1099 6587 9799 2952 8694 694
85 2916 6556 3412 6765 5022 4307 6622 1160 2674 3079 956 252 6162 2403 4457 8493 6847 615 3785 5045 8122 644 5818 5309 7213 1215 510 6406 7043 4603 522 2671 3401 5477 5214 8341 5531 193 7626 2181 6712 1231 471 5043 618 1977 3428 8656 4725 2515 4604 1438 9875 7398 728 9048 8719 5814 8428 2529 8405 9379 1277 8648 3219 197 2856 3848 5091 8112 1947 517 9572 7164 7730 8749 2385 2371 8195 8110 9748 9782 8385 7272 6014
82 4529 8273 5436 1822 1217 4126 9599 5610 2797 7369 3420 8441 8645 3205 3802 2624 9889 4641 7243 2558 6606 2116 4892 1825 1045 4599 7150 4591 9010 9261 1459 2666 9845 3514 1068 4177 8279 5268 5067 9448 52 716 4800 2411 6058 5131 2407 9214 7225 8156 6297 7825 9530 776 8173 5576 8411 6196 7658 6209 1997 4449 1538 6316 6569 9025 4631 2571 717 6181 4619 5926 3993 6161 769 2915 3663 6012 1773 3901 6804 470
31 4780 3358 6126 7444 9331 5120 6769 113 9221 9277 2427 485 3459 3239 8241 486 2812 2703 2712 7156 6972 4411 3197 5374 9579 4274 6650 4963 9404 8314 8151
8 2174 624 8771 3279 6952 9109 697 63
3 4605 75 4275
3 8879 1665 6135
3 8805 447 9154
6 8640 6159 6271 4978 7502 7527
3 7194 3436 3595
4 8387 8932 6216 960
4 5418 9786 8618 4331
3 1397 4502 9604
3 4037 2810 419
2 9358 5987
1 7899
2 5392 4775
1 8799
2 2217 5211
1 7917
2 5486 8636
3 8548 98 5823
1 7820
2 7492 4087
1 6246
2 7887 7641
3 9941 5674 6422
3 5561 9837 8392
2 6371 9138
2 6301 6017
4 9918 9438 8265 9478
4 4962 7559 2388 7264
2 9018 4644
1 2288
1 6787
3 5284 2480 3232
1 9307
3 4585 5953 5644
2 8307 7456
1 1648
1 1154
2 5273 5698
1 3810
2 2994 1445
1 7417
2 8465 85
1 519
2 7021 3767
1 2084
3 2634 9558 5453
2 7207 2107
3 7319 7774 2786
2 6835 5255
1 969
2 2681 2936
1 5921
2 4058 7368
2 2895 3818
1 5107
1 7364
1 9914
2 5002 6405
2 9697 6479
1 6575
1 7010
3 5178 2925 1289
2 2907 7234
1 7796
0
0
0
0
0
0
0
0
0
0
0
0
0
0
0
0
0
0
0
0
0
0
0
0
0
0
0
0
0
0
0
0
0
0
0
0
0
0
0
0
0
0
0
0
0
0
0
0
0
0
0
0
0
0
0
0
0
0
0
0
0
0
0
0
0
0
0
0
0
0
0
0
0
0
0
0
0
0
0
0
0
0
0
0
0
0
0
0
0
0
0
0
0
0
0
0
0
0
0
0
0
0
0
0
0
0
0
0
0
0
0
0
0
0
0
0
0
0
0
0
0
0
0
0
0
0
0
0
0
0
0
0
0
0
0
0
0
0
0
0
0
0
0
0
0
0
0
0
0
0
0
0
0
0
0
0
0
0
0
0
0
0
0
0
0
0
0
0
0
0
0
0
0
0
0
0
0
0
0
0
