37
953 190
86468 54381 22998 64309 87990 99245 37401 68930 44169 5345 61934 6816 2835 40684 39844 47763 34259 42258 19674 23978 69220 96368 73488 63090 18656 31563 58885 35763 45149 11915 73091 21050 66480 30470 2364 52667 4486 13803 92795 14581 82836 25168 49457 30641 97731 8302 69361 28456 20544 90782 57759 4831 92494 37912 45459 57695 34968 10694 90962 385 10151 25714 7592 27931 21242 20055 14811 88920 50054 5154 79315 55296 25054 64009 82756 65394 84957 52847 34158 52828 75613 88093 9561 35396 10553 42512 27008 21626 15351 66697 65432 42845 23040 38188 30728 36287 89107 62311 93734 63740 78954 47495 85748 35443 87396 23067 30399 62663 36325 59338 67809 76351 3947 12168 52020 97533 88734 45648 87779 44125 88933 51695 2203 57388 63758 57750 82731 66570 29360 25827 35645 545 93978 40233 15320 14479 655 17950 92049 37815 95215 26760 55118 55824 58386 69624 79738 78755 79732 49598 73975 39573 72682 54269 78025 80757 40531 60991 28466 70215 24742 49824 20572 63855 76029 71635 35962 62539 76310 36632 80493 27207 62013 71773 3918 20276 53547 77631 93762 60245 17603 98440 9701 52006 82074 52731 57253 51450 99689 647
298 366
69352 91924 40688 45325 47149 57211 94237 29176 8104 3814 3558 88266 83580 43440 97819 18232 72679 23124 93464 58631 85703 6672 83157 2592 32051 85730 9705 16982 52163 73955 23201 34243 80044 81915 77058 12961 9125 86889 86832 90776 72495 9615 44038 4445 26805 22977 7954 24167 33537 77298 6417 87791 55170 62536 72060 38760 118 77835 38939 68353 86713 67497 60359 85572 2680 9113 91258 8720 95943 88253 77466 42905 6313 70455 80711 35885 90898 67172 64180 21077 18162 35331 62034 95804 16907 10128 74537 16481 88520 6282 82040 42232 96577 84133 68731 51033 30794 28468 45457 55205 14326 29730 62811 46160 19044 10937 2857 63608 98806 76365 54583 98079 38404 57408 42501 61661 48375 64073 87226 88531 39632 36184 38167 38737 85521 37840 43588 62187 83795 3452 40620 53023 99354 666 83083 71325 44801 33866 64918 64079 73016 38837 51929 42399 74446 80531 47305 26453 56572 62744 50494 33575 78193 89790 50810 9563 46910 78483 49865 99066 14573 65618 78076 69765 34178 41788 682 45818 71506 74519 69431 12661 33519 91176 71292 42686 43593 45674 16657 36151 18171 95546 54283 58495 2943 63029 78309 26646 3333 51674 33058 19115 32183 90027 64987 69927 46703 32935 86528 54025 3542 57324 43407 54573 51592 49746 52536 77 60129 86659 86670 84082 23802 81100 36639 68270 47835 97945 87132 54993 25539 27146 52849 62050 44029 74669 9183 49910 83692 48067 35875 72430 14818 9146 58809 98516 32776 99151 27427 53460 68864 71557 33598 26448 30809 51015 9182 57661 42647 85378 27507 46668 24648 76384 75517 39070 40539 80586 49318 79621 57959 29790 58180 11176 54865 90562 42973 94701 51271 29862 3614 97006 14416 43214 80916 24139 68003 18696 52992 31645 53415 68107 39245 8657 68228 28511 71121 90968 70280 1915 61396 71365 20761 17845 6988 90539 4293 67369 47979 61825 35343 33053 97761 92798 72168 640 21894 67903 20403 93970 59546 19441 44975 43605 19309 45219 15653 12133 92949 27567 27272 19359 1860 37635 98016 79875 68983 53740 60941 16736 11016 87743 63496 20097 60517 69754 18608 29934 65217 80504 44058 29424 62658 30653 24087 33852 46375 54735 90315 61613 80744 42435 97774 12903 50925 75425 57023 45862 80771 82093 52465 27701 87920 33573 50075 88350
264 177
19371 75835 84980 16061 77493 8392 17553 24521 49779 14001 53632 86007 59584 88982 62226 68912 92734 2175 177 81851 14606 5821 50947 98870 84052 19247 51093 72558 64521 67144 87476 37314 41331 2473 98541 47179 13073 80767 41574 57069 68699 70124 73235 17400 32313 79872 98442 82780 42691 92721 89813 71658 99607 45997 49657 75625 83928 59500 86940 36143 78440 44785 54814 95508 16070 43840 72380 26606 84055 45072 52239 84630 2548 52966 43768 44540 50951 44535 9644 40992 85118 48876 15188 17549 94650 19830 63 69864 75667 23453 72137 24371 179 13485 58524 71799 90607 2201 73775 90823 49848 78953 92242 72555 40505 1702 28136 46935 44754 16602 10211 30993 95866 68960 79651 8507 19634 977 52253 78945 941 99163 87494 42896 38468 90625 81549 40335 44519 13839 1224 87535 45402 69171 9839 12718 43777 67724 13589 13002 76413 28898 16757 54286 85794 14825 13619 79222 91740 28741 7200 7825 47161 54790 16833 38632 56627 16270 64469 77345 35030 51221 81297 79848 73684 40431 39089 23721 44478 65092 6185 49106 82374 3325 10399 75430 29231
253 168
92363 91667 23159 64597 89293 45763 37297 25074 33986 28293 79306 54264 41628 36032 4165 12537 51688 12346 89655 69482 90983 69298 22195 26273 95045 63479 66969 79492 95850 61353 9909 82223 71503 87180 18596 88954 67704 3916 10536 57010 73078 77649 78754 10949 80648 57007 81918 66769 4658 10562 94366 6864 18063 49073 3517 74221 23855 42014 4735 918 72204 82188 97646 2530 11151 16477 82573 7400 48177 61758 80218 47511 63991 57708 85170 18820 71970 14834 15605 24639 9708 82220 16339 11288 23938 21733 39507 37609 26908 91639 4364 74559 22853 46628 7679 5031 82776 42909 63919 85104 10975 96941 71257 37651 51073 55714 21638 79147 62643 18276 43129 79929 90202 69180 79329 89457 86582 45489 95974 33841 69176 39960 58095 88711 4694 61869 81248 1154 29949 4455 77217 26076 89852 44809 23009 66945 58206 18739 81946 53112 13769 96775 54212 58683 18992 44600 76473 12744 81221 17498 63451 4053 95221 91158 26304 49123 25857 90266 75246 92732 6516 29602 9294 65379 75853 28415 383 92388
594 167
19986 25284 88583 73341 98774 64881 58612 50026 32952 65689 18714 1873 31490 49036 16604 85195 44015 67034 20529 24180 92019 24927 51513 72738 80897 41 2783 6228 52937 21799 58761 95112 95617 4136 42406 86653 1392 67110 45619 76851 3971 17038 21556 5216 24749 56524 63168 91619 9249 94035 51039 88434 4156 81433 93361 90927 61686 1660 96270 83328 87861 55281 52830 27750 55393 81093 92359 49832 17451 2213 64897 90057 77504 59916 5118 61048 13204 875 90378 20599 43581 19395 10685 66350 18134 59057 57985 11607 79084 27875 93786 93197 36085 10925 21347 61885 93124 63849 50206 61712 75291 852 38393 95449 55689 117 94024 6707 46838 41517 36408 7753 68844 3674 59441 67787 51069 68281 82906 25356 64757 8079 68628 92427 5198 31814 80463 1550 67198 49333 31414 92411 88354 37874 31860 6407 36679 21370 29956 26868 84922 67005 22927 26209 41084 25665 22445 13254 51793 35758 63147 22289 577 3959 27522 26981 42402 85234 80239 79845 45061 92857 64386 2839 73764 51469 56472
475 326
67905 9602 35278 52786 49102 90533 10201 73768 29257 93831 7208 90803 49906 81545 45427 71474 15855 86733 68065 55512 35841 37748 19232 58260 34186 65364 38664 67004 69830 43842 78593 70375 82298 10121 21679 67357 72409 58488 13618 5343 34945 27081 33489 33935 37169 7849 33613 55062 18571 81621 20468 14249 10107 44673 21764 46967 92710 48240 67064 47974 19979 94170 62422 59615 63622 46144 28937 24522 86663 41815 62964 15077 57705 67681 9733 74068 17173 4341 62202 30624 94445 54084 2928 20926 61133 74631 97300 1465 59765 58341 27884 86608 46554 16730 17040 73051 5254 97997 50647 44885 50421 36954 36656 39682 75343 14907 31636 664 4237 16099 27499 16220 55679 96143 37603 261 5512 25077 11420 22874 84096 93308 65803 5384 24764 68022 50285 72496 632 47365 19642 58913 51084 59484 18924 93420 82497 50926 25996 32080 27482 37328 29165 87608 76349 54791 20890 68167 99863 54889 76476 2765 93156 63794 56792 22150 34240 21566 52740 43186 7107 97972 76861 94453 17634 76822 66363 18715 1572 36728 88030 15837 75249 4392 88698 49306 21662 75889 74283 39087 71640 83497 41584 97456 34014 98184 28115 6212 98266 94602 44099 9559 20705 7635 39114 30643 33008 54064 33148 93229 31892 32634 6838 30999 54323 23509 32941 61102 61004 22539 99665 80966 44420 14523 22944 51825 34423 58436 32798 86182 12843 31302 50029 98875 19854 51514 52515 49679 24194 65639 24988 44987 27709 15569 90354 17458 1417 92477 17229 25075 56997 61688 59631 47144 54446 22199 37130 91120 98580 47750 15880 89949 19845 73808 61076 88964 16955 78656 5581 96137 49607 14878 22935 51550 50028 13006 59362 27653 72351 44208 46690 14643 98473 81464 33578 54324 54380 34883 25995 50296 79124 61967 97440 97837 43705 38059 81080 54674 5502 2316 50392 98956 68712 37612 16679 59084 66248 96568 25036 96706 8504 44677 87026 5552 69218 5393 29786 25239 68839 11031 71690 8078 86303 57001 85816 90253 94519 450 69943 18779 35667 78330 8725 50880 10578 45091
583 160
24828 39551 89753 53423 25448 99651 55482 64814 68024 43269 49611 3035 93397 96689 45835 46133 85203 12680 73557 51706 46997 78439 98946 44292 49045 6345 54579 48520 86675 49484 89947 48907 78784 66908 43678 7265 70054 34392 19762 65338 36859 17186 77673 72387 42824 18126 19093 21158 83046 23082 58785 88384 52899 60104 94109 30329 45406 17238 50543 70912 6404 37125 77897 92484 74097 26841 17150 31474 22441 40764 34098 66141 83187 86952 9853 90232 66048 84156 54469 93749 23200 62358 55464 85213 74154 32984 2078 61399 91020 74735 75525 9118 70749 55465 19256 51350 16819 69070 68195 41556 60552 26955 67683 98631 31529 72016 82143 11763 44293 92724 48871 63476 12846 26762 32007 24840 83593 25547 34778 75079 70744 16758 86600 63245 1840 32345 87340 8650 80792 53720 51482 31038 45263 17828 99440 14514 11375 88845 9968 93510 83229 79026 33998 57372 84058 90921 27535 90461 8376 52567 70432 50828 40639 10224 19089 83698 96402 32693 49523 90084
434 312
97643 26516 34688 97266 42777 31752 68266 38108 27708 41563 17748 27621 12039 3448 93712 66292 12366 76386 27106 37762 25986 82013 78116 55233 96162 81814 90349 13810 63592 50087 91490 42118 75909 91633 56840 57747 12825 14103 51353 303 6666 28737 94354 35313 73487 18602 35801 89263 8167 49100 25919 98053 37923 40691 91511 59392 91203 97722 53588 86934 11980 94907 22273 70985 4422 59039 87619 84618 57297 10178 90594 97302 79915 39201 84402 36176 50058 67150 67678 84552 71900 98038 64976 48615 37060 73157 54134 461 37796 62361 46047 3289 62138 34911 1351 16020 15859 33067 7326 47611 64600 90819 27084 69822 12665 81163 54161 68594 11653 79776 70990 93519 55749 1094 30671 14068 2139 79523 4465 42877 37901 41069 23379 5346 61433 39556 34053 49193 99813 44740 18019 58589 72669 14418 97604 80461 56375 28161 19355 18731 12281 80399 12554 23106 17112 79910 24260 34934 17663 55933 68935 90856 2424 50712 13242 29468 17332 71892 41498 35154 48759 37335 20774 13847 82470 61372 92139 19709 65431 92832 10062 24952 11222 61229 24824 29743 8646 68563 27793 91199 1100 79534 67247 39896 66079 18243 8070 50950 21777 41413 84886 75019 98520 53867 21040 53183 15190 18172 34047 28484 39085 21745 23969 94323 6954 76913 11239 36410 26763 58092 4561 95059 57857 80173 90991 54037 81317 16475 90353 6331 5007 12423 94643 50384 59637 67230 49302 87255 12993 78092 21446 94434 35083 89470 16479 17920 92030 86356 87051 96002 27412 62161 67993 11348 61574 86462 76334 34056 96978 92842 34771 25506 15715 24101 28717 56983 46599 95816 17667 10952 18110 90928 87153 83993 54918 33860 33253 73475 58330 18509 95293 41154 48378 38407 1459 79799 43255 38878 17223 87574 43220 89908 25158 30966 89665 78966 12284 42928 92632 90581 5088 15218 87781 94228 58783 93472 37926 40194 93304 75615 83609 37110 92465 76078 14330 65098 13041 21293 93953 10138 88323 31202
888 150
23493 5671 47469 64958 67237 85956 13004 97153 20650 35674 18229 51756 84206 52795 59556 51679 35877 1844 41617 31095 35376 38843 87498 40736 93204 95213 56188 6623 76392 9389 56860 47163 59361 37267 89637 59881 82520 47251 43931 5562 31924 64551 11526 43217 71088 3111 62176 26341 13162 44991 94187 93523 40157 69403 92103 57532 68433 5363 74894 87553 38695 7742 48526 67726 64782 65973 35010 85447 62830 54378 22163 97865 68737 9574 65194 71883 63632 67919 91309 38142 4202 96354 58572 8260 32044 96613 21017 3801 86867 44878 57153 41245 69974 19869 27257 61145 81377 96381 42021 19157 63971 16586 69093 46675 9755 6828 20472 28314 68884 13159 2391 14356 6715 47156 77626 46665 24440 17282 98289 4468 63105 66747 48287 59004 47505 8837 6805 4271 16742 46318 48032 73863 20001 60750 76279 9381 25394 68051 6111 46270 29135 96408 70106 60016 56497 71665 92718 7688 87972 34890
467 144
26781 48902 91137 19182 86771 32195 39906 37518 904 41465 68399 8833 92438 6651 39091 46121 21201 96056 68110 10060 43276 85464 67768 83559 64864 56611 24287 93100 19135 95264 54296 78532 27156 20390 90063 75913 95889 73580 17992 85514 94940 8123 68803 69549 28903 10330 37345 40219 61378 16458 82610 48295 72 87884 12373 39939 44575 13377 9093 67405 99999 70929 20634 54483 18034 49813 17436 43357 76976 9874 26797 96675 8397 5662 35797 98747 62055 46327 81940 54050 16040 59391 33342 79973 4245 5420 89728 40519 78425 31089 93894 882 79144 32436 3228 25653 64686 53197 57585 1492 14393 47049 21233 25015 54909 38149 17417 69117 60124 56623 33004 33406 21934 78424 99587 71007 42559 33178 56461 2375 66095 26723 42962 33758 89363 82475 6522 89855 61962 55562 57984 7861 29954 62277 81823 55210 21139 84111 94150 53892 94583 92658 56675 3145
205 141
18278 30858 80457 19268 38932 52954 61927 51428 29824 61849 56553 72710 16120 94996 1074 34682 19102 42068 15227 49435 16288 85410 65821 96155 8977 60548 20166 48321 40811 24022 69848 76509 45239 34745 42911 59984 33282 11752 21277 41861 46928 74094 3716 80490 22780 11354 36437 62972 65286 12782 39488 15891 16723 50001 11206 97693 97632 73398 63917 15031 53577 78695 94 58422 65707 78890 64894 85586 25475 79384 83953 71701 85202 22599 92253 50163 20473 73297 45541 43106 59967 53819 73749 89219 97475 97216 48515 16433 64634 22070 73092 46604 599 52452 26300 85505 89845 83563 2712 48964 85809 23135 29073 81630 52579 73798 92364 25138 70095 60059 14272 82795 16424 48749 6288 50398 48202 90456 99809 40171 94719 91698 30345 17643 43462 89028 67226 7372 82451 14525 84743 6225 47705 68527 98419 13017 4374 29357 83334 59122 38649
555 139
28595 93493 34447 92273 47364 46696 99719 19817 45687 80638 99879 85758 39153 30039 91925 83945 74957 99847 83141 64638 7628 21164 50042 61159 70852 27876 65245 72869 23246 72865 48051 83689 38388 39284 93438 12566 22352 32463 96833 18934 63792 54608 81113 64765 18451 34657 62716 75387 32665 5788 24936 85539 65822 97649 71209 69336 75035 48998 71026 15951 61248 68516 77109 31169 6559 42351 54511 88950 2509 52168 54978 85907 77522 55950 78450 11414 92369 41862 10369 4261 67184 21932 22834 51622 72648 52643 375 63266 46952 84757 58444 64406 24166 30907 94873 57820 22923 16548 81715 74307 71759 60126 22949 23749 72412 46322 20707 26349 32923 55647 35247 49321 85728 55893 96277 8357 64472 18454 77935 69265 71576 61806 12117 46339 5971 73328 66681 76772 34074 11874 65422 5228 58750 1559 16536 90509 37182 11875 98245
182 262
6429 28003 32522 75441 91626 66085 97496 76309 88988 15865 14667 65434 76056 17839 68770 36001 94647 14829 22659 80423 66449 32490 80415 88686 66822 65691 77527 12962 74202 76517 64267 47572 342 62873 47452 72283 29186 90187 25554 97446 20264 26514 62673 7304 9876 56206 39182 49794 70300 78732 56007 68218 35204 44691 1798 15359 42742 77931 22319 98080 58867 39127 94400 701 75537 1780 63767 9378 17605 83555 20557 64838 85187 7593 16522 97962 88645 84243 65326 43174 91672 68322 414 99957 39252 82057 68234 24887 77215 68599 41516 48914 81729 97684 77321 8596 96540 92617 5258 11389 9540 2644 6477 77498 66852 3839 66245 9049 83032 22708 76507 48179 85575 15937 40362 27903 68311 67285 40943 67973 61404 30085 99504 7834 96864 24395 44166 15149 78407 85605 54652 40333 76185 7215 56696 76407 20343 29579 61487 90003 81455 25887 4643 90215 7060 46297 58175 99492 34196 9673 27321 58710 73234 99752 58932 17450 66881 38110 84581 11166 28573 74565 60069 31036 23373 52949 42105 58665 62919 61589 80929 65749 3975 55348 30606 9212 46209 17515 47406 86899 59443 59788 27744 76841 73476 74349 19322 44223 84131 30129 24295 41988 9518 90881 59950 50708 14909 17874 48166 4239 75499 59920 62937 58134 697 79517 73395 4475 79802 3787 15206 9729 14197 16279 95882 98836 87264 44765 55555 96205 94766 81452 18811 62369 68436 86657 82022 27724 50466 70579 36776 35264 53783 83645 51833 78952 25597 1866 13817 74004 36460 94579 57971 65289 76243 31744 63555 10520 56323 87583 32074 89710 26059 51638 44074 37855 45719 51985 48044 54985 3243 49912
602 260
84532 80149 87103 3963 72778 60802 56350 45509 16175 75199 87043 78998 29606 43565 52915 47304 52434 73459 40443 73049 15144 25157 59076 94517 28316 18022 230 94488 945 43304 95532 27222 76057 9680 96588 78361 76878 4612 86078 12431 24933 7233 83115 15944 72231 83074 7877 92390 81079 42675 50271 24691 40108 728 36266 41121 64543 24992 55402 9155 36757 81788 48491 96305 95975 30544 48783 90444 73741 54046 26656 59815 55304 37530 87100 38826 18287 38057 48966 19558 67075 3823 52458 31258 22680 58225 60420 76013 8515 49166 24603 97056 33046 58153 95640 15305 65956 25833 15267 54055 74753 77167 21097 72102 2035 90471 27477 33029 60071 78318 85030 38688 79057 19638 60014 35081 99464 89074 81443 61979 82806 54582 52073 81480 48408 6183 58624 4309 1425 76795 12296 56498 90465 10543 13748 29092 15849 25485 12316 29731 87090 48323 88353 5284 90724 13510 97788 19382 99145 166 25304 24432 75064 1975 95415 91458 85363 13933 84863 28064 53035 65389 73759 3463 17762 76108 96378 21741 42497 74527 68357 59046 2111 81219 68037 81071 902 94331 83216 13454 59580 39492 88585 69904 76265 79665 11157 36524 62023 40696 19216 45658 55804 24925 12043 60116 35761 58169 984 25788 12773 17184 62604 29541 48883 52131 40024 35803 70786 48322 2395 2846 92293 35064 38298 7044 98103 56177 25701 3357 11174 1803 30071 21088 71699 5548 85462 35099 86331 88565 77846 18190 10696 53444 8647 44255 84168 49270 38739 35707 49980 82464 10307 49107 57454 92548 28353 23078 24306 69770 71644 62622 64907 37997 89448 31004 65946 46679 34028 6013
955 124
25711 51424 28924 47336 92126 86091 16712 91828 67479 14170 84173 7195 69534 95182 46503 86960 60439 52413 81891 21126 93072 42696 94644 8247 85466 748 54716 84083 97836 65061 41704 59866 77712 20369 38046 65424 85941 70366 91252 54341 40919 42116 86279 18742 32709 24920 69945 69250 55400 6376 69500 9107 15748 66727 16842 84114 19017 46016 32161 74989 33972 89983 73119 32775 41393 18074 67458 57267 85018 43494 57873 15312 85820 74028 19694 9154 76242 97154 53851 15717 79099 71556 76818 96134 72698 96017 5558 23524 59344 94548 3105 38780 70702 48674 95654 86935 36863 64992 21419 39589 95280 73140 50787 80425 41668 83623 20850 20247 77183 35162 861 10956 97820 88549 1421 25748 26990 19816 72419 72895 70195 15106 95608 76559
277 114
40831 94111 87302 46804 36350 17918 75418 95369 88413 45848 3399 66315 23110 73692 45122 79373 10442 98159 92827 12375 89187 76894 12990 4606 32769 59458 52737 12361 49522 19719 63884 80848 68745 45469 31429 8520 72114 9104 36250 14515 78087 25960 88121 411 61129 263 8879 5720 80321 16191 25274 23910 61001 55014 32165 50772 61788 76990 48336 80794 62820 18036 61355 9324 16915 20616 85012 71404 7569 3382 58558 84782 64615 39119 57029 91585 24632 89496 1610 72328 82222 23835 95301 86765 69254 94133 5188 58445 44347 81686 90377 4705 87023 79532 60484 98379 73397 39594 45066 47664 8049 80525 23450 65684 46041 38041 83839 84249 32872 21365 34673 33715 1018 30554
696 214
54688 12448 37409 11472 6525 55874 57546 70224 16450 551 70870 79744 20038 76660 73130 88621 25042 85390 30461 67391 75154 24770 28359 70938 1263 30110 95199 37317 81025 53034 74725 51654 37879 58044 42801 92090 40994 67866 96804 16428 215 75836 90708 27284 24716 62625 4423 17785 41844 18921 92357 76681 23341 38230 2627 97896 47575 75082 26965 19725 48604 53729 30229 938 66536 77265 83066 24108 11974 71679 96799 28997 35189 32492 36959 70951 58968 66542 53536 64933 68418 16789 10464 15667 80573 72004 95286 59831 34040 82138 51599 38066 9803 79141 70218 4589 26310 62847 3439 45148 42008 12739 80449 83240 47513 87877 92340 64291 76160 82758 44352 26774 1510 24120 63261 13789 44226 8242 51735 50198 43966 66636 10469 48897 84295 21371 10370 16807 64874 21587 46491 31148 34631 5034 30857 77410 57730 1229 16217 26789 16994 71632 8705 68503 44464 23572 46627 12836 98979 60786 45868 62629 92418 45712 92303 72589 62425 43180 79123 74120 3389 5445 52419 43381 97894 89372 9920 15739 90632 57797 83877 82079 87844 94352 78633 87687 39118 52288 38588 62301 89824 11937 86619 86577 60948 26130 90062 78233 59915 91240 64264 76855 5361 4669 12879 91705 74117 98067 11865 97771 44685 60946 16446 36193 2112 65129 72600 94371 65994 67284 16590 26951 78950 13578
269 202
57242 47962 13213 3126 29434 87181 40064 7602 56961 36487 12442 26761 55914 38690 58494 6139 26253 19446 17698 85620 10316 44179 43173 34737 21798 94718 54785 45673 93128 92000 26287 79052 84780 58970 18753 32201 13259 26384 66743 45688 4698 85952 93664 14926 19793 2483 14460 13283 55939 4449 76126 6297 34696 28044 56905 54098 19776 7975 88859 64789 8210 16689 49039 7881 82947 73781 21883 13836 47153 85404 90066 45727 53821 47060 73132 16974 46508 34331 75718 95364 63259 22871 93672 9595 72583 17500 35513 56758 8729 87635 94484 91362 22203 126 64919 64650 218 73905 48022 38940 8666 35805 76492 82135 47833 19230 29087 58265 73704 34697 69447 82676 32155 36783 20501 77350 70598 61310 80398 32398 8491 68442 29893 16483 6806 19065 24496 17086 94926 33249 76352 21990 91882 28670 99827 92324 89998 62889 67892 18016 78704 27169 83369 75685 12422 94473 30030 36261 29408 71962 84846 3224 82363 46240 88247 86627 23064 84517 45588 38666 62169 24994 44070 77104 92547 90190 44014 68306 67248 70743 65806 42477 33022 54099 18382 62382 96336 6905 31250 38873 99139 88916 5984 26093 15 43030 18892 35651 21507 33812 2894 68825 50606 24337 30757 78604 5091 39097 22372 33009 46447 73301
28 184
5886 42759 99370 90118 79852 31074 27663 77013 34619 62136 34166 28412 37811 60329 37131 56412 7381 95250 5686 95235 33044 20095 60446 66028 64088 28697 70632 81672 87121 13758 26996 24004 95818 89535 83008 93036 59646 9123 37675 59670 22787 23506 92080 86173 58563 94901 94332 7040 66341 99548 55725 99384 51843 6259 28750 58103 7095 10712 86158 8877 15492 70886 80066 68396 6455 29642 64517 67132 3989 45220 86822 91283 83799 2451 34484 46247 29497 679 30226 51299 34303 98697 46798 41099 66204 33215 57754 79088 51082 92016 56607 5243 28686 8249 41153 28593 80379 56049 37942 80479 81674 60503 73840 40903 20512 30154 74994 30672 98528 29524 93270 49816 49551 91915 51521 41614 26328 31913 62993 41054 56848 37574 21948 6026 5201 28591 58889 87856 7395 21011 87808 2409 70450 98687 20793 79020 73529 4352 96773 74707 75988 20245 61193 28590 54273 99073 98248 26020 60760 74363 91739 75181 59868 91025 31125 69433 12586 6110 12885 38657 59997 25178 98569 82664 43550 32590 98874 7330 71787 58957 92409 88701 10443 55683 95025 11495 66868 78513 78744 65005 21491 9732 88104 67100
220 178
69493 75420 90051 53434 19718 46371 16231 32016 12032 95376 57125 19235 17369 80729 99011 68252 91468 14266 60202 56776 56481 36314 27198 36659 20587 25496 64691 26355 11828 52975 92256 42162 94896 64367 40959 10740 8682 96256 59209 17206 27865 34420 1766 61479 27392 74227 84363 6001 82940 95973 23625 23972 7916 23248 29462 87300 7610 80240 82296 90513 72507 26778 29583 84542 64900 80872 43013 47600 4152 35660 10574 32609 25586 50133 25798 83727 53286 12 91165 62228 22757 35740 12492 94560 17441 97135 64249 75829 33815 78529 77554 87952 97763 9941 56260 8748 70100 16184 66509 43635 32649 15666 39537 77985 27597 33255 32023 95244 22312 36629 8239 34786 41126 88473 56183 61028 94762 75652 86012 85028 67233 9428 75574 64155 34131 295 32199 94571 74243 86340 50734 54881 45900 22408 86911 81445 1868 34581 28032 64477 84543 1218 69001 22184 43447 73203 19765 31431 93656 34476 41034 93390 34762 59410 10029 99499 56787 6156 63668 78543 27580 3956 36531 96985 31013 97250 1842 57777 72815 21406 44646 60047 43594 6317 78495 45753 65948 55184
209 88
97973 92789 18893 55612 90064 77747 76115 25134 37888 66965 73171 62503 53347 58808 94736 41204 96099 17962 28833 42304 62766 10652 61798 1052 28334 29928 54254 36022 40166 61456 29668 16546 68838 67016 44549 18488 17755 99970 1698 46455 93282 64629 19318 83022 71373 26823 87266 50394 56330 69613 26356 91922 97513 95098 89210 57238 29495 6030 7622 29207 15511 73551 15129 19713 6150 41582 41886 94367 13152 52575 34273 44504 18304 54047 27859 98871 59007 8396 17693 35806 24023 37406 72707 84087 56754 13813 43268 29157
131 82
42144 21032 53187 10273 14821 39947 71710 40769 15649 1876 42677 13987 97645 50129 31597 17662 16338 46617 89994 3611 14428 87487 73302 11798 57008 37212 3797 40217 74043 82232 88987 79038 98373 760 36640 42025 97059 62165 63775 78173 15508 57199 38016 31874 54318 59456 72706 49729 81957 58567 41407 96455 76046 83286 30358 44121 91823 90537 21652 92689 46067 11401 4110 17275 66765 69227 5271 27231 16832 26178 48097 6977 2025 57721 48629 82630 59613 69572 18092 67513 70279 34235
339 78
60015 39965 31374 36000 67017 95091 72085 27356 60577 70691 24916 50062 77082 19081 90050 95127 42072 32768 89100 32152 11637 69654 40679 5093 69064 91802 61083 99843 70913 16716 64642 59284 71938 36127 15344 90478 69092 52385 18020 94509 97662 76586 99693 34327 91854 77668 72786 86806 19391 85292 67694 80623 92668 76123 59175 91420 75462 87392 81917 90414 35614 76489 28057 14281 52209 47777 91983 31890 64467 24671 92640 78055 37227 57778 58202 45550 59891 22037
700 152
27612 88910 31916 21031 26670 82310 28992 10963 89720 39566 69580 29990 52108 80270 37378 497 35924 34125 6957 19117 95622 60719 41079 37456 91009 81730 17443 34800 96550 34247 61700 5294 88145 42946 90098 89373 16325 28619 17935 34435 15467 77158 33329 32943 7293 9502 59400 41514 11640 70822 213 14180 56280 28269 99633 87496 81942 68482 32908 68711 52608 98297 74963 74261 35785 40646 33337 98225 72995 37431 82330 44290 36052 18429 73843 97476 6754 41088 60023 43104 43846 86558 28398 35239 56087 83873 83028 78316 58832 14050 57403 48197 53523 18062 64365 54384 75978 86469 24879 1077 62071 44309 59023 5086 34073 27668 62857 56209 41293 26562 14131 39917 41703 17050 83218 90342 37638 68721 37058 95267 73373 86299 92034 72240 58738 6901 45304 9309 51235 73943 74057 6970 96273 19721 1549 80017 15818 58209 83209 70266 10550 10385 66656 13946 47645 57746 31677 14400 55156 89423 86295 3020
8 68
75917 52298 7816 64586 76163 7322 88746 94850 42919 812 70398 1185 17011 95803 44371 7310 45540 89127 75778 63858 38958 89201 87029 65009 69720 89652 26246 51710 44017 40038 13314 15701 19155 19839 92412 81557 42405 99921 92154 84025 1653 58549 60100 85482 20862 32020 2813 727 30258 44300 22723 77297 25872 11758 96479 90321 55755 12328 20552 21238 54383 3445 50585 4614 8493 58946 91384 75362
956 61
5988 67298 54223 34534 3390 64055 71416 10384 70981 24324 51243 26058 73893 24080 66088 23386 83108 7646 77020 95929 15689 48600 54140 34988 47333 73268 82417 82124 52325 98448 13022 78225 38191 80955 36933 14896 83246 31983 35788 59719 18970 48267 31819 63015 38584 39417 38348 75264 26918 98872 24059 52811 95073 16111 17277 29170 84840 90575 94152 29364 92442
325 114
40301 69122 49618 46837 18098 99436 30368 2206 27923 44542 35754 74590 13280 72725 91343 53287 37077 32107 48311 89212 69687 6286 12464 42420 43909 34468 4435 53514 49237 66393 27946 76536 56380 12182 45483 23006 47392 24444 17188 18481 70644 14364 14556 84148 99938 84166 92027 62315 92906 42694 49726 31945 85591 41804 61768 23242 10966 62260 6353 863 75673 89427 80223 58800 50363 35076 48514 83517 52100 82583 3533 31102 4879 22028 49538 36969 83679 18499 85281 59678 96827 45319 5974 52788 9340 99248 20674 93020 72438 98550 38899 539 50200 38605 74947 53480 41611 59467 42634 5471 64723 33347 25465 97719 26325 22356 67833 34590 61890 9440 99315 95359 89897 68920
3 51
9706 79344 34153 10822 56075 6144 13796 89963 6781 29858 58617 9152 96856 34155 21401 87513 6943 37087 32151 13966 606 45287 41830 58010 24321 41699 44236 89806 39075 71152 78909 86178 17578 46937 69130 488 43243 42606 51967 76631 48885 62917 16278 95331 35175 48937 94129 77492 79699 48764 18
189 92
16814 53134 14686 66842 60152 89515 70251 5182 18737 43116 32613 1781 5488 6619 59395 67761 79923 51690 23116 9658 79650 26232 79227 83578 12695 13932 3284 20133 19615 13237 3165 26091 49835 73862 10882 28656 90351 89854 39618 14900 2784 43774 33387 58415 39922 19976 6792 20484 3446 3669 46981 28333 45773 7032 43916 77963 12481 96505 18193 25113 26974 19451 20061 19699 93623 38979 83367 71895 34190 32712 66734 93300 70341 77037 29569 11785 67685 70031 81250 30454 91965 45210 45809 77411 55453 29327 16462 60584 63364 21619 5199 30402
99 40
80658 18087 47316 96351 22682 21330 91233 42526 81009 50399 92136 529 34308 37732 41232 98682 61951 8327 33624 20439 23359 2577 99297 97665 51727 24461 56887 59180 83379 77774 63226 22337 58720 32814 57229 30928 74863 50870 38324 43647
598 68
11629 29208 12655 11397 39568 66521 46884 17995 5078 95594 28605 7886 5212 55884 57794 52304 53152 95651 80209 24040 40853 65712 69129 5388 40107 57542 54628 76246 54463 17042 69772 63248 65660 15465 77986 64922 82206 19652 31303 9550 19291 2006 44545 47140 29961 21105 72525 31806 8864 70497 13797 1587 99200 68819 55273 61421 33858 93189 87700 66044 9940 40786 71574 4287 9630 69675 92726 88106
373 31
30593 75231 68890 82883 33191 50624 77277 86026 9725 60820 55517 3248 36895 92893 73431 26369 28915 55153 16142 29398 6984 71391 33954 58350 44544 61747 10100 53203 7479 18267 96101
77 25
16152 30956 89935 11355 87646 85321 88758 87485 70701 59993 54216 52347 55197 32362 32722 73007 476 34372 60647 26963 77692 3437 76698 54276 6793
938 19
63605 16232 41001 638 5665 24487 12949 25862 99202 3429 65715 27053 40685 40052 34218 47517 60159 84164 95659
705 20
20749 96123 35151 53107 4326 48278 45240 89522 35395 25692 78958 62114 49252 32213 22419 3097 73906 74534 78523 26472
210 7
506 52272 49869 50626 44477 54836 10954
858 1
9662
