35 3663 4780 2634 4032 2174 5221 347 2882 8729 5002 2484 2796 8770 8135 8941 3173 1181 8887 1875 9841 7804 2925 7899 5016 5536 4490 5418 5216 2444 7568 4594 8816 6246 647 0
38 3171 3417 8833 2280 7009 1215 2216 1743 8189 123 7563 2729 1910 3853 4105 9823 1216 5631 7495 6619 9525 5232 3358 7521 5685 8218 7553 7533 516 5513 6932 5280 5029 1397 9914 7796 2107 1
40 6975 4757 5360 3430 3508 8476 4410 4819 1073 947 8626 9214 7310 6338 3397 1598 213 7956 1902 7100 8380 9377 464 5275 5276 624 6513 4075 3045 2902 9018 8110 9642 2810 7362 4037 7364 1154 6091 2
37 8027 6754 4694 7065 5292 2382 2260 3320 636 9043 568 5956 7682 1624 2975 1078 2702 5676 8497 8485 8302 3029 5715 9225 2953 1019 6141 1714 1877 547 6784 5054 7854 5178 7820 7234 3
38 2182 288 281 2930 4083 832 8330 1032 2891 4533 1797 8222 3891 4258 1046 7425 9877 2546 7924 1887 5651 9813 8763 5250 9849 2025 8100 8308 5629 6506 6159 7322 8096 5361 8879 7368 7010 4
40 6190 9200 8339 5201 473 4309 5867 4145 4647 5412 1661 1402 8720 8426 6510 8982 8901 4572 7069 6555 1058 5827 351 4453 5359 315 1357 9333 3624 3909 2776 5386 5285 8682 6008 282 9643 3436 7417 5
40 8346 3452 188 3242 8500 7359 220 6948 9548 4341 6872 6670 7064 9381 9796 92 3178 9551 9715 2309 1845 4908 8809 6066 1479 6290 6751 1978 9582 121 6490 2523 7938 6435 4940 4881 2623 3810 1445 6
40 8948 3412 5171 4976 6912 8584 8526 5911 743 569 5198 5533 9309 6433 1003 8752 4806 4932 650 608 8900 6080 2742 797 8962 3946 8845 4173 692 1454 8409 6673 7223 4866 6542 8932 7917 8799 7264 7
41 4474 6211 477 653 1442 4123 8642 2337 9704 7072 5411 420 5568 3034 6646 67 5346 3928 2022 4663 9597 8534 2453 6774 3655 4013 4222 1718 942 7490 7094 3157 4820 1629 5678 5618 224 2719 6405 6441 8
46 1756 2874 6556 2135 3671 466 9708 5436 8791 43 8532 7046 6277 1223 5854 9673 756 8707 3790 4669 6957 4943 4776 6526 4094 699 9026 9550 9108 4859 8542 4297 9633 8363 737 4695 617 9748 9452 6271 8402 2668 2217 6906 6575 9
44 4182 6600 6756 5896 238 555 6409 9229 356 9327 3234 974 6210 4602 7056 9736 8095 1352 7591 1103 1413 1341 5531 1702 9519 3600 8772 3002 6858 6662 8456 9950 9335 4287 1428 4437 852 9991 9918 4956 9837 5987 2980 10
43 207 3782 2524 7790 7650 2394 9898 4307 3300 5496 565 5578 9919 9222 9545 9300 3464 9311 3102 3723 4815 6438 1050 8336 8684 9331 3089 7687 5902 1841 8622 8965 4608 235 3906 2067 2907 1697 1533 3059 1648 2388 11
42 5262 1415 9940 791 610 9462 5478 5058 1098 4487 4782 8728 5304 6552 1261 6471 954 5072 7271 6048 9830 8269 3253 8643 7095 9972 7600 622 8084 6907 2883 6916 6325 7788 41 7319 8574 9847 2296 5453 3399 12
44 8653 1595 6765 1822 1961 8418 8462 8798 2096 4079 6697 689 9482 4564 6976 7237 1102 9411 4414 3662 6611 2292 5816 7168 6443 9028 3509 9965 8735 4537 9193 5936 8672 6761 2329 6305 8225 2850 2467 7194 5470 7492 4087 13
45 8980 4632 551 598 2195 173 7607 1575 6295 5045 7105 6606 7835 799 8859 3609 66 5379 5426 1249 9729 9103 7750 211 244 2449 6019 272 2366 3861 3800 2824 1061 6415 1396 3057 9423 4516 6157 4585 6806 5674 969 7414 14
43 3153 1788 6578 2916 9891 4355 7621 167 883 1917 901 9267 8877 5282 3246 7701 3127 8148 2300 4340 7626 1231 381 104 6039 9656 6691 469 1478 3750 9318 661 818 7517 3988 2942 2895 287 9786 98 2288 3232 15
49 2417 6152 736 6032 8178 7910 243 6866 7117 1996 1639 4520 5084 2355 5964 6460 9760 8878 5488 8666 1853 2893 9595 2290 1613 8996 649 8804 4439 1859 8075 4208 7659 2579 3572 8032 25 730 6573 321 1705 1327 3530 3769 9109 6625 9138 1627 16
47 7324 1577 811 1700 4442 1250 9467 6123 1724 793 4732 2373 9818 4383 4243 8482 1747 3686 4226 604 8007 2342 2549 1977 4118 4305 5750 148 5099 748 7440 4968 9004 9572 8749 9579 4762 6377 8918 9161 5257 6279 8805 9307 8311 7527 17
46 701 4759 9992 7331 1779 5116 6657 7891 5053 2021 7450 7597 8573 7032 1166 8558 6378 6310 916 198 5627 6768 5479 3512 7676 4752 5463 4133 5754 6108 3712 9819 7734 442 948 2498 5196 6447 8744 4058 5021 7153 511 4644 4131 18
48 6796 8440 2442 7976 9219 2323 2410 1433 184 4293 174 3416 4785 3507 5259 7007 4375 4074 7363 3152 3004 9659 6249 64 8113 6760 3263 9269 1101 5111 725 3070 3154 3948 8243 8803 7923 5813 9071 2737 5928 2099 8180 5392 1508 3818 592 19
47 6603 4974 7708 1407 8624 8273 941 8910 8569 739 5010 4577 4174 2474 878 2120 9187 9389 2984 1625 6998 8908 3000 5778 7964 8054 3749 4653 6923 9711 9102 7895 9514 7019 7998 4270 3727 20 8081 9723 4643 4775 6865 1596 85 1289 21
47 6488 9561 4944 8717 6815 7327 4393 8577 8933 4323 5390 6971 9983 1589 3548 1292 6213 6719 428 9081 8140 5477 758 4027 5399 759 1450 5468 1006 827 3597 9374 6899 7055 814 7647 5812 79 47 9152 3279 6947 7471 202 75 2423 22
45 1359 553 8143 8464 8906 422 8937 3347 7349 4454 4566 8264 1802 6145 1680 3608 5803 2743 9448 7888 7692 9513 361 3400 4016 5616 8973 5087 6903 7140 5872 4426 8955 6534 6577 8782 8792 2349 7885 3570 3334 4978 5666 2507 23
47 7883 7006 7191 5815 9286 2526 6221 9762 3647 6215 6750 7869 4446 2928 7268 9664 2656 1621 5122 8124 8139 1376 716 7779 505 5205 7103 6126 1296 4686 5961 4508 8275 1129 9353 889 9025 7192 5870 578 3868 7805 5365 5988 7021 5107 24
48 2139 8709 7648 4529 9251 3259 684 2801 2439 1865 2846 3821 7931 7374 9562 1899 9051 855 7702 5027 6837 5577 9325 8310 5139 4860 5415 7372 6525 260 160 6465 6478 4012 6324 1812 4020 5795 7741 3633 2273 3422 6663 8307 7774 9346 4659 26
49 1711 8267 9688 4099 6304 9095 9190 3122 2992 3272 4017 5742 465 7815 6256 3055 4021 3721 5332 600 58 1504 512 6968 2245 6725 3142 3378 3252 2871 4029 4675 8474 4569 3688 3424 8810 566 5527 5398 7424 1079 2059 4605 711 1298 9741 2504 27
49 5832 5233 5583 2263 3164 1614 676 2771 2106 1342 8423 1290 3544 4334 5603 5420 1585 1436 9769 4090 8329 7656 5554 6964 7403 8370 8757 7963 8030 7366 4155 9603 8690 6909 732 4407 3352 1237 6169 8596 3758 1727 2371 9188 9724 3375 9212 2936 28
49 1408 1387 6168 3560 3275 7777 8471 5082 7865 1689 8458 194 266 8191 83 4215 4343 7312 5869 2632 8142 2949 3525 6110 7836 483 7634 9920 2362 9682 8825 4283 7905 317 9905 8323 1538 517 7970 8776 8387 3645 2431 2786 1665 5644 6787 4331 29
48 9861 7566 9236 7894 5516 1380 2358 2395 4639 9393 7680 7598 1549 1730 5403 6708 2426 9654 8413 9179 9024 9792 700 3983 9674 2047 5640 7570 5605 8563 9016 3761 8102 9486 2160 8633 1874 2505 8068 882 8640 1027 3008 5284 3870 7559 7207 30
51 4115 2351 3911 3579 2965 9790 5705 3851 1898 5587 8840 9954 1081 3078 1749 7267 6252 2184 4423 3705 1552 8288 7129 1886 6539 5648 7437 8459 8868 7783 1803 4269 7530 7303 5184 1731 5575 7602 9082 7542 9347 843 7934 6952 8062 8265 6898 5240 2994 7555 31
48 4764 2766 9568 9635 4311 9772 5797 2147 6267 1229 5506 5296 110 3802 1435 7336 2502 8350 8591 9250 1439 5135 6106 7994 4470 5393 8571 8738 1162 5085 9926 5449 8287 7897 2987 2454 1209 5882 641 796 6074 9645 7654 9354 7260 4678 8696 32
52 3155 5195 256 3316 6231 2599 5298 8726 768 7605 2391 1194 4638 3315 3794 8318 7213 3298 5689 7830 8332 3368 7739 4312 2151 6453 9409 9471 6678 2087 8984 4670 3394 7669 8789 9167 8252 7520 1930 6782 1594 2211 7968 9438 2807 1739 5042 447 5823 519 2436 33
50 42 1691 5476 1066 6046 434 9454 8765 7870 4828 6473 888 8469 7390 2802 7816 2044 3839 7001 1262 245 7882 1488 4902 2110 9587 1611 3007 3276 3569 9493 2773 5203 7182 2074 5571 632 978 4961 7050 5559 9064 9358 4962 7537 8629 9558 7887 6491 34
53 8232 2335 6493 8543 1152 8204 7151 1293 6280 9856 380 6522 1477 87 6989 1034 8035 258 2842 9365 9996 8762 2278 3837 5741 6492 7681 9893 3184 3728 9749 100 4308 2641 9638 6342 5995 9176 3224 1375 2778 4042 9900 205 6637 5774 8037 8514 3021 4300 6835 694 35
49 8044 3169 7380 1909 6819 6509 8193 6504 9937 9540 1009 3018 7045 3130 1360 6800 4882 7560 3879 6701 5356 8341 4365 5485 7196 5495 3960 9998 7041 6270 4285 5623 162 8136 2588 5180 3066 3493 5294 8146 5950 6012 3120 7903 869 6055 2681 3082 36
53 1813 1377 4067 8977 4318 8234 4697 1604 91 4137 9078 9006 3453 5382 5350 2370 2116 6098 6696 4161 9455 9935 559 4112 2034 2564 5825 4106 355 8041 8817 9512 1901 2543 5437 2210 6254 6583 1811 714 9170 2712 2170 4412 2716 2915 8548 7178 2528 8395 4275 2894 37
51 7995 8394 687 7581 6284 9884 9627 7715 8834 7878 2232 80 3882 8122 8206 8008 8755 1128 2520 9233 2576 5306 6208 669 5652 618 2697 1652 4261 1164 6394 3296 8340 1570 9379 3023 7717 7595 5402 9962 3993 6823 8959 2291 2556 1522 1268 3386 5193 9403 38
55 1764 4574 839 3701 1631 8872 6278 7436 1217 3090 1354 2313 5878 9660 5329 9862 8794 911 8722 1490 1948 382 2869 5808 3287 6432 6146 5487 6400 9295 6958 1180 5335 9341 3933 5762 6679 9536 9201 4907 4337 8219 439 5231 3024 4897 9697 5779 7540 419 5486 6614 6422 3227 39
51 5245 4433 1312 446 3951 3855 4607 9302 7980 7149 970 7751 4724 800 4229 7709 9035 2033 4689 8691 683 3180 7615 4207 6439 3470 9276 3231 8947 7479 6589 151 8059 6636 5649 5657 7972 7601 6717 2537 2054 3421 1540 3030 6142 6650 7775 7756 5921 3504 40
53 6812 816 8026 552 8565 2228 9669 5783 7240 9989 1485 3167 2947 8876 2590 8769 2153 6648 2019 5417 249 5909 1606 2982 7737 8373 9297 7081 4924 1955 2488 7023 1696 7819 2073 4245 6852 2115 5225 2991 7583 651 4984 5729 9894 4998 3404 7004 4771 8465 9958 6207 44
54 3060 3384 528 7251 7329 780 3746 6000 2352 6727 7028 1302 219 7330 4889 1007 9871 1919 8335 7459 4992 5438 3303 6772 965 5594 52 8276 4240 9776 7285 6900 1084 7945 2831 3053 1018 5380 9101 8788 1786 3687 7508 3668 556 5507 3074 4512 8443 1212 6804 3767 3116 45
51 1566 2711 5595 8152 5185 6699 8327 4777 2212 4221 2375 5637 1326 5861 6296 2538 833 8089 3553 997 7623 5219 3377 8129 1535 96 1736 3535 5013 3718 8156 7333 3916 5363 8405 3864 5518 1311 8174 2751 6833 2275 4461 3958 5789 8784 5953 9163 2791 6479 46
54 3216 5500 8896 9506 5966 8130 979 5860 6844 6379 1344 4185 204 4874 2542 7401 4579 4914 7950 1493 4515 664 1905 5775 7172 514 8429 7433 6045 461 5688 2662 3714 7582 1729 668 3032 2199 6560 4336 9523 3237 5491 953 1010 5375 5621 6810 4963 6598 496 7502 6627 48
54 8786 3210 4507 6245 6778 5997 9397 3610 1562 5052 8968 1525 7675 1767 718 3797 9029 2011 2780 9434 1188 1458 2006 2757 337 4482 5880 4886 4301 4894 5931 3395 8496 1335 7434 6144 1699 8014 9637 9903 4741 3842 616 5747 951 8317 6235 9650 2016 2565 6730 2084 2451 49
52 3516 395 7918 68 7752 4200 7279 7485 1441 6112 7393 200 3429 943 8215 2068 1742 5428 639 7557 5299 7999 8087 7143 2663 1591 180 9195 1619 913 1356 364 3200 9610 1153 9503 9450 441 2261 9947 7930 7478 7214 5849 7817 2814 6974 7063 3708 5255 9154 50
56 5798 862 3482 457 9131 5134 9408 3373 9640 2401 5714 9753 9324 2289 6230 290 5781 359 7328 6954 8871 153 2967 3458 1640 7795 1453 5692 7314 9981 776 1850 2112 5866 3012 488 7444 4558 2784 7498 8632 5305 6659 2667 1470 497 5344 2008 4502 1136 936 845 4690 5208 6148 51
57 4634 6669 9791 3503 5865 5696 2396 9520 338 7086 2018 851 7379 3587 1609 313 3989 4684 2826 4147 310 9466 6757 6044 4167 3753 7834 5078 7821 1156 1884 5179 5871 2222 2455 579 7017 3626 8929 1633 6431 6076 5582 6366 7463 3979 860 5317 7997 4767 6561 9555 1099 7688 9604 341 53
56 7678 9328 8835 1330 7397 5031 2747 2239 9489 6027 3573 7872 8793 177 4264 6690 4201 5064 7108 115 1308 522 8578 2817 1706 2540 830 535 4541 3737 4010 9532 3924 4142 657 3787 5452 9086 8449 5190 3542 2434 8555 6713 1762 192 8077 2143 6240 362 4254 4821 9510 5738 9860 54
53 3873 7609 4170 7060 3005 1051 4386 3318 3741 8651 7061 2562 8322 2613 9149 2989 8889 4696 1754 6773 6006 9299 6414 4814 57 5214 388 5422 2910 9070 4706 4143 6020 3751 5625 9206 921 7567 114 1086 149 3351 7125 3406 8895 6755 6960 1946 3829 9192 1651 9577 55
57 5014 7613 5130 9166 1067 6402 7230 1505 8237 5307 2101 5167 3243 5862 9675 1121 1849 2055 609 2998 4612 8254 673 8601 3684 3869 4883 4614 6223 8321 5573 9530 3539 3773 9521 6840 3140 1475 542 9859 9620 459 6053 4746 6011 6783 9774 574 6496 9015 265 6264 3808 2783 8636 9556 56
55 9371 3877 2847 3534 928 4560 5713 504 4628 1340 7526 771 8249 8289 3277 2931 3110 59 4497 8296 3982 3147 6365 4656 1636 3897 2492 1225 4438 5295 1645 324 905 6195 1252 8173 3768 3980 9631 4342 7618 9032 2618 6503 2514 4682 491 3840 5698 4540 3403 2661 2149 6172 60
57 4071 4662 5967 6623 89 1558 9735 9967 1243 6990 1994 2331 3170 8541 4444 4272 7000 76 2946 781 1972 189 1406 9355 6904 5565 492 3890 7221 8313 440 8444 5920 7373 3900 9265 6131 9468 4536 1529 6281 4510 9953 1347 6251 2311 6303 5526 4890 8771 8768 4625 7134 697 63 4329 61
55 8078 660 7545 4338 7026 4802 9329 7361 9721 3049 4550 3625 4377 8649 5090 9178 7651 5701 546 8038 4862 1171 3095 1719 5720 6758 7200 2246 4845 8196 6387 2660 7208 342 5061 1510 9840 1514 9605 6273 6631 5521 2927 7770 7106 3197 4793 8151 5897 3038 3444 411 9700 2518 62
55 9601 3123 7179 6687 7439 6935 3126 9974 1390 9428 6437 6817 4089 6057 6567 3500 6515 893 8813 6183 2080 2413 9008 7321 989 1135 5786 169 8529 398 354 2700 2787 3973 6934 5271 155 8091 8557 1372 7354 1277 5728 6022 2257 6059 2904 9916 637 8132 3080 1185 7534 7456 65
54 4616 5955 766 7042 9304 2506 1398 4126 9625 2129 3348 4356 8004 5843 3785 2009 5059 8369 1023 5817 292 8015 6291 5093 958 270 4727 8667 6315 9262 3615 7350 8312 7067 5264 269 3658 6986 5776 1328 8045 5560 2885 573 8061 7089 6371 836 6564 8964 6216 9600 470 69
57 3592 3198 7115 498 3410 4710 2003 5244 5868 1236 6436 964 1160 4190 5176 135 5028 5297 9173 2020 9118 5839 1517 7053 3963 5505 7155 4946 6905 7550 5389 992 9009 9088 9663 1945 1534 9834 6316 7301 1447 7523 1254 181 3940 415 3092 9615 2516 2985 6639 3472 6135 8009 7649 9895 70
58 2863 750 8246 563 4327 1776 3186 7575 1674 6312 319 6359 987 3777 74 7670 4241 4130 9964 7388 6174 6026 318 1701 4934 8295 4109 6649 733 6058 2974 6853 9929 8230 967 5047 3789 1432 2347 9205 8202 6499 6569 4927 859 3354 2749 4590 7965 1473 3580 9873 9255 9982 8618 1199 71 72
58 1134 9858 3991 8052 7528 3696 2664 6718 8936 158 7513 6167 7316 1127 1306 2207 5070 1074 5121 6138 7935 1960 1280 8352 2657 2560 6802 1456 3574 7778 4051 9693 3788 8703 5458 4233 853 9062 1814 2934 3578 9652 4505 7714 5819 8522 5215 3607 2487 3345 2781 6149 4256 5561 8670 3595 5885 73
60 820 5354 8039 405 9756 3322 3278 6275 1241 1515 397 1203 6393 2071 5315 5100 2955 257 991 7243 161 5874 3310 8861 231 1392 2645 1063 9570 1169 247 3594 1565 5572 9432 1563 9171 7255 8021 3673 5145 9680 2383 1628 8393 4369 9124 4798 1333 8195 1071 7631 3062 1001 8631 9941 1911 582 4964 77
60 9435 3968 8120 5532 5895 2169 8733 2140 4716 2201 9590 4703 8381 5670 662 674 4831 111 3545 3494 6893 9979 6238 8507 3065 7005 157 580 2315 5662 8614 6170 6938 8921 6307 410 6132 4154 298 9472 9399 3994 752 640 5101 2990 4531 6920 3457 1369 3226 5635 7806 7165 9768 3554 7936 973 8194 78
62 5254 7576 9440 3128 3919 9484 9416 9811 1465 7800 81 7691 6676 630 4031 468 7863 3228 3105 5592 8815 2148 5073 4179 7809 4583 4603 112 1866 5943 7912 335 7673 834 5980 2118 9516 9578 4253 9479 1513 2575 3838 1878 5660 983 4008 1576 892 7164 127 6798 9505 7839 8412 8167 9827 977 5065 6090 1851 82
58 9141 7937 6021 330 3099 4214 3866 4622 2013 6580 5619 1042 164 117 141 358 7942 8562 3364 7257 5770 1460 5108 4428 7346 5978 2312 1114 3576 6119 6343 4202 4056 7732 3337 5929 4606 8524 6081 8748 8408 9789 312 9667 7683 4320 4196 7544 5092 4683 4556 6626 5551 5991 2494 4347 3143 84
59 4904 3815 9136 548 6516 1772 5117 7728 3367 6551 1854 6652 9133 9939 8477 8013 1694 8677 3863 1389 1698 7949 2589 3923 4335 5727 4623 7218 903 3068 3293 2886 7879 1201 4711 5620 6855 6070 770 1982 6661 4176 7486 1716 6943 9208 6828 6052 9586 1678 9388 3826 7608 3188 6596 7215 6202 7641 86
60 2234 5777 9157 5241 5973 8566 8778 9899 294 2036 1282 9494 1238 8000 4044 2835 5301 5314 9526 1643 4223 9072 9218 4930 2014 8509 7276 1963 2581 4538 4146 7514 2972 595 7585 1523 5469 3792 6568 6608 3413 6825 6467 5932 1686 3369 8846 652 426 3959 4954 3101 5591 7422 2956 6173 6301 5517 5273 88
59 3766 1753 9850 1285 4660 7116 2430 460 5671 8766 5125 311 2136 4193 6186 8617 8284 3850 5749 8067 1228 8821 7157 2354 4546 7620 643 5230 9323 2379 5242 6396 8837 226 7141 7943 8674 8856 6913 129 2377 963 7967 5017 3998 4411 1981 5633 3601 1801 5432 1991 3913 2879 8314 7652 6014 4361 90
64 7148 9189 9446 8590 3575 8952 6155 5855 2755 1178 6464 879 1923 3905 9380 9231 3858 7661 3791 9921 1799 5192 584 5998 2389 7150 8775 1142 4578 9588 5971 4125 5746 2508 8029 5810 631 8300 97 1190 7398 5563 5494 6880 7827 8836 7666 9661 8940 9342 5805 9563 240 3734 4735 6881 5970 6680 9544 4419 4747 5211 6830 93
62 570 5465 8432 8166 5462 502 2252 3331 873 9864 7679 2194 7629 9808 6630 615 848 7097 4443 4431 7188 729 5820 9672 4434 6175 1892 1409 5842 407 9169 4164 8425 9085 3738 5641 8704 3357 3874 2486 3294 4463 7892 1974 5120 7048 5996 7713 1881 1266 9030 2189 6184 1891 788 8216 126 7341 1363 7326 233 94
63 3709 9054 7175 9951 5881 8049 6889 1560 5610 4248 9241 9406 5170 4095 3892 5096 3678 6225 9857 225 4504 1507 1137 3568 6220 3672 831 7909 3641 4549 8599 4812 2407 6987 6333 4763 2127 3097 5722 4225 1388 708 4036 6981 3084 2405 6797 2844 4936 480 4479 2105 3652 145 5050 2809 6179 3876 4188 6051 1766 95 99
64 5266 4935 2198 6425 2000 6864 4909 659 1175 2920 7022 8727 6826 2161 7592 619 2039 2183 4204 3194 7522 4440 5828 7532 8605 6418 4288 8990 305 6953 6323 5731 5331 6288 5131 6967 4604 9875 6349 1992 3115 423 8888 8635 3977 3910 6040 9886 1449 4688 638 4274 2544 4827 7593 3901 3857 4635 8753 5638 6065 4901 101 102
61 5634 9488 1030 3899 9104 8586 2482 4926 9150 4942 5499 682 9955 5434 3427 8251 7876 5071 7503 6582 7345 4713 2276 6706 7740 6924 8942 9040 2837 2723 8028 2929 588 9706 5708 1806 3935 201 4484 6071 2190 1669 3699 8179 7342 2046 9878 7705 1263 3355 4841 2881 9444 870 5930 1778 1868 2497 960 9478 103
65 4611 8404 1247 3856 8890 5632 9559 3907 3405 6618 1138 2499 2679 6764 8263 4194 1676 8511 1226 3637 686 9280 475 4218 3026 6187 2428 844 9547 3786 7499 4756 8999 3740 4404 1502 6199 9083 2696 4731 8664 7657 1107 8411 9948 3498 6293 5342 1815 4381 3014 6667 1601 9474 9164 4268 9573 8240 7718 7996 7886 9418 2103 8392 105
66 389 138 8121 2202 3258 2841 1025 1053 4476 5102 589 1174 4734 5704 3341 4589 3565 1011 5425 670 2078 2243 4591 8512 322 4749 4402 7247 5006 5330 998 1221 3463 1828 6965 9683 5272 9928 9162 8098 8467 9357 7451 2102 284 5824 4265 4319 4584 5515 856 8197 7386 7738 9765 7246 9580 824 9100 1653 6017 9204 7162 6588 8909 106
64 4753 3827 910 3681 7011 8781 7845 5945 2775 9719 9461 2525 6572 8874 550 2320 2132 4822 6666 9067 5404 8939 3819 6182 9421 1783 9122 3343 8860 2658 5622 887 6734 9046 4499 8379 6528 9566 9226 2605 5607 4041 4242 7665 9623 4039 1900 8823 7332 6832 6308 9542 3796 1655 6266 8928 1211 4345 503 2157 1993 2480 5410 107
63 5046 8546 2795 4701 8934 7244 2384 5151 9268 7769 3346 3513 3724 8687 9310 4247 2629 4774 8260 4833 4456 8855 7554 2390 6721 680 7146 3461 5540 5199 7159 2466 5040 5672 3433 5636 2650 8016 1940 6140 1605 5004 3689 2421 2443 607 7505 455 2862 5864 1404 9698 7726 8228 8270 7470 2249 8470 2406 9969 4916 5707 108
66 2758 3590 4077 6770 7173 7402 4957 6234 4917 6410 931 8991 5912 4858 9745 8518 8262 6160 4064 373 2509 2040 7753 2017 223 3981 8338 7290 4371 264 9050 418 9553 2631 2411 248 9653 772 4595 1075 9644 7211 5576 7862 988 3613 2503 9539 7376 2269 9148 2938 9134 8830 9535 7900 4699 2380 9782 6133 5044 7348 7690 2254 722 109
65 6507 2265 957 7343 4773 6563 5181 1926 6910 1600 837 930 5759 1198 3297 760 332 3156 1427 9363 2286 2643 1329 2887 1126 9278 3812 805 3061 920 4213 5982 8175 1763 5150 500 1240 3371 9758 7325 5888 8430 346 3591 4121 3577 8169 4150 4721 894 7121 5569 5907 5787 5918 8487 2481 6320 2530 9404 1773 6413 9784 819 113
64 526 1386 4581 3505 5934 5965 6250 5585 2293 4718 1373 2774 3205 1735 6747 1420 4885 5249 532 8602 5200 8665 3926 2833 9694 9414 8149 8807 5075 7167 4492 4838 3204 9999 4043 5034 6571 9386 6373 6109 723 959 2240 7339 6489 9569 6139 3081 5391 4877 2627 6867 8416 2959 4237 2031 5717 4235 6537 2630 9932 7911 116 118
65 7782 8595 5388 3051 8073 6871 8714 919 4104 2746 813 7467 3479 1151 6979 7455 1692 230 2867 8894 1085 1244 4376 5691 3456 3685 914 2970 1530 5114 5104 5248 3418 4800 1578 2690 3327 847 761 8048 3967 3561 4920 614 4449 2856 821 195 6289 6838 8685 3649 2691 1361 3760 1015 3970 5736 3918 2901 2155 3642 2338 6511 119
67 9543 1660 3775 4751 6482 7120 9636 4050 6073 4867 1750 3667 4788 4358 8001 8463 9186 2281 1971 3313 7443 9116 3241 3094 8390 1314 4919 2004 6945 1914 3108 917 4328 2108 1654 6104 6494 2133 6083 6604 1116 4429 6383 1949 3593 4210 6801 8838 2905 8811 4326 4884 9069 1834 4973 6360 4384 166 7861 1928 4965 2007 9343 4977 3517 9410 120
64 8172 152 5370 8983 9930 665 1608 3036 1429 2768 7719 8679 9437 7981 8506 2064 8638 9126 3273 6651 907 564 7059 3284 5497 2551 3747 1726 585 5191 3674 9560 6617 3013 6466 9487 9156 9779 4899 4846 6346 9114 8101 4000 7987 1297 8203 4366 4664 3547 8018 7617 8658 1967 9003 8743 4353 1350 518 3555 3107 7577 3952 122
68 2600 9988 7735 4057 3149 1520 5794 9806 3702 8277 2279 2873 2298 9565 3480 261 2687 7304 5238 3670 5601 9247 5974 2977 1920 9458 623 7509 6545 7102 8787 1416 7558 3939 2181 2419 4596 4035 307 8303 9239 672 7504 401 6196 2356 8065 7139 5300 9881 3208 3239 9112 9045 4346 2848 2911 6737 8619 8945 7294 5204 6088 5690 6632 6121 124 125
68 3425 5057 7794 626 1062 5077 968 130 4175 9907 1787 8266 393 745 7227 5802 5439 3835 7745 3606 8967 4990 9092 6814 7242 7288 4157 6996 9232 9252 6362 6380 1391 3319 3884 985 325 7476 5799 5194 4781 9125 6477 7193 5172 3521 1912 783 9557 1287 7477 2422 9759 253 7856 4947 1550 2594 1345 6955 283 4418 7049 1637 8694 7747 1177 128
71 3883 3922 9764 7487 6857 1807 2459 667 4144 9076 7482 1133 9391 1770 5596 3420 5769 5159 7419 8042 8974 7135 8153 1952 4599 140 8886 8231 2671 9824 1482 6624 6644 6714 5026 3046 6512 3085 7027 9144 9701 1087 9901 2676 1332 757 8126 4624 5039 3510 5408 2926 8117 9934 2571 172 6041 8582 1615 6442 4714 3106 2561 4875 900 2611 2659 5723 4014 131 132
67 9053 3256 3181 8364 5555 7183 5461 3953 6459 6313 4677 3267 7572 1592 9394 5639 8828 7111 6535 3481 2725 1647 4019 4344 5309 2314 5162 237 3136 4332 4139 2593 7510 1161 1366 5986 6827 2988 7083 6314 5362 5164 6067 8010 6116 6517 2619 372 4038 9978 3930 251 581 4702 5586 4680 3138 4586 9866 2456 9431 3071 4915 6576 4576 5320 133
66 2717 6197 7539 9589 7569 2971 7253 6925 1758 7867 3283 4391 9549 4183 8050 5916 841 9317 715 7727 6037 4140 9593 7873 5290 3415 6388 6809 2077 9060 9598 9852 6712 6786 2270 7225 763 3325 6054 8608 9911 7070 935 8600 3691 8342 1953 6702 1857 1583 2197 9705 2214 3196 8979 4811 390 5844 8583 7978 6843 7187 6164 531 7272 134
72 7674 4052 9718 5535 8447 2069 1014 9754 3680 2236 6876 1677 4530 675 5433 4524 9798 1532 1980 5530 8689 1837 2062 7282 2948 8956 5905 9490 7118 9464 1029 8761 4955 6653 2798 4493 5394 5655 4618 4451 2208 3621 9142 9401 3217 2172 8212 8785 2002 7263 7902 8576 2545 8802 1728 5615 9285 2567 6153 5161 340 5667 2969 6269 696 2957 2134 1793 4871 136 137 139
70 3249 1048 3233 5613 854 4996 6474 3903 2479 5826 9263 8250 4553 3091 456 6395 3203 190 2680 6412 8466 3262 1309 5289 4720 7712 6735 7792 2811 3585 1838 3389 8597 1832 3639 8221 1117 5464 6689 6695 2026 370 495 4333 7940 242 5141 3706 8427 349 9713 262 344 1518 891 1820 6203 9422 448 7843 8589 3540 2213 7315 8479 4184 8385 1635 142 143
71 7245 7662 8579 773 9037 416 2933 4535 4152 3845 6922 408 4627 9537 2868 2158 8256 4306 3158 4542 5490 7672 521 7068 6591 2666 603 8883 7171 4723 7757 1713 1571 9047 3043 7248 9266 2726 4206 8457 6788 5807 3445 6886 9319 7904 5316 8428 8853 3752 5158 5764 787 9788 6921 2448 3148 7789 5960 8298 2532 1551 2952 2587 8114 3531 9770 8351 144 146 147
68 7849 577 6785 5846 2954 6664 4896 8701 7538 7406 5079 3326 8494 956 7927 3711 1519 1679 594 8253 4921 3515 4374 2325 3134 909 9287 9716 7962 1353 4448 8283 7385 9564 7438 2029 5419 2899 9480 6549 2898 2192 3965 458 2628 3538 4620 5710 5558 8777 2065 809 1279 8736 8712 1798 4840 4895 3072 7837 4832 3529 2267 277 5473 7722 1921 150
71 8995 8407 6683 8183 1364 2005 4937 6150 4046 6816 7842 5542 7988 6519 9107 7369 9853 1120 4388 4864 6364 7195 4818 9502 8976 8721 6763 1873 918 5804 3003 5067 5737 8688 4424 3067 4740 386 8291 1213 5340 4742 7762 6247 3566 2361 5089 9369 296 1318 2597 4979 3614 3936 9143 7518 5549 2308 5734 3816 9383 1150 825 1106 9838 1315 3006 4171 6061 154 156
75 5604 3511 5467 3765 1734 5511 2858 3867 8820 2049 5148 443 2838 5435 606 9395 5512 6615 4025 7291 3286 7037 4888 3146 7355 8907 3635 5450 6601 5718 4617 3896 7099 2015 7013 3129 1536 633 1848 6962 4654 2827 8138 6777 7506 1775 767 9132 3990 1658 7287 7754 1527 6335 2964 9524 5261 8516 8731 4532 990 4352 1270 6633 1559 4708 7655 1367 4364 4789 3748 8360 159 163 165
70 3042 3387 3860 2583 1805 9378 3781 9785 2343 4181 740 3541 541 4722 8365 9084 4348 9994 1020 4292 7131 3407 8857 1880 9068 7589 4180 6484 9091 6156 7725 5539 6078 2951 424 1581 8233 7217 9518 4534 9611 6789 6193 9199 1159 5626 1072 293 9691 8852 9301 8527 6077 2812 8043 8935 7107 7951 8750 8501 8978 1638 3956 6390 4063 9527 2367 5681 168 170
70 1666 3611 596 8386 2554 7475 479 3762 1197 5005 5448 7441 7381 252 385 6331 8680 3715 6097 7847 4153 8106 4519 1395 4284 7941 9370 9303 9261 4098 8650 4199 6072 6540 2821 5541 4570 8034 4070 9511 4787 8822 6127 9639 1324 7302 7454 1586 4485 4848 3478 5686 9766 2264 8708 509 8376 6068 4518 7002 7123 7921 7066 4685 7908 3048 4539 9481 171 175
72 3448 4398 1752 1271 9366 1712 5545 2037 1049 627 4983 7430 1283 9795 6419 8737 6163 597 7660 5429 199 8652 3563 1045 2610 300 1044 3131 6811 4081 5581 7035 6375 7184 2287 7763 9021 6353 4610 6050 3088 1471 6682 6937 176 4216 8357 8998 3627 4296 9364 9686 8112 7413 2478 7807 731 2706 2088 8891 368 5712 950 7697 5007 8715 537 7460 6546 178 179 182
75 295 4189 6257 1143 5041 8134 7458 1675 2353 3139 4076 9571 6049 9184 4315 9172 4938 4527 5975 3176 3069 4792 5963 529 6287 6025 2066 9651 3695 3806 5993 863 7948 8882 3599 6334 1057 8843 7206 9624 801 5357 2625 1286 3372 7959 5745 5788 1922 7736 7933 4651 9608 4783 8510 5665 2626 7730 4026 5548 4872 3962 2306 8353 7174 1313 1503 4097 6647 9799 2678 6587 183 185 186
74 6430 1808 7822 1038 5049 5492 487 9352 6363 8445 2221 7158 7637 8913 8488 4298 5863 9235 2477 2403 4500 1792 5906 7190 7531 6224 527 8899 3269 1761 3828 1294 5732 8550 6698 6884 6306 9419 2070 2806 6043 2402 7716 7780 3365 6645 9402 8923 2089 2363 8556 2978 4108 6248 2976 5985 7677 2094 2828 8305 2999 2119 7764 9829 7850 5851 3285 1990 9802 849 5269 187 191 193
76 7633 2648 1130 4259 9755 5127 5910 2614 6177 4948 8575 6634 4486 6658 4472 5278 9781 4953 7202 3304 6705 7536 3402 2685 7525 5611 6345 8279 2404 6749 9923 4637 3495 2527 7556 6565 7273 9387 2200 8702 4299 1656 4405 1733 6870 3189 5414 5328 1703 2669 9036 823 7360 7220 5337 4360 4459 7604 8695 1227 378 4600 7435 1672 3381 1484 4707 8819 1791 1864 5033 3634 7907 196 197 203
70 5482 9211 1492 1424 5324 6635 5537 8547 9130 5456 4573 3118 9495 320 499 7748 7916 7163 4370 7305 9376 3742 6927 2897 6063 9739 8115 6684 2845 5972 3344 254 6607 6991 7898 2425 5733 2665 6035 1844 7814 8473 3862 5364 6642 7145 9259 8188 9977 808 3713 5091 8002 2866 6327 1543 1393 6495 5256 1464 3468 3366 8092 946 6480 212 9330 7947 206 208
75 9151 602 2414 7511 7222 3630 7611 747 1278 1499 3291 7232 1430 2609 8417 975 9892 3192 5687 8483 7664 576 9012 9952 6143 1000 9809 5852 2686 7612 6228 7114 3271 4421 2714 982 9066 8773 4406 2445 471 9671 912 9626 6232 1426 9230 4876 1026 7497 7113 7169 5088 8902 8706 9074 4450 2533 6356 6181 9001 5032 4224 5948 8374 6189 6969 9995 9607 2582 6656 209 210 214 215
75 5371 666 6980 9662 7984 1809 2469 4436 4415 3620 2966 949 221 8711 3934 1904 5396 1310 3340 1248 1668 4163 4101 4316 4430 259 3795 8435 412 8255 2704 3646 3692 5643 1469 2945 3971 1495 5899 7079 2460 9801 4982 6536 4022 6107 6391 9722 1989 8739 2437 4631 5677 6222 7616 7991 806 1939 7090 3451 8060 3308 7008 371 966 3159 5877 1954 5227 4111 216 217 218 222 227
78 1579 1826 929 1425 4122 8919 9646 1417 1745 7986 3744 4005 9165 9121 6616 8410 7356 3556 1836 409 4262 790 7473 7776 3431 2857 3020 5137 8384 8639 9279 3393 2759 1830 7431 9681 2130 9098 6403 255 1033 1780 3261 9726 1684 5684 3206 6285 5893 6641 7137 1381 9306 2553 7619 6911 6593 7524 8058 3015 4138 2203 1975 4913 4197 9687 2789 3474 6842 7841 7399 1235 5836 9296 228 229 232 234
83 5959 4922 1938 2607 3235 8227 3302 7744 8003 7481 291 6351 6869 3332 9909 4278 7412 5446 437 6538 7765 6711 9889 8047 5951 7706 8347 1182 4844 822 9703 2705 7860 5782 1544 8348 4128 3437 6846 3109 6877 1616 9427 1840 4738 9465 5003 5385 7040 1823 2344 7685 3793 5421 1755 4102 8676 3022 712 880 8818 1112 1951 8520 8779 9805 9912 9679 8981 8880 1288 2041 8236 5372 6404 2493 6038 8683 1690 236 239 241 246
81 6781 9014 7313 9038 352 1339 6258 4458 6374 5574 6421 4252 4302 8006 7668 6411 1944 3151 1064 1821 5510 4941 5514 5311 301 644 8552 1630 5347 1214 2675 5080 6192 8109 3096 2981 5373 3814 494 1537 414 3552 6724 7262 7961 4554 2458 4159 6095 6031 4445 9684 1041 898 3586 8192 857 1337 2721 8533 3943 5110 7791 1943 4995 8987 3583 2616 9094 9731 8774 4923 2386 6732 8898 4712 250 263 267 268 271
81 7643 8085 1204 7639 5944 1060 544 2418 6416 3350 3518 9817 3898 4227 1095 1412 1055 5163 9183 5739 8641 9044 2843 7875 1207 2595 753 7906 6354 5000 986 3849 1962 9135 1870 7104 4633 895 8713 9453 1054 3805 6977 7823 7410 9647 591 3255 3822 8537 807 5891 4220 9275 8071 885 8163 1481 2865 6799 1580 2962 2731 7280 749 5593 3274 7731 3083 3931 9971 5481 2585 7270 9882 2215 273 274 275 276 278
80 6198 2652 8961 6729 8927 336 1139 2472 9816 3707 5313 1907 7721 8957 5228 8958 4452 9851 4117 8398 3908 5793 3336 413 4945 2178 6612 5834 6352 4985 9845 1936 3132 8796 6502 5270 8190 999 875 3571 7241 5098 8795 9709 9237 2598 6381 4778 2932 8930 8280 1979 3726 7658 2162 695 2177 5702 7457 2095 1115 8165 2834 3328 4981 6762 4552 8585 5845 9968 4339 764 2804 5562 279 280 285 286 289 297
81 8725 8551 6845 1831 9117 3656 5917 8949 2141 7084 309 6753 5796 2301 9943 1777 9338 3489 9531 3865 1872 1317 2646 4652 2513 6590 6707 9855 9618 1459 8371 9217 6892 1774 6398 367 6462 5268 1403 599 3245 3031 9345 3329 6468 5927 1334 8869 5338 2958 2180 7391 2621 6370 7224 1005 9508 4267 9022 2896 4571 1305 7152 6533 940 9828 8916 6029 4548 7474 4526 4135 1399 6942 655 299 302 303 304 306 308
79 7277 1641 688 6214 7694 5156 3694 9632 9052 5534 8261 1462 8693 9629 8281 3651 3644 8328 5879 8593 2030 5035 5508 7091 7939 4212 6018 6010 2121 1847 5833 8842 4011 8780 9712 8031 2692 4113 1927 4693 3414 2333 3824 8304 326 8208 5743 1463 7051 7971 4203 890 7913 1687 2875 8127 3135 7128 2491 6339 3527 1765 5937 8559 6704 4561 8024 2123 3161 1323 7772 3957 8268 1738 314 316 323 327 328
79 7080 1109 9194 6347 2785 4994 3201 2736 8613 6237 1659 7185 1612 9356 6128 690 530 3086 4363 9737 1526 9689 2100 4544 1172 9332 3290 5063 4295 7025 7884 9002 3054 8378 1673 3886 2364 4496 5957 7500 955 1480 438 1748 4911 1582 9000 1343 9843 4198 7269 7469 3676 5381 5155 5286 1869 4681 1281 7281 4271 2510 3710 9244 1022 7852 8986 4422 8187 6498 3872 2670 329 331 333 334 339 343 345
81 9282 2586 2563 1125 7216 5984 9361 9224 1275 7442 4636 2126 9915 8663 4096 3114 5925 6361 3745 9451 1256 3398 2552 3487 384 5440 1934 3174 2852 1483 2944 4748 2682 8137 7058 2032 7853 6518 9312 583 1732 2321 6336 4648 7635 5186 2420 7548 3017 7749 7535 4528 4772 6592 4462 1183 6501 7101 3447 2694 2063 9291 1378 8164 2709 575 7156 9398 5859 1916 5489 9349 2968 2620 1607 348 350 353 357 360 363
84 8450 2452 4980 476 1348 2813 8903 5345 7323 5349 3764 8053 5680 8108 1165 792 4969 5218 9583 6978 1620 3532 2960 1883 1039 8391 7284 3546 5124 7432 4002 3449 7404 7298 3700 3382 4918 6742 4148 369 4970 755 9405 1906 5628 744 9946 1561 454 742 4073 9746 2816 1234 8881 7250 9305 6848 5319 5234 735 2732 3438 8535 1957 8247 621 6901 2385 9293 5609 2268 451 3589 6332 5915 6217 8539 365 366 374 375 376 377
79 6392 993 4049 1191 5557 9202 3027 4803 4217 8699 7699 3557 6822 8176 4030 6244 4116 4673 6274 2233 1725 8904 7462 2052 7400 8824 1915 9228 2316 5451 3730 9844 9959 2348 1068 7044 7564 2226 6739 5081 2602 3244 4475 6839 9271 9944 9245 1384 8382 7311 3469 1966 8104 5709 8742 4255 5538 3459 1626 8241 5466 7810 5809 8272 3467 9869 8070 6722 561 1184 4791 3202 379 383 387 391 392 394 396
82 3353 1574 3288 8504 3693 5209 9732 3987 5310 3811 6681 678 2154 4495 4621 9439 484 4004 3675 3229 1218 4413 9835 9634 7352 1825 5442 5441 4132 5579 6298 1467 8436 9326 2283 3211 6594 1122 2219 7546 884 8186 1584 8259 9922 549 4770 5697 4668 7627 3307 7686 8719 4409 8905 9433 9348 4468 5009 6260 3098 4367 1947 6532 8660 3041 1295 3664 4592 3349 6821 2075 2829 1255 399 400 402 403 404 406 417 421
79 3190 1817 2864 5653 8017 7695 8481 8829 4186 6348 5182 5066 2912 8634 3335 6752 5105 2142 2624 3887 3743 2924 4898 4124 1233 4657 648 3817 9628 3011 924 2683 1094 5220 8489 7586 3137 7212 1173 9264 9140 5806 4103 8491 4498 524 6469 2997 1394 5283 1077 1251 8209 2336 4403 7480 5765 2483 2884 6086 9277 3661 1800 717 4580 2572 4380 937 7729 4354 7926 3305 425 427 429 430 431 432 433
81 4172 9111 2297 9246 9727 9695 1704 5898 3044 5668 3844 462 9115 4001 8681 6446 6738 5312 5074 4110 6523 2511 1986 8700 9973 4435 8931 3846 5083 8337 8611 4892 5913 9160 3317 5962 5994 3894 5443 9609 8732 2727 6079 8226 5617 8133 2592 1291 3945 9337 9473 2081 2277 4863 5143 2196 5243 1110 3133 7512 8433 2302 9221 2638 6688 8994 6660 2703 3653 5543 6028 8011 4674 8290 435 436 444 445 449 450 452
78 9155 6229 6638 7720 4794 2152 1818 4279 9592 4249 7667 9777 1760 1547 8201 7296 8460 4880 7610 5012 5397 1419 8628 6171 1002 7983 5694 6024 6665 1796 5761 3441 2125 1894 5378 6134 4676 4080 9011 645 2299 4187 478 1903 9641 7507 3428 7565 3230 1663 3338 8326 4613 8451 9602 7799 3163 9020 6769 4646 5173 4615 6358 6972 2345 1385 2441 3522 8105 6524 6094 453 463 467 472 474 481 482
83 6261 3075 7855 2649 9584 1556 7015 5886 7636 4151 2756 2218 4629 706 2339 8924 971 2745 6036 7278 5772 5146 4055 3774 5763 3925 6914 7334 3191 9497 1405 4667 4511 6908 4382 4779 1496 5519 7033 8975 9617 6204 3820 1351 5060 2754 2045 6685 9730 7797 3976 944 8452 6831 5892 5933 8344 3221 5019 9063 5445 5719 8606 4593 7453 8567 1509 9023 9613 7261 9463 7801 7371 6776 485 486 489 490 493 501 506 507 508
84 4119 9284 1040 1196 5503 3361 726 3333 3519 7449 6983 1597 5940 9139 4018 6500 899 2429 3281 2470 1253 6847 8528 5133 2909 3484 5327 8159 2050 2255 9057 8826 3390 6993 3251 7588 7696 4276 6450 2187 9283 2889 4149 2462 8217 4836 4359 5123 7825 8271 6505 8086 4854 9938 8064 7599 4849 4755 9013 1497 6771 8647 3559 3112 3214 9517 8637 1474 9099 5430 8953 4698 6397 3697 4257 3218 5374 510 513 515 520 523 525 533
87 7427 5336 1365 8207 5941 5529 7014 3932 663 1964 8954 721 1239 2519 2359 8970 996 4350 6874 4931 5168 8274 5935 1089 6268 6862 6454 9780 8294 798 8892 8604 2262 8066 3321 4177 7012 9902 8422 6075 693 938 6350 611 5484 2341 3113 7829 5236 4786 4861 8199 6087 7826 9234 3052 6458 9574 6805 2317 3165 5358 4209 5589 2612 2250 7052 4959 9065 9865 7746 6929 8244 9778 8893 2357 3985 1105 3719 7966 534 536 538 539 540 543 545
85 8858 4107 9248 1846 3628 8415 1113 9752 5598 9761 3380 2058 2057 5744 6859 8564 8581 6309 7896 4630 8486 9203 8182 8025 3362 4582 8862 1206 7645 8437 8448 4547 1056 7043 9367 1146 1885 4761 5790 6530 3370 5642 904 7881 7231 7133 8331 7127 3475 2515 9137 562 6194 728 2471 4729 8922 7461 2360 2072 6317 2427 7154 4905 4666 5459 6136 3311 9320 9904 9080 1446 769 6883 6161 2400 554 557 558 560 567 571 572 586 587
90 691 4466 7606 4805 4166 5149 7871 8513 2048 1737 4408 3391 5654 1969 3755 4314 9223 1603 5401 7703 1301 9314 1431 7407 9728 5175 4401 2825 1709 6999 8686 865 4835 2235 5367 4160 5427 3889 3514 7844 803 4700 4737 1047 6940 5493 4879 1789 7428 923 8056 9429 3964 2580 2733 3564 3843 4563 765 9210 6420 6101 7977 2282 1997 2285 6887 3141 3450 8554 6818 6709 1958 6654 4619 677 1486 3168 9767 5780 590 593 601 605 612 613 620 625 628 629
89 2870 671 5889 3179 8740 3640 7724 8841 4400 4455 7773 9980 4817 738 4282 4795 2674 2027 8920 5253 1871 1242 4325 6084 1104 2558 881 3603 2122 5766 9677 1303 6544 6716 8560 2082 3477 2739 4317 8759 7378 3073 4843 2695 4704 7578 2319 8171 1338 4842 4837 8525 2035 9105 3809 4234 8229 9449 1506 2284 3996 6103 5599 9924 2328 2393 6408 634 7396 1937 3207 9113 9987 5926 7029 5471 635 642 646 654 656 658 679 681 685 698 702 703 704
91 8103 1572 2636 1599 6597 7395 6640 2693 1205 5153 6407 6445 5251 1210 7147 4304 8368 5857 9272 5457 720 8812 4003 871 4158 6033 7761 4687 7811 7039 8616 3356 5894 2900 3584 5606 9666 5202 4829 6841 9734 1383 6726 2111 6376 3799 8319 2113 4389 7357 8403 829 6949 3485 7170 867 3966 786 6733 7818 8951 8160 7252 4733 7306 3729 7119 8515 8306 6201 5725 4291 6311 3779 9927 5650 3289 705 707 709 710 713 719 724 727 734 741 746 751 754 762
87 4967 4830 7047 1942 8366 6151 8400 1835 7351 2860 1855 2468 7203 6985 2642 6427 4134 7840 4672 6218 4385 1759 7468 4929 6188 3330 6918 1444 5811 1618 6178 6206 9833 6082 3199 1461 7112 7491 2741 3213 5730 2432 3047 5174 1013 3359 4557 3596 7628 5038 5043 4372 864 7226 2461 9775 7420 8508 1155 5735 1827 2109 4790 8648 4999 3848 4705 4416 4061 3859 1316 7858 1634 9041 8484 6988 774 775 777 778 779 782 784 785 789 794 795
91 9475 7382 9215 4349 9498 6720 5213 1816 7020 3476 3612 4034 9836 1267 2137 5901 1740 1521 2450 9648 5784 9182 1149 2415 2176 8723 4559 8917 6586 4728 5279 1069 4565 1524 6085 5405 9906 1494 4551 1829 9800 9290 6629 2251 9483 4555 5037 6963 4321 9567 7975 3222 3776 1284 6894 8767 5979 7057 8069 8359 7092 7562 5873 5624 9181 932 2376 1682 3588 7644 6745 7711 2718 5711 4517 2501 802 804 810 812 815 817 826 828 835 838 840 842 846 850 858
88 2038 6423 9360 3247 1893 1531 2604 4769 9079 5968 1059 3177 1794 5726 2840 7299 7960 3871 1784 8022 8005 1304 7993 5838 5183 1693 1118 8245 4281 8801 6585 1163 5106 5352 3834 2465 8278 6915 9334 866 2372 2872 9400 7758 9469 9630 6807 8414 2521 2229 7848 7684 3666 8800 6529 8301 1455 7594 7452 6158 1202 8079 7445 1031 6209 1546 8747 1790 3219 3111 3938 9710 6002 6013 9863 7166 861 868 872 874 876 877 886 896 897 902 906 908
94 5876 9168 8184 5147 6671 3772 4797 5206 8297 2205 4650 1410 7543 5400 5724 9773 6746 8754 9880 6919 4478 4457 4465 6550 9949 8238 4679 8147 9368 4290 8505 9007 1320 5768 6941 5600 2903 7973 6743 8475 3499 4750 5252 2206 1195 4525 6946 8396 2839 8420 2128 3408 3852 8839 1043 4649 3077 6004 2880 1157 8181 3223 4024 4810 2566 5792 1443 7197 1017 1108 3841 9253 2398 2104 8343 2093 4228 1119 9476 2779 915 922 925 926 927 933 934 939 945 952 961 962 972 976
92 3187 8315 2086 9826 8971 5740 7394 8745 9019 6973 1124 6995 1448 3009 8966 8046 6007 6452 4387 3520 7347 1258 3770 5406 8123 8150 6385 9375 8213 4047 2412 5291 9372 8145 1650 6429 8185 6486 8334 4420 2010 3801 8621 3657 2387 6384 4033 8116 8758 4609 5614 7813 7210 1265 6736 5444 6165 2023 7640 7446 8521 3617 5339 3526 6917 5981 3947 8985 1685 2294 5946 2559 7551 9576 3717 980 981 984 994 995 1004 1008 1012 1016 1021 1024 1028 1035 1036 1037 1052 1065
95 2440 2378 9872 8299 6931 3496 2332 5334 8850 8797 7384 6961 4834 7723 3716 5022 3917 3079 1368 4809 9362 8377 6854 1193 7483 1671 9420 5547 9720 6609 1723 1889 5281 7596 8844 7429 5847 6457 3807 2617 8675 3220 2464 8168 6226 9668 2888 5187 2224 1088 1336 6487 2684 6476 6527 4023 7283 3466 5094 7160 6118 1200 4816 9048 1362 2476 8157 2079 3257 7073 1500 4993 8088 1374 7868 9034 2248 7289 2819 7411 1070 1076 1080 1082 1083 1090 1091 1092 1093 1096 1097 1100 1111 1123 1131
92 2922 4065 5524 9213 4246 8125 8286 5938 5237 4480 9129 3455 2569 7408 3225 8594 2770 1167 8673 8741 6328 8358 4178 1555 2799 5189 4489 5699 6191 8536 5661 1489 1321 6272 8963 2973 6741 7199 7493 2326 2653 9209 2740 7236 7353 4865 1623 9717 1931 1741 5841 8161 6775 4464 4972 6259 7920 1843 7274 2764 5922 5217 9945 6355 6602 6239 2340 3426 1995 1132 1140 1141 1144 1145 1147 1148 1158 1168 1170 1176 1179 1186 1187 1189 1192 1208 1219 1220 1222 1224 1230 1232
92 3183 7653 2996 7642 5952 8657 7358 6928 6092 3735 1422 2051 9621 7625 7375 7974 7239 8478 8831 3299 1602 2601 7693 2722 8040 6344 7484 9917 9793 4028 6997 2124 5830 7308 6367 7549 4986 7953 7130 6147 4129 6302 4072 8023 3602 8519 4059 9077 6120 8866 5773 8827 7832 9294 3915 5165 6984 3736 7266 3270 5753 5814 4971 8531 5011 8388 3374 7228 4850 7074 1245 1246 1257 1259 1260 1264 1269 1272 1273 1274 1276 1299 1300 1307 1319 1322 1325 1331 1346 1349 1355 1358
88 9670 8424 7760 7297 4447 7946 1924 7922 1976 9042 3268 2578 5226 8884 6794 9963 2167 9546 7110 3439 2794 8154 6547 2707 5822 7767 2028 7824 7122 2647 7838 8455 6386 3124 7846 1744 1418 2500 9552 4120 6451 2193 8051 1511 3567 6124 2792 1710 6792 3880 8671 8198 7573 9396 4513 6401 4939 4007 6834 3523 9879 9061 6579 2392 7857 1370 1371 1379 1382 1400 1401 1411 1414 1421 1423 1434 1437 1438 1440 1451 1452 1457 1466 1468 1472 1476 1487 1491
94 4114 6891 8383 5097 9747 2365 6294 9787 2963 6382 3582 4739 2024 9258 9825 8257 6286 6622 6686 8911 1888 6675 9153 5969 9056 9575 3813 2230 6856 1708 1548 1908 1867 6882 7990 2416 3771 4294 6829 5132 5048 3063 4471 6100 4230 6166 9757 1918 2043 1632 1973 5989 6863 7447 8367 9846 8692 9005 6896 3282 7786 6700 1617 7085 9744 2159 1646 4427 2655 2374 6541 9198 5341 1498 1501 1512 1516 1528 1539 1541 1542 1545 1553 1554 1557 1564 1567 1568 1569 1573 1587 1588 1590 1593
105 7851 8946 5703 6879 1768 2793 8080 3460 8356 1863 5612 7295 2253 2168 8615 5318 7488 7866 9975 2608 5748 2435 2961 6236 9658 6715 2303 9885 5384 8944 5856 6574 9090 2539 4906 4658 5395 4100 9185 1642 7077 7919 9207 5752 2534 5152 2204 3677 4855 4280 8867 5646 5546 5076 6180 8210 3376 6628 8155 9534 9867 2131 7624 7098 2490 2688 5923 2861 7034 1722 9373 9649 7954 3309 7465 7389 4362 3483 6548 1610 1622 1644 1649 1657 1662 1664 1667 1670 1681 1683 1688 1695 1707 1715 1717 1720 1721 1746 1751 1757 1769 1771 1781 1782 1785
90 2368 3491 5645 2091 4236 8399 5914 4481 7969 7985 5566 5416 9096 7249 8572 4394 3604 4048 9415 2853 5274 5760 3215 9339 4289 5700 8988 5068 4726 3825 4168 7928 5791 9750 4425 2577 8925 1968 6483 2615 2369 2185 4488 2979 5409 5590 7365 6621 9426 8158 4085 1941 6939 2259 4991 7646 1970 6605 8662 3093 3739 4626 4744 3087 5025 6723 7501 9657 8716 3995 1795 1804 1810 1819 1824 1833 1839 1842 1852 1856 1858 1860 1861 1862 1876 1879 1882 1890 1895 1896
95 6933 4768 2993 9445 3551 8654 5903 4068 3921 2512 5129 9606 9384 7367 7180 4192 3292 4887 7944 4069 9803 2247 9622 4642 9854 6944 8993 5023 4958 6015 4062 9771 2913 2188 9821 7423 6449 9249 3360 8248 2730 5716 6337 6836 8490 4351 8362 8610 3895 3927 4509 5154 8461 3885 2173 4868 9676 7093 4211 8612 6023 9541 8806 1984 6047 7198 9313 9146 5785 6926 9496 2117 5140 1897 1913 1925 1929 1932 1933 1935 1950 1956 1959 1965 1983 1985 1987 1988 1998 1999 2001 2012 2042 2053 2056
103 8854 8644 7828 3704 4392 7496 8870 2777 4239 2769 6283 3295 5423 4567 4903 5883 8093 2591 9961 5177 3528 4205 8646 4641 2689 8493 3379 3648 6824 9842 2735 9812 4127 4988 2935 6813 7877 7300 6137 5265 5840 4851 3942 5095 6321 7075 5958 5447 7630 6521 3650 7181 6326 8082 5246 7003 3056 7632 8997 5431 4399 4357 5602 9897 9614 8397 3342 2750 6297 4709 8361 7254 2529 4912 4324 5992 3823 6694 6241 2060 2061 2076 2083 2085 2090 2092 2097 2098 2114 2138 2144 2145 2146 2150 2156 2163 2164 2165 2166 2171 2175 2179 2186
96 6340 9106 3265 3562 4494 2496 7793 2890 3385 2876 5387 7516 3954 5520 5258 3847 9097 3783 8454 4975 7915 3486 2937 6559 9260 5502 5523 9883 2547 7802 7275 5983 9089 9158 4266 6176 3314 7831 3629 3010 9390 9359 3175 9931 9794 6426 3978 6930 7700 8764 2568 4310 4893 7889 8119 6417 9017 3754 2596 9316 4987 3732 8580 6219 5656 5321 7293 5544 3725 6089 7204 2191 2209 2220 2223 2225 2227 2231 2237 2238 2241 2242 2244 2256 2258 2266 2271 2272 2274 2295 2304 2305 2307 2310 2318 2322
101 6613 3581 5383 3025 9243 6265 3972 9492 7421 3264 8438 7742 2914 5460 4655 6566 6554 3103 3619 9936 9315 3854 6994 3830 8235 9240 4432 4736 8211 4396 5659 5119 8224 2522 3631 3434 4873 4952 8538 6115 2790 3778 6129 3502 5015 2424 7893 7265 6692 7124 8972 5924 8333 7292 4244 7733 9509 3162 4086 7710 5853 3549 3248 3690 3969 6558 5858 3497 9298 6122 8354 2438 6455 2324 2327 2330 2334 2346 2350 2381 2397 2399 2408 2409 2433 2446 2447 2457 2463 2473 2475 2485 2489 2495 2517 2531 2535 2536 2541 2548 2550
100 5588 7205 4796 6001 4754 9743 5247 6655 9459 8540 9382 9515 4784 9678 3443 5210 2710 2673 3019 6744 7054 4758 4575 9733 7062 8309 5597 9254 8325 7082 9087 7370 5480 2878 6951 3488 2818 3893 6508 8864 4813 5504 7018 7238 8498 9810 3961 9119 4522 9596 8960 4191 5884 8847 8587 4847 5103 9985 3999 4725 5977 3550 5288 4330 5267 8570 6514 7571 5663 6243 8863 2555 2557 2570 2573 2574 2584 2603 2606 2622 2633 2635 2637 2639 2640 2644 2651 2654 2672 2677 2698 2699 2701 2708 2713 2715 2720 2724 2728 2734
99 2995 3875 8698 8669 9031 7030 4088 3312 5112 3618 4824 3462 9120 3703 8285 5229 5351 3040 4015 5348 9599 8873 3100 3654 6162 6300 5900 4997 5055 3986 4665 3506 4136 7766 3490 7989 7958 6114 8989 4045 6878 2761 3759 5800 9177 3401 7515 8223 7307 3616 6009 7932 7808 5287 7189 9528 5212 9896 4853 4826 6875 4491 6803 7547 6372 6034 2738 2744 2748 2752 2753 2760 2762 2763 2765 2767 2772 2782 2788 2797 2800 2803 2805 2808 2815 2820 2822 2823 2830 2832 2836 2849 2851 2854 2855 2859 2877 2892 2906
98 3636 3236 5030 4671 6154 6610 6888 8851 7864 3524 4717 3763 6102 9874 6485 9831 3881 6966 4692 9504 5757 7405 5570 3912 8645 5277 8783 9436 7415 4691 6185 5584 9412 2986 3121 6674 6693 3975 8938 6368 6728 5664 8814 3446 3944 8630 9707 6895 8355 4839 5695 7622 8242 7803 5239 6850 3193 3419 8495 3473 2941 4441 9783 6064 8705 4928 7874 2908 2917 2918 2919 2921 2923 2939 2940 2943 2950 2983 3001 3016 3028 3033 3035 3037 3039 3050 3058 3064 3076 3104 3117 3119 3125 3144 3145 3150 3160 3166
106 9058 3423 9594 6227 9538 9868 5475 7219 3682 6620 3323 6322 4009 4587 8992 8293 9242 7087 9477 5424 7489 5821 7755 3780 9093 8912 9308 5235 7209 5501 7409 6318 8499 9500 5818 6672 8214 5550 7771 9501 6780 3543 8020 6253 5118 5848 6060 8915 7088 4368 7126 9507 9616 6861 8200 5056 4645 5755 3432 4162 4054 3638 8419 9174 9807 5498 4719 8656 5630 3172 3182 3185 3195 3209 3212 3238 3240 3250 3254 3260 3266 3280 3301 3306 3324 3339 3363 3383 3388 3392 3396 3409 3411 3435 3440 3442 3454 3465 3471 3492 3501 3533 3536 3537 3558 3598
105 7833 7132 4801 9692 9942 4989 9336 5908 9699 7929 8282 5829 8530 6444 6016 5020 9027 8609 9238 6099 5157 8553 6902 8441 4799 4562 7078 8627 5369 5355 5976 4040 4857 7071 7466 5509 9127 8144 3955 5890 8661 8345 5024 6406 6873 9256 4601 5767 3920 4277 9763 9196 9876 9292 6282 9197 6111 8401 8480 6759 8107 5001 3605 3622 3623 3632 3643 3659 3660 3665 3669 3679 3683 3698 3720 3722 3731 3733 3756 3757 3784 3798 3803 3804 3831 3832 3833 3836 3878 3888 3902 3904 3914 3929 3937 3941 3949 3950 3974 3984 3992 3997 4006 4053 4060
96 7320 6950 9960 5801 6982 7235 5528 7689 9128 8875 9123 9033 4910 5999 6677 8072 5949 5850 5706 6205 5302 9491 8897 9350 7561 8517 4745 4545 9274 6329 6472 9442 8055 9529 5407 8258 5036 8623 9993 8832 4379 9655 7340 8094 4743 9424 4925 5758 8926 4232 7587 9430 6851 6448 4373 5567 4378 4066 4078 4082 4084 4091 4092 4093 4141 4156 4165 4169 4195 4219 4231 4238 4250 4251 4260 4263 4273 4286 4303 4313 4322 4390 4395 4397 4417 4460 4467 4469 4473 4477 4483 4501 4503 4506 4514 4521
109 4891 4852 8097 6956 5326 9443 9887 5008 7787 9075 9685 8083 6790 9073 5308 7383 8751 8549 8421 8865 5166 5693 6731 4597 8292 5353 8389 5887 9425 9457 4640 6740 8131 6531 8760 7472 7614 7925 9815 4823 8734 7785 8659 6849 5018 7663 7258 5947 9010 6399 9344 7859 7233 4523 4543 4568 4588 4598 4661 4715 4730 4760 4765 4766 4804 4807 4808 4825 4856 4869 4870 4878 4900 4933 4949 4950 4951 4960 4966 5051 5062 5069 5086 5109 5113 5115 5126 5128 5136 5138 5142 5144 5160 5169 5188 5197 5207 5222 5223 5224 5260 5263 5293 5303 5322 5323 5325 5333 5343
101 6570 8372 6791 7494 5608 8170 5721 6890 7707 8950 7416 9612 8162 8239 6242 5682 7286 7016 5683 5875 8620 8349 9990 9270 8316 8588 9220 7671 5413 6820 6357 7387 5647 9908 6434 9216 7076 6581 8446 7344 5366 5368 5376 5377 5454 5455 5472 5474 5483 5522 5525 5552 5553 5556 5564 5580 5658 5669 5673 5675 5679 5751 5756 5771 5831 5835 5837 5904 5919 5939 5942 5954 5990 6003 6005 6030 6042 6056 6062 6069 6093 6096 6105 6113 6117 6125 6130 6200 6212 6233 6255 6262 6263 6276 6292 6299 6319 6330 6341 6369 6389
107 9581 8220 9742 9740 6557 9417 8434 9522 9039 6970 8324 9956 6748 9175 7579 7201 7177 6767 7464 8790 7541 8442 9725 9585 6860 8603 6795 6793 9690 9619 9910 7743 7784 7812 8655 9110 8668 8943 9839 6456 7377 6424 6428 6440 6461 6463 6470 6475 6481 6497 6520 6543 6553 6562 6584 6595 6599 6643 6668 6703 6710 6766 6779 6808 6868 6885 6897 6936 6959 6992 7024 7031 7036 7038 7096 7109 7136 7138 7142 7144 7161 7176 7186 7229 7256 7259 7309 7317 7318 7335 7337 7338 7392 7418 7426 7448 7519 7529 7552 7574 7580 7584 7590 7603 7638 7698 7704
104 8849 9413 8724 7781 9591 8503 8592 8431 9797 7979 7957 7982 7890 9984 9751 8012 9055 8439 8375 9456 8746 9870 8076 8718 8848 7880 9533 8914 9499 9970 7955 9976 9281 8808 7759 7768 7798 7901 7914 7952 7992 8019 8033 8036 8057 8063 8074 8090 8099 8111 8118 8128 8141 8177 8205 8320 8406 8453 8468 8472 8492 8502 8523 8544 8545 8561 8568 8598 8607 8625 8678 8697 8710 8730 8756 8885 8969 9049 9059 9145 9147 9159 9180 9191 9227 9257 9273 9288 9289 9321 9322 9340 9351 9385 9392 9407 9441 9447 9460 9470 9485 9554 9665 9696
18 9888 9714 9966 9820 9804 9933 9702 9848 9986 9738 9814 9822 9832 9890 9913 9925 9957 9997
0
0
0
0
0
0
0
0
0
0
0
0
0
0
0
0
0
0
0
0
0
0
0
0
0
0
0
0
0
0
0
0
0
0
0
0
0
0
0
0
0
0
0
0
0
0
0
0
0
0
0
0
0
0
0
0
0
0
0
0
0
0
0
0
0
0
0
0
0
0
0
0
0
0
0
0
0
0
0
0
0
0
0
0
0
0
0
0
0
0
0
0
0
0
0
0
0
0
0
0
0
0
0
0
0
0
0
0
0
0
0
0
0
0
0
0
0
0
0
0
0
0
0
0
0
0
0
0
0
0
0
0
0
0
0
0
0
0
0
0
0
0
0
0
0
0
0
0
0
0
0
0
0
0
0
0
0
0
0
0
0
0
0
0
0
0
0
0
0
0
0
0
0
0
0
0
0
0
0
0
0
0
0
0
0
0
0
0
0
0
0
0
0
0
0
0
0
0
0
0
0
