46
0 344
12421 31074 31470 37940 64691 64075 58955 9857 24867 79038 78361 31819 39198 77895 49247 65959 50394 91865 4113 79315 81433 7481 27933 46583 27998 41071 22599 60944 73775 49538 98633 32003 85964 71970 35107 96613 85925 85809 41328 85867 90797 71844 80636 89603 4328 8674 86413 61524 11006 84948 9069 17643 6970 4374 37367 29628 56271 32267 17880 7563 18088 94965 83315 26092 83655 73153 53706 39492 80650 74370 96360 74650 38182 50523 18877 23922 2846 67732 73947 47842 593 41469 45717 62548 96727 77738 75985 30769 92397 22260 86636 43074 10108 37903 75179 34352 33315 71126 5325 58636 2926 82801 9441 55913 60979 80092 42729 2407 43297 47044 25355 27863 4213 54664 91345 48125 52440 98726 2797 1970 36651 92730 44902 85368 30623 9591 97566 25685 63100 66827 50618 70371 52465 74214 29259 19265 63214 29026 67463 386 3066 40061 38880 92380 25592 44167 27656 39973 56984 43658 7072 8351 32237 80191 45410 43162 50592 76166 44402 83834 8602 62989 80354 18709 12261 28683 38183 35197 40929 4476 56286 24972 2885 82252 14100 72752 34373 22580 51722 4290 39496 63263 30407 52906 86342 89497 55326 12749 13975 50625 7180 76197 36490 39635 81797 22510 31633 71630 38677 26528 986 92963 97495 42234 5610 12286 23462 85336 42557 7292 50047 69055 32366 44616 6580 50872 42332 73467 93442 30262 50317 89917 9027 42126 23954 67516 38069 693 77763 35661 41289 37567 87332 74784 74985 41060 93968 37116 2500 93078 64658 45680 62436 80909 1734 88953 6600 35512 37925 13782 52583 21671 71589 52050 8930 86227 20886 40455 85982 6093 96284 59703 54633 52090 14769 10284 59126 29655 19369 48946 99567 83261 42800 71846 45572 8024 28322 79283 93817 96897 99630 67555 20438 38494 34541 95567 35983 3342 83832 65316 75458 54534 84991 34505 18369 80160 99650 39752 17983 91648 30475 46257 34608 3313 11917 89610 77669 6973 86242 65856 94267 72715 4731 84637 5683 54810 71381 20380 60041 86920 81264 70381 89805 59278 42434 84835 35319 27615 65211 1177 62860 87833 25170 35444 15755 11007 80118 28604 48814 45358 53941 53602 28809 3951
2 42
59076 64189 4797 94929 73076 20070 18731 7988 63065 21110 32282 9816 28678 47713 15378 29076 80013 94927 990 57618 37448 22850 15822 3694 75008 61729 80121 46105 92753 91892 40238 56751 14231 18725 81648 28336 25309 33458 94531 20417 31577 4967
10 372
3308 99365 94605 72778 99436 81003 30956 82922 58220 38851 87520 5078 68252 4487 14936 13383 94438 82013 96730 21829 20166 96873 37929 59361 62848 25596 30304 34368 14321 18657 84298 68625 23003 57229 32917 30060 80202 10292 14460 17038 11758 17396 27650 75661 2852 32681 7968 83778 35616 9377 8978 21652 8809 98282 87125 91823 10464 6276 76535 31076 22871 31081 8567 32250 50777 45541 97172 2912 11785 75371 25871 24603 43635 65552 20062 80465 41741 59516 98079 27499 50703 69813 71064 95592 66852 87535 9839 4788 92159 27602 75381 1156 12665 83997 295 54914 96046 46601 77984 61610 47663 5869 84675 20330 18027 30366 82299 87258 50328 78016 59671 6023 42803 39491 78809 61662 85708 2141 38326 33061 13819 68089 77677 2479 67746 77331 69682 2163 55600 95714 5672 53479 66271 39951 75608 64425 2560 60188 2386 59787 41132 4319 99978 95900 22616 4885 35421 85056 41883 58581 49775 25905 40175 11890 52976 81204 76284 31674 73426 73155 50191 52874 54301 64318 95236 53096 74036 22591 88031 30261 56323 3501 49270 56982 15251 93162 87711 90346 26732 56598 21698 95851 90343 35937 18819 65704 21686 78656 36068 5323 59430 9327 50759 24314 86457 97579 25782 77349 62708 4906 87413 48941 70509 89993 86277 6760 35527 93611 19504 21083 1791 14277 86165 11265 35242 89175 20457 95985 32641 77675 44803 85971 61731 73236 53740 58833 18833 10997 89392 7636 1812 29734 14521 11761 84977 43383 32141 44245 84971 60645 63474 60701 10138 95868 69956 69342 41947 5625 28298 79171 44355 54616 77415 36789 71467 62076 67260 44113 63520 93608 9817 79685 3096 30987 78926 77565 49460 25194 95539 8185 3185 73838 24704 35947 63490 28429 3424 70815 68241 16674 34966 66147 578 12693 15283 24233 45 91326 99291 55333 75121 66099 20633 21920 55751 81116 37485 88411 15394 59840 59914 96930 67275 37659 42763 24338 94059 24429 78374 81233 82823 47643 74277 67496 14066 25795 53758 51570 45196 36057 78602 30765 31377 34690 75401 73107 36277 29300 38382 85565 17005 21703 11453 91913 24503 73539 15643 93106 97338 86369 27181 79092 60676 34881 2863 56173 13511 4383 35897 54599 54473 88287 32461 12760 60074 42147 72858 56315 58594 46187 82781 44835 57206 11783 1352 64565 77921 10798 56866 23547 74720 23505
13 2
35977 27540
14 356
6305 3891 82049 47720 20927 32125 37280 24080 75851 66557 29688 82677 59584 23420 53915 18737 99955 21601 56776 84507 7037 32151 55587 95561 75138 69482 80194 21806 65691 2353 11418 35591 93100 63614 81368 77785 23181 40959 45813 95160 46532 40038 96045 22338 54502 54206 37362 30492 28269 37346 72387 23220 97531 51300 32790 15456 68554 66227 39924 40770 93950 13561 24992 98495 20852 56025 5831 95407 12538 59831 94933 27759 91585 57884 16522 60633 13485 59238 92831 97135 39252 64897 20473 42232 92976 91666 63150 75829 80536 3824 21463 38002 97763 17172 51429 44022 6314 80029 62061 25632 36176 57403 25530 18337 1454 63971 16653 71613 70900 44028 6945 59446 44845 84833 62138 69535 25640 26200 96277 86582 89457 32069 54365 43834 44337 22530 44801 61139 12438 97835 77389 33758 36578 65889 25485 25029 64757 73060 29588 69301 28938 84416 33210 41788 9230 33392 85363 12744 9381 99604 22506 28238 69240 81309 71786 86504 98176 48589 61589 33545 83364 41834 32976 4574 21551 2785 32259 33911 41859 10605 5123 54278 99389 60009 43951 22235 24085 65751 54912 98172 85552 54636 17874 89209 74208 52481 62481 32675 77236 78297 8487 46122 59399 11080 23509 7466 84735 84165 14126 42261 94063 19147 80612 67432 6630 21323 92289 31864 6240 6486 73660 24124 54737 86364 22127 59655 71344 80768 81937 40957 81384 52515 40373 54293 76761 18059 77617 68714 80952 44056 65259 37390 40600 11231 5651 82209 81394 10516 94770 87917 82230 58826 78237 37858 16849 77689 26293 5681 42925 23693 64541 97535 47660 11442 65720 76435 10852 99318 35945 84411 45568 52695 84553 88312 71158 80916 10666 72351 68863 70776 48451 30331 52826 34082 16672 83999 97672 23845 93149 15744 42093 14548 34140 31736 8803 55073 24302 58813 9065 33688 94972 59455 67660 34264 29009 23977 76556 10758 91104 29167 15735 59449 17888 12206 15272 30992 13938 84351 95293 13809 79542 80517 81281 71690 17196 84823 56297 28851 35667 15218 5042 98960 60517 36802 57232 16504 89277 23641 72322 70400 34542 46454 61966 89683 64219 87471 36998 45678 53873 65273 5872 33180 37348 52537 14822 58911 92294 69470 80876 93818 50183 84182 75477 80442 14664 76907
17 259
41960 87073 47149 37819 74835 73268 64638 20392 66025 65911 40977 58346 81854 31964 86889 73706 61820 71088 3716 72401 69861 23708 45690 90822 45030 9113 84011 7356 13409 59391 53715 37279 82622 33511 78488 44267 33046 39537 78810 10466 63434 1640 51895 68406 200 60643 14500 62295 36466 23106 68150 79238 93184 99689 24675 96489 2110 4170 43222 48214 95571 79981 34915 19125 34900 88155 28225 37637 44791 7985 87135 86323 41308 41044 21609 53834 69295 59288 63271 69965 58810 30193 31762 12725 54453 13287 18906 98775 99491 64259 35411 69430 40780 91946 95623 21007 21272 13041 92816 25223 65942 61126 48175 45956 56353 51340 73534 17536 18025 49851 19144 62907 30239 94971 97204 36109 30762 48275 602 84283 35503 68226 21641 56608 73846 26097 25367 11596 32380 90044 29925 83220 21772 24612 51143 4974 13322 87792 46116 78596 87428 88033 94158 20111 42387 38879 72784 18883 53958 24724 85888 59233 63255 78454 7743 34977 45392 15212 51414 95859 94141 40099 28770 66108 87846 57262 43839 90720 80226 89776 8923 9711 86571 98799 97369 22596 42473 28504 18524 64630 99972 6625 63203 86766 64074 45815 88110 95172 43758 42969 35595 80808 69707 34249 8434 4490 80649 77078 26856 61109 60650 48497 8856 16313 20101 58614 13807 66744 40695 69844 6462 66474 16466 25555 7099 72047 24725 76206 74398 838 32998 1676 41957 38975 23031 56261 79528 48986 55693 29555 89017 82436 49423 93812 69785 1208 44202 17022 42214 23586 40771 92422 13368 1375 64471 21039 43542 97155 68736 2883 57031 12761 58179 54346 9494 40628 66431 1075 45257
18 324
63390 5657 85247 4284 46503 56820 9658 60548 57008 36022 86040 83177 27732 56082 77692 93969 32463 71310 44662 34558 25183 38544 60153 17718 10582 25056 86279 12564 1778 50271 67439 68752 94650 41815 44290 54469 50363 50407 11980 54048 36969 45220 93428 13466 46063 94420 32179 22954 71010 43966 73905 92016 38753 70635 60503 69171 38135 51067 40549 27707 87185 10791 73191 58172 41179 15104 16201 36102 29362 47808 72797 57756 94239 63339 38441 1691 21349 91465 94857 28573 17217 1960 12893 33725 16114 65421 76033 31077 94521 68306 20132 92052 47406 5589 72885 78713 70920 18257 49746 3977 92503 59188 16006 77120 37081 2302 70485 24651 98455 15867 98376 59480 48407 81660 32484 24514 10395 5140 75340 89899 10678 16975 16287 34407 63765 80001 36809 51556 870 8059 75277 95788 48418 12516 55591 16457 50956 13297 52222 81500 2925 89685 94403 95800 47626 75451 37962 67386 35212 33253 52865 56362 66414 15015 81313 56288 54433 39624 92580 93987 43002 39900 21312 70415 55367 1967 25502 20947 79108 9753 65173 7441 40270 19980 99039 2089 6616 11122 25000 47653 23208 23389 10774 43994 86487 80455 49572 71886 74808 49846 87242 36510 87547 451 79431 96346 66287 8169 47104 63952 69205 38724 54472 40942 96900 76571 1869 16663 35636 90365 4409 47325 89969 57790 95254 67089 72128 34415 95374 66609 78684 4929 8859 58378 54784 15884 32019 7386 95419 90165 97011 92048 83669 11930 88057 57474 97271 67027 46012 81547 75148 56597 8418 18055 81574 93362 90932 80763 25753 5406 7015 93398 74596 84476 90604 93463 3499 44126 60162 73824 3322 14660 50478 69011 11364 30091 9926 31028 66799 20930 8752 87001 54693 55372 45342 23558 33913 92918 51739 37535 87013 47122 77529 72418 68058 5147 49194 49609 59095 48015 98401 9347 41358 24171 52094 4121 56296 90390 32702 31165 4856 12435 37195 95798 75875 36403 16557 22000 64739 25482 44328 40871 202 33890 64905 63764 94241 48867 17462 57852 20465 3895 27639 31268
21 320
50735 2630 70052 23715 50547 71416 27027 61908 19718 3790 56823 86517 82511 50062 76428 26914 25986 97084 99496 98718 91234 14859 68929 10136 1183 79699 84759 60763 48743 57447 38972 84840 18742 31435 58103 18330 8612 72964 45406 46038 69057 68390 12429 8512 13215 16512 84425 50318 65432 3216 99041 52100 7545 70749 65443 69572 65166 87442 62715 82144 48518 48360 16433 84746 47541 73105 79002 5717 65920 42070 69042 23441 8918 58119 98571 26379 39911 98020 28540 39536 23496 52987 37574 87565 56856 14131 66980 46596 94387 99172 78193 76823 41718 54962 90089 28965 68497 43296 52400 7060 8992 97146 71292 45847 47341 768 98288 68360 53407 99979 8799 64870 94741 43613 74375 98007 73802 46466 10604 60932 35565 52511 55635 25273 86147 29736 53606 83968 26729 23802 37554 58756 74621 28916 84685 76249 58211 40727 52283 3044 7644 77126 99249 76769 15883 99579 40170 4205 34600 27018 36415 95937 47635 41490 41809 43827 35413 69555 4782 3217 15577 53451 11330 6698 54897 46208 98666 99303 55196 65448 40288 6231 81906 4224 6134 25913 71908 16859 59814 20076 6203 54380 95287 51232 88195 51118 87512 81360 8366 27948 97822 80829 29420 5333 49997 29573 30863 2666 33928 3396 5469 46321 17509 61937 31181 16539 38115 37978 59462 92656 68189 6696 42364 69684 96616 28083 70413 99931 14346 87056 95834 30653 5791 54718 51178 63111 47350 50097 85025 8447 72370 44633 7756 23600 10692 18545 46577 33464 6538 354 25437 36098 28934 3660 61360 1493 16658 93407 34972 61178 59436 40391 48790 47939 13171 54158 11505 86249 67994 5026 42044 92546 17715 56816 37907 90960 6435 15820 59483 45708 51480 91808 26741 13053 59652 72989 49949 70508 74254 64101 85312 56564 65532 58873 34441 82196 63371 89246 92489 45357 47008 32550 48137 30015 6054 85694 89170 186 84732 98096 59108 85588 50504 78169 6899 84424 23513 79563 73455 50874 40582 73517 42732 71302 80169 50707 19 8970 51031 20655
24 300
55612 84371 88443 2821 54462 46720 67211 60055 12557 25441 72954 42178 46286 6816 48237 97645 61713 41204 12039 5381 92893 65196 80269 77530 39620 83457 10379 75158 86234 58178 3858 8541 49372 45673 93204 93128 78532 68699 67760 47251 37163 15356 74333 78311 42839 85644 83902 22129 30928 30050 54608 59474 19793 61251 67677 5572 32039 67249 70672 20645 89471 94659 97357 25572 79358 33337 35684 54483 11020 9107 14990 555 8042 38850 99844 72448 53219 39230 18082 54378 22387 87435 84226 6691 97831 52769 30891 82830 86252 7142 78930 10211 59344 45951 57612 68960 50198 98621 48932 48807 53075 38794 42333 27477 1989 86235 545 69155 19169 89458 20707 66153 9259 58711 97539 10247 2415 40776 56958 60395 18454 5036 71576 61760 47712 74914 88733 64018 2125 5520 43056 63428 23736 60489 52820 74120 90350 4687 94150 25304 62010 74450 99185 34050 94841 1330 32187 28331 98809 93540 91682 34934 68935 5486 14742 18869 51846 51144 42500 92402 17351 49409 76752 29763 46264 90473 88585 18904 17088 5824 7981 87837 53438 53413 74181 91538 61997 54573 50000 87101 85299 10308 76572 92926 9777 67635 26189 59071 36766 40794 50101 20700 83810 16735 33664 17999 88728 84247 67969 63586 96996 76913 45283 46020 54842 63344 41973 36092 81650 67974 10679 37773 53524 94195 48374 28723 4493 48531 66987 36586 79792 47767 65969 91120 73641 71485 49673 79455 46490 55 14061 18472 93233 58694 83963 90889 63839 62421 1904 74027 41098 74021 37683 10952 21972 92650 69019 40575 28218 16785 88791 51643 89088 4763 75576 31052 31423 88591 5084 39585 67416 70575 34253 50966 79797 24613 37660 79450 44961 94487 18807 43220 91864 72594 63880 18520 45933 42296 1721 25755 37408 67968 64105 24087 80845 70230 46094 53746 69233 69175 47422 8692 51351 68812 65225 86075 4299 18226 39804 12732
27 298
5671 79344 78461 81238 78136 42075 10159 29584 68171 51633 37391 49806 95659 76651 30533 10015 51093 1847 3887 24287 70285 77378 8686 64631 76141 74883 43089 87121 46147 71634 4807 90302 75768 83175 71938 55242 57116 1392 8941 26154 6792 16095 73487 77482 7975 41559 34007 23471 87275 55952 49274 72195 55624 78055 33684 29327 97644 25219 78421 44513 64030 76889 73187 68636 4123 67526 48079 30119 81847 86648 87631 78566 97843 51606 98370 75866 87767 56532 49693 94372 27668 50900 87160 15097 99424 7200 85244 58095 14700 13748 5792 20735 29165 11601 77018 20793 76015 90147 73606 82794 33220 86807 88154 97949 6110 72334 63147 33129 75807 89337 24550 75384 81673 97867 39437 42241 61210 10815 71348 43379 11644 93075 33812 10265 80685 7283 77404 64693 22560 14971 28688 17722 39308 96537 41427 8428 76478 54610 44256 30479 52162 12985 43292 71680 98050 28120 19533 82375 14527 29080 72006 1317 50614 79621 91640 82030 7055 46406 26447 3718 29989 3051 44614 14257 23510 38692 86422 96116 10459 2667 81212 98205 28511 84865 59858 93163 50932 29878 91961 28690 30210 30897 15704 3665 30254 30041 6073 69526 34214 82426 28681 22386 33171 46834 29867 72956 84285 39949 83798 56051 3621 49055 18486 78436 67592 20389 32041 72700 17780 62121 72091 39331 77028 50853 41511 65677 71219 44499 2555 81473 6878 32119 22363 88803 43878 93196 23694 88908 62227 71599 40785 33211 3431 76280 97268 4193 91118 59826 15877 9101 67611 24284 29505 87133 69329 7900 85391 75324 29025 90383 48403 32221 38150 32528 3746 54591 52651 26295 92227 84183 76004 21634 61436 37160 55798 7165 86943 57382 1176 91132 82268 14227 776 73080 7033 8991 95061 19563 33139 27555 27190 86786 73052 15893 6427 52726 60028 83271 48020 1509 38710 11626 19887 42309 53914 66648 37508 24996
28 280
5886 42759 99370 90118 79852 27663 77013 58494 34619 62136 34166 28412 37811 55914 60329 37131 92734 56412 7381 95250 5686 95235 33044 20095 60446 66028 64088 28697 73091 49045 70632 81672 13758 26996 24004 95818 89535 83008 93036 59646 9123 37675 59670 22787 69549 23506 92080 86173 58563 94901 18451 94332 7040 66341 99548 55725 99384 51843 6259 28750 7095 32165 10712 86158 8877 15492 70886 80066 68396 83555 6455 29642 64517 67132 3989 73741 86822 91283 83799 2451 34484 46247 29497 679 30226 51299 34303 98697 46798 41099 66204 10937 33215 57754 79088 51082 56607 5243 28686 8249 41153 28593 80379 56049 37942 80479 37651 81674 261 73840 40903 96143 20512 30154 74994 30672 98528 29524 93270 49816 49551 9968 91915 51521 41614 26328 31913 62993 41054 56848 21948 73016 6026 5201 28591 58889 56572 48287 87856 7395 21011 87808 2409 70450 98687 79020 73529 4352 96773 74707 75988 20245 61193 28590 54273 99073 58710 98248 26020 60760 74363 91739 75181 59868 91025 31125 69433 12586 12885 38657 59997 25178 98569 65379 25665 82664 43550 32590 98874 7330 71787 58957 92409 88701 10443 55683 95025 11495 66868 78513 78744 65005 21491 9732 88104 67100 44623 75424 95037 20713 33816 3057 8299 29743 56534 69992 12884 14802 26586 78062 47857 39896 12414 15206 59700 39228 86036 65193 55607 10280 38051 84130 59065 25539 93687 59236 23993 49018 21973 53900 64246 99373 49569 5370 88527 61544 56852 50400 87145 36428 89040 38539 78021 94079 3253 38362 58184 93777 58571 46646 18190 69173 71311 69803 57628 49722 36341 15419 70079 53938 91637 9950 17804 19332 40412 62863 77232 94288 11176 39846 18242 11079 4155 25217 20699 77302 33087 92452 31644 39590
31 274
89412 5077 8104 64453 61324 77822 45857 38719 91039 21781 93830 12646 28241 2841 72407 65932 65967 83448 93981 9291 93383 71139 79141 98493 88653 38881 18008 98496 58445 96134 48871 55534 78132 63397 93158 14914 9216 99912 3389 12333 35186 36762 61433 22150 24381 23245 33381 16616 58127 68559 23624 33008 66834 69835 72543 98359 36745 45582 15387 14929 19061 23144 61564 1973 96981 22459 45720 30970 75624 2993 6819 80979 12832 34411 44094 30081 12457 59084 35343 20828 63357 44810 60450 79949 12027 99349 75222 11716 78880 78075 62218 80432 97463 54494 63499 60550 15108 29921 91629 24739 37725 32645 16208 4092 73290 36995 67201 61919 4819 66307 28585 24743 76059 18279 51736 57437 81649 61432 23347 26400 61237 37972 55306 86881 98443 98858 9916 70748 57379 12968 46196 69703 20378 98968 12338 92055 840 81539 66865 64648 37859 7410 50976 89622 68764 74050 66133 97151 41605 98364 30174 62714 57461 73230 4848 70468 90116 29740 1673 49181 76962 35468 19875 64162 83916 71698 95144 83268 70837 13387 66236 20213 60629 57844 53494 9338 29152 14176 67412 64281 32304 64744 11884 77824 37846 14938 24234 74420 35723 667 3073 90333 5300 25149 13125 98548 52436 66966 15462 49591 92450 9258 5115 99194 57146 39269 27642 53596 84882 18863 86083 2072 94723 38425 6993 56782 50247 13326 93273 20673 91281 5465 41733 3927 11319 68992 64861 77412 30112 75142 16212 54291 39668 85263 54769 17427 91671 67839 41167 97170 51788 45368 80747 88695 4283 51582 95392 23038 7206 4564 32030 59371 28842 76002 40671 62738 43305 96574 27096 67827 43896 76474 68293 96263 77231 45106 17689 8279 32206 72377 49970 9712 54174 84387
32 113
52418 53449 33421 78556 52761 3392 93255 70913 56719 59518 76586 2893 45088 11771 80139 97200 13236 62099 28157 67801 97894 13769 34240 5119 88542 15813 51669 24130 38853 4125 83645 91206 61108 65141 70861 99014 17676 49115 45865 92984 92549 72452 17741 12063 83426 3613 49772 19600 87868 66250 54297 74837 51941 45276 11614 45291 70910 82110 54186 72183 27826 15095 29124 58462 1485 51795 77228 4046 68538 17047 58181 98532 29198 73981 87268 94847 39543 10024 58596 86271 32000 26396 86275 12820 45812 90386 58108 25900 95726 92837 58363 24047 88279 10661 33623 15943 40315 45394 86473 91126 52102 35495 74624 55932 85411 13621 53781 46499 28638 74031 50311 84623 30094
33 262
3074 23159 93713 86687 25277 32300 59865 46193 88359 66318 33311 79252 37700 59681 55860 79606 81993 66439 69779 14581 87689 4994 97731 34451 60459 58257 89106 34326 15657 68286 70644 3261 20617 99774 40299 59242 28239 62820 78159 82852 61523 93361 73375 18193 55281 60925 52405 14808 22194 70043 95372 58139 38773 27536 4 609 48751 42452 80921 15680 14907 66169 70255 1828 62407 69180 74253 86012 69618 2875 40472 99587 7753 28710 69840 43053 69475 87344 79324 90724 84743 19816 26392 41178 42239 32281 92666 83685 44537 89824 96440 36310 44405 21577 98109 31239 647 40492 19696 88916 92832 14865 89409 45915 26951 64275 73395 72242 9205 88525 16279 35027 51121 88752 12889 61471 64669 45167 46891 2227 63852 28528 13886 27183 40408 45119 97887 39466 9570 34124 24334 41619 14701 51829 12322 55093 67065 94744 39036 47057 64832 24661 34726 64696 59470 66408 7086 75175 83277 15527 34634 79641 29199 29355 95469 3220 5248 98897 56909 28459 98200 70439 68841 60842 45352 38878 27584 1047 75724 98101 27374 56142 64095 88609 88482 47383 84536 66835 86887 64930 53725 34287 86162 96105 16888 98450 69426 62733 42734 64873 81808 65605 30409 42168 74447 756 83587 83487 24170 11053 23107 32757 98391 58632 24441 45094 69986 85129 46840 79690 43651 89452 16100 84720 50597 23177 36063 92249 36893 94318 38586 99796 67583 4002 35166 18700 30981 86550 55129 74727 96695 12987 35254 83631 66422 46518 78175 39693 84563 24455 35285 29203 52962 9031 22655 97640 54235 90248 45901 95691 13450 16331 89416 80969 34980 98021 17033 53509 62426 48693 43150 60027
35 160
64586 46288 93716 60777 91438 85195 19155 30267 10705 13538 33899 14067 95286 64306 73844 56862 89039 16542 76351 63967 41293 89304 33 64469 82161 2212 25206 5751 87576 56160 90093 85992 53802 15369 66386 83786 64478 19075 49715 57339 63277 3948 96560 70155 9151 33053 31991 4604 91541 39643 47788 783 27728 49840 27596 17346 73783 5020 98526 97769 8866 27275 71185 46530 16933 43819 22137 82515 80444 76150 20289 35997 55915 23162 17222 92162 49004 12403 12390 86498 96389 3792 48258 30742 92482 24859 17586 65631 85014 11035 50899 11812 35369 23154 52141 70513 58499 41955 13207 39504 64846 74313 65000 23319 33609 1695 71437 74478 49150 26692 85241 81156 86411 77261 68744 21930 1504 12098 40463 82826 72948 98788 11038 33482 22156 88650 25809 10893 95597 40740 4642 39298 73247 44867 97960 69441 62415 74035 24428 75236 66343 14954 14827 47182 68376 19119 32176 50071 19130 53825 44833 1972 72305 19912 31696 62469 80315 42865 42403 91112
37 252
12349 94111 8469 77292 84980 35638 4276 53569 9725 3814 95369 47870 41309 35907 18229 99549 56481 66315 3276 36848 230 32051 74892 98706 66796 3821 12695 43477 5388 66923 57092 22809 6936 98460 84622 3851 12854 92515 46126 59374 20533 29727 174 27380 83667 19979 54171 644 75673 86000 9314 94909 1588 70808 38669 88882 61758 33409 68310 92640 92253 73282 30399 56758 79800 28136 29435 8398 50572 98631 62592 95866 29979 2816 65137 34353 68318 17928 60456 75119 21590 33413 13909 5025 34778 9998 25015 75546 35853 62427 52299 88251 69447 21365 61046 51540 70598 77724 37662 69941 861 39116 51078 26562 64562 34519 10106 34660 10224 55562 79123 67226 41405 84394 70772 74362 49616 82987 3918 10340 22831 72515 38288 41554 79694 72314 15497 63029 82755 87649 8584 48644 44685 29120 16755 17501 23034 17818 3335 9869 40696 85866 48018 32634 89816 73996 60778 41904 48016 29931 97623 64687 59910 35397 1822 51208 7822 91213 27192 55851 75503 6490 47055 39142 84458 22929 63928 8282 8070 17832 6249 52326 52069 43160 15910 69773 48513 89481 1614 81967 5040 52989 57413 29597 794 59050 80973 5405 79698 59940 14298 78991 52171 64914 74765 23716 89133 36579 54788 12691 50943 90371 92552 26116 10269 30796 6346 10134 67448 73433 57157 60561 91613 35299 60237 61076 12434 87796 90219 98604 34241 90963 85487 91368 19196 60462 95036 44009 83128 81184 84069 17906 66783 84876 96709 30557 42944 19588 24762 12660 18221 4119 37612 52053 67456 19676 86622 63345 29248 57241 5490 34488
41 72
71858 32974 35740 64792 70242 7765 95007 64491 32398 45707 49284 92034 86281 89020 89237 2840 81140 64374 26549 69993 5620 40361 57011 25002 9648 44259 20760 30173 79633 4956 36198 43088 20747 65569 87832 98108 15308 26427 24577 24937 39125 48492 71999 39497 84262 39609 44651 22402 82736 26098 37883 5609 91967 51066 37692 31179 61726 88888 79549 12024 13394 41375 94789 40320 59806 10454 71224 84258 75919 28616 75426 43864
43 232
23263 46488 64850 21310 3128 55517 26251 92610 11991 57309 86007 48303 92607 78073 15595 59993 91057 5644 39825 19247 771 11415 86675 97147 18488 24022 25554 53293 28456 74263 92463 16191 36036 69915 42148 1181 35747 5788 94760 75054 21196 26257 72566 60904 96127 17275 93189 56652 76396 97962 54803 30367 25736 46897 62037 52381 732 13212 54978 19534 60603 29410 93748 56094 66630 84141 33685 9902 98379 21302 22923 57072 33029 79160 41938 3289 8872 90933 87480 24423 22708 46054 30351 82806 49465 13570 6521 40168 32045 35221 83992 13235 98289 12622 66843 62744 90425 12663 39979 6901 32344 65815 3346 69139 67198 6083 65835 73524 36638 3477 94453 10510 29956 96187 1368 29196 95627 83003 70677 91927 57510 70977 67633 99494 40850 81207 78708 58861 52614 64863 56922 5098 98537 10529 56398 37444 14819 52601 71975 36113 9288 83548 56174 32707 60129 28370 68210 71336 84161 42669 6224 48571 62314 53420 69989 44458 62007 12977 46064 49527 96163 39959 65278 47566 94823 55729 42270 63076 36649 44718 84983 70261 13188 82721 48033 71084 54160 69008 39070 82957 95391 71638 63241 34317 46072 97081 16829 26003 58311 50684 48969 7590 46539 5166 86575 43598 92088 61704 22268 66232 83744 77009 36724 94502 23832 15788 53218 34870 11630 79128 52711 29331 27797 29786 3200 1459 32541 75607 16673 1860 28361 20865 514 5904 70940 937 85616 24753 17381 73441 26877 46682
45 228
60637 20684 45687 4326 81818 66740 73281 8833 85047 50791 65581 77975 72783 91009 89127 36750 86376 75449 85696 59719 69160 4698 76547 93937 34099 84861 46649 17277 15586 47075 87884 6297 70497 744 8271 30059 79865 11357 59193 26841 96468 17018 1079 77638 78534 11950 45727 62120 99822 19558 53559 11833 54319 77411 80201 98261 46504 48606 47049 25408 32453 46330 6362 83563 42029 86757 60124 41953 9098 34985 13658 9221 68704 60500 68844 56461 50115 97364 90342 60488 27569 24172 51942 46650 40639 40739 380 31329 15739 24515 13717 35287 61752 69001 83362 80722 6262 82033 63080 30814 7478 16135 71165 91620 45624 7805 8625 28687 69904 44646 33804 98658 49001 27715 67044 57657 51272 48883 64701 34981 62598 20405 58697 70029 70342 18467 22638 1331 14507 14818 64963 1325 54703 57362 82276 73355 98155 25659 97596 7712 22987 16577 34087 41366 48152 94697 56452 53871 72079 60498 28828 23306 42521 89549 57328 61574 61396 65628 49740 59310 83278 68052 14804 10358 45312 83570 44002 18493 93848 55461 54670 8708 33956 74245 12107 29321 706 6382 75697 5597 38974 90695 51198 96124 44064 52698 11180 39134 25765 41214 81661 43176 92811 79755 34101 80671 18588 36610 94099 92845 50269 16309 57463 35330 2416 23533 8979 29798 74545 86450 84158 34020 73806 69025 70793 92738 14729 92498 34787 55547 76865 40464 34188 74758 19684 29834 39981 45089
46 214
41203 68632 56240 48805 15092 88988 49002 85321 52532 55518 68912 8853 8209 37329 78248 7483 75791 6984 29773 31388 4214 62589 57782 25069 73856 43842 98997 64274 17901 68698 15489 21054 43909 65157 14901 23614 16696 79628 51604 86059 70426 62195 93663 81113 29250 32908 95687 51700 21158 821 82356 93461 69789 99999 9249 38969 26924 59602 94826 1587 88253 50585 15511 55934 17173 28843 53510 40682 10996 94615 53055 78691 79536 77554 73515 83873 54019 29863 95853 49897 52020 36763 25942 24903 59528 91392 19546 16440 8850 80997 7289 94384 68219 9540 79147 39710 72504 22662 25195 46675 61827 38821 89306 89775 1598 28272 40964 73053 83325 98979 27535 47161 33658 77999 23861 59989 36069 12356 39895 28707 93209 41935 55855 30138 70608 55935 4392 83189 54308 6434 2992 91436 23647 74527 60422 276 2622 30129 92467 396 15178 8728 20705 18711 90445 33148 6681 62154 86439 23885 35926 5732 22185 50284 57198 36366 38070 28947 63704 50582 51043 22138 26307 6158 7363 8665 3884 54993 6512 81367 65262 6454 38568 62369 83597 5272 79778 5181 13440 87517 99720 44411 78058 10189 49543 13777 79040 88496 1892 71617 85641 66371 63488 85226 99470 16015 48041 33459 30486 66212 1514 23946 88228 90571 30543 96296 83767 71271 98027 4377 6610 89949 61882 48222
48 204
92273 20931 86020 84290 54738 12348 92256 21612 79636 44112 68605 72400 59515 61964 49875 55287 3284 99498 60232 41688 62917 1766 74394 8035 36799 5048 4338 25872 49075 30022 19802 40851 89263 9121 39371 55124 43138 11563 43288 9265 46901 66526 82040 95674 79612 87635 69843 98287 13199 43340 47886 56810 6856 50884 38167 32824 95147 66628 4233 56623 77210 92745 61536 30824 11960 61962 64430 56513 22116 65380 77115 24742 38025 84586 3180 16013 80683 40836 8823 92269 85508 34268 12979 29590 85558 40404 86345 13068 12879 62432 83069 19322 63948 28905 64001 88789 57762 79036 74580 49992 41609 89921 64327 1901 40636 94108 90237 56492 53406 83185 34047 51517 12807 25063 48791 31365 64377 45940 38548 43935 99321 44313 68280 81613 24941 96828 34245 42854 72371 13944 60575 46992 48286 38119 63927 58448 53525 1617 71188 45867 31942 93135 90129 14019 79867 36535 3591 87795 30669 50059 6275 48312 4145 89750 97653 58027 92383 70340 73765 77096 23809 71772 52061 32266 71734 72603 82775 70210 89153 82948 464 65575 79131 18836 31714 37882 87263 67663 22016 92155 16562 94851 50967 8054 32901 21072 66116 49823 67619 51752 6363 54944 50569 29046 42045 68982 7717 81761 16992 19306 84287 75261 12662 56195
49 30
89548 31512 27350 76864 27227 50481 89403 57247 48584 73953 30959 98830 6779 4463 41777 64456 9618 65489 93232 89592 26840 51487 31203 5839 75200 85206 79600 75692 46198 13650
53 106
38322 30461 1634 85525 27865 33127 56380 47555 43929 90444 59695 24499 16599 68442 63447 4118 96517 26011 74121 11498 46703 48174 99711 9609 18159 17595 60393 89408 69693 76462 50295 702 29725 21717 98885 47483 60170 65282 14495 41596 93916 48824 82884 41145 33967 80003 85935 75727 44036 46585 91395 92759 33607 8587 85960 56351 14031 74026 8205 99573 56251 79516 78610 79033 55162 76786 78819 97352 64269 44566 61766 98560 96738 37104 7952 2418 93000 11995 13342 74314 62035 69285 22516 97862 20387 44198 9843 48756 74530 94730 754 72286 28432 34000 2297 13914 2929 98438 37566 57421 33978 65576 5570 69099 44719 72265
55 172
69948 77122 88746 93272 29133 90708 69459 82520 74247 67696 36685 63189 39939 4614 44689 5662 60383 62304 98358 27594 39480 12951 58314 45179 99852 78648 39639 48925 17189 18136 22356 35602 17130 16941 98419 75685 30292 54512 25371 23518 40814 16911 297 57253 54013 88918 35971 60171 10527 57752 17218 51285 87963 97095 42486 39226 28600 55450 36234 11732 26196 28267 73462 45686 47510 5944 68415 94501 51498 84854 66626 4020 50456 41542 63403 80813 2638 58099 37915 34655 23089 34052 35635 76515 78300 58870 70247 36037 27407 46252 96555 54758 5848 66167 8322 73204 45894 60970 77129 82041 52159 36055 73142 87459 22988 70384 51903 58407 44197 22501 23704 12255 87470 22621 1111 51320 51854 72719 15478 28537 95431 14489 87245 89411 43240 25699 25885 3174 82358 93673 23036 1365 64190 61263 35473 39527 13025 56855 31024 2825 48438 82911 65657 29682 26389 49278 83075 75482 92370 96741 99133 96720 23478 50941 8716 78929 84491 16415 74041 37278 83326 51844 64273 44511 94402 99655 24231 37917 90577 11602 13246 43185
56 170
28754 20749 24693 81609 42006 55331 45793 55884 55512 1697 43243 32180 74684 89290 53342 49842 61836 22027 39618 10458 6353 70117 66241 40621 8772 24133 34929 88295 55260 97154 8596 31636 59370 16682 65956 99344 82544 32254 79107 16237 22075 27003 25150 85967 22875 26655 52241 6213 25829 98729 48765 63114 41351 939 62937 22239 52611 45738 34423 41239 74564 74907 6581 48091 49493 57693 36883 9223 16479 39099 71484 23074 83145 70433 36867 34347 12086 96158 68839 71740 26269 7245 40723 84007 62887 60296 31940 97554 19142 80250 88619 27722 44089 61850 48929 73897 72178 76367 18784 91005 12148 85954 45182 81548 31664 14285 84277 80712 58698 97383 49448 4415 28929 56803 67148 86949 91481 52287 33542 30626 27447 97362 99281 79379 15023 92800 48149 15610 7462 32462 96943 62132 4608 30452 33506 37558 25494 11001 77511 45488 13369 64520 86272 90861 60880 39539 97631 39810 67272 65792 23432 68342 34008 17046 55446 25264 83310 29861 91122 91621 43434 59659 82690 42196 34306 56426 57895 72466 31184 81095
58 162
30858 61770 56350 2594 16995 76657 33889 13173 50477 59566 29587 48090 17648 60708 66822 55575 74202 79052 77749 93790 93744 2964 72765 69059 12508 17915 87932 60427 96814 88314 97050 59581 38939 64090 44396 65085 54471 63043 85572 47219 78695 8167 86828 7622 81751 36573 2265 20262 89822 81059 71848 67875 15451 51883 89121 51730 78316 90378 24460 28255 12321 88362 37447 59231 83455 35116 55192 69313 88885 75556 81123 85052 42379 43835 30554 23901 17950 629 29966 99900 24543 97552 8724 41941 19018 52416 22503 97017 46017 40599 5782 92785 19382 4877 84640 99474 78084 5775 30755 56242 63145 93054 79378 47170 61994 47571 37965 63643 92396 87220 80244 56113 34862 32273 89344 9701 96974 80873 81071 51450 93961 52430 86123 30339 58050 82547 92663 58603 85933 33441 19028 23059 81880 24731 82108 85642 94567 67081 99806 66060 6840 45836 8192 57369 67702 42479 61351 47468 14007 80233 27539 34226 63513 42991 75016 76603 34103 15250 36047 61056 91405 71597
59 160
82971 42448 72591 94459 41563 45487 36431 87043 30447 87513 18064 30984 61899 89655 87977 91617 37762 42049 12365 45129 26246 53029 55829 48425 58488 38247 42118 35089 25411 68092 23205 60509 63661 83763 48295 33487 69841 67186 95073 44772 44484 37251 60854 85264 71164 56033 79743 22994 90338 98387 79821 70455 72300 40082 75035 15129 83652 43120 93178 19605 77491 67263 89350 55464 63365 414 6395 13875 81826 27964 5974 40438 26908 35147 26714 10724 57153 18261 34460 59423 27977 60924 48615 56291 31420 10567 5509 15246 56537 56730 54134 92364 65803 83032 15329 49925 52073 18065 77812 15651 5903 67959 64540 48542 85377 83218 25803 91510 38141 86150 84503 19016 66163 11694 77398 85791 35030 35952 20343 72419 30306 14178 21139 84272 2290 61025 46979 42977 94738 12554 63451 1367 53681 15668 19608 40351 46535 40353 1505 89789 11485 79599 5348 87310 73873 5209 83510 66604 63048 77755 98184 96839 43147 33787 46640 23008 63077 32955 92222 12043
61 158
21225 66733 52134 40666 6854 69282 35583 45341 19935 78057 74272 37456 35376 21100 98819 19603 41112 49993 59780 21684 36997 26112 32799 55943 62246 49915 14515 73071 94598 50965 61378 47110 39488 41942 27904 77297 83071 81885 53996 77454 32783 4980 34703 74987 71571 14316 20407 96638 13169 9378 84550 92031 35396 83465 69165 44504 71086 92483 52575 9547 85018 38188 92300 13616 87380 57721 67068 45231 65296 36619 87493 27859 44940 69457 98991 77522 84390 30794 40368 28853 81742 13060 83144 21171 1745 30171 7144 4272 92980 69363 47988 1234 59666 58883 73092 64874 54020 2802 70128 98910 42613 21232 59453 23447 53051 2336 79842 632 40394 85671 96582 55891 77358 31926 4677 96177 73793 66764 22930 26325 5408 94780 76448 95554 98047 28880 95447 27482 33249 68217 20880 39623 58167 44079 68883 82718 89387 38745 10786 99611 4945 71764 79166 63135 31025 95504 96408 95908 56427 82769 48307 67653 6617 41084 85561 77104 18624 42271
62 154
69122 67905 45763 39568 77233 2022 44542 34125 58282 49521 69914 32784 11663 89826 65251 34243 64983 23167 64490 19208 69848 96588 94830 15228 91802 42405 62176 9758 90728 84703 59367 17364 58733 80372 1162 26507 76030 83952 69250 56524 87761 11836 41100 67886 52187 43043 72004 50082 64398 18189 27750 91365 53442 6282 18899 71883 74679 27560 8166 31216 1708 75908 63364 52365 57750 66507 36497 72206 2610 53720 34697 28144 95154 3562 33633 397 39021 95382 85673 45205 58887 44762 23018 46248 15416 67915 89892 42851 21438 74320 76788 92709 87570 21831 976 80318 70705 18724 15062 76841 66872 90574 36598 6976 94797 2593 17271 33077 53736 78444 13885 80084 13011 55068 25364 43632 56699 79737 78613 89029 6577 74005 28278 30631 19544 78179 16740 96476 79340 35264 97985 27779 5315 10342 63531 6859 77455 47371 48864 45561 43648 10307 45479 45715 46679 46732 38608 90899 67033 79439 43067 80680 98570 27988
67 134
29341 43320 40880 53374 19524 31112 33795 13980 25157 53287 67761 50671 12990 27081 18934 41704 7070 69587 13481 31572 28630 94354 12871 27345 28693 36033 81624 83985 60610 35455 21122 11151 30395 12640 43846 36325 45319 63731 29750 21587 76508 23749 9755 22549 91328 38374 83759 73374 14174 78755 75746 18680 58335 50570 42001 79841 18958 83209 98572 24082 41756 32569 64726 92705 86032 33301 62666 1714 8077 72815 94447 42523 20185 82380 2219 38709 62289 51318 76952 46237 84648 79039 22339 28179 40845 80451 41712 82462 46128 68602 50678 63524 1921 83954 53045 96743 24648 16935 76983 45493 57067 91836 28917 86270 65075 51862 8152 73954 85102 85806 56126 24331 70172 13989 70887 98704 20624 31774 19023 25036 40266 47516 11387 32930 28026 88481 15340 35149 74232 2635 62741 17690 69713 26992
69 132
49908 34534 58283 80514 32060 97452 51896 19777 46637 74428 4683 6672 5947 48002 14896 6374 24615 59180 35774 41844 55404 20862 61461 83769 62972 12782 81902 43933 52966 65675 83650 74689 77980 19776 53536 4110 81917 15951 77109 40786 86907 72583 39293 73010 55454 52643 90094 87175 75508 75466 91968 69890 99545 96529 46047 24644 11522 18276 49297 99354 94504 55906 56063 5244 57832 2741 60209 57080 18615 21969 69365 80493 77458 17954 85628 52621 21467 80260 68115 74911 70118 29468 55348 43199 77848 56582 32791 70111 63741 41151 65047 1499 18678 49450 2894 51933 11940 38512 82857 15438 57508 55186 54883 95016 28599 99696 11212 63495 96684 75091 44307 7456 59505 18559 30776 90770 64902 50382 85697 4542 60501 84834 36110 29544 85088 11738 85389 17733 51148 79251 25249 96892
70 6
51218 12609 69450 39147 59038 46955
71 112
44228 35812 91607 22682 85063 52746 90919 64395 59569 69687 61220 76916 77058 44017 31889 46324 35987 19865 26950 80240 6175 24012 14011 73777 92466 79099 44125 27082 43307 3986 53237 32871 74561 81171 92455 93579 85307 7134 75435 61148 90369 26271 73888 55672 40536 66731 95111 46046 85111 82956 45588 47050 9949 32357 16592 86770 17579 80491 97545 49638 81452 22379 67912 68761 6195 10761 38867 26934 78946 67869 56702 74952 9193 57414 36894 33620 38239 73738 93472 41759 41334 71052 18554 1406 56814 25390 48040 57172 76171 41928 71884 48748 20935 73918 36475 51992 3974 78552 91076 31222 46941 53639 83779 68333 11095 7428 11814 37980 17905 60590 75027 50490
72 110
18138 97973 34153 84903 47469 36000 67960 89915 66965 34974 99011 75858 15303 76071 83680 1844 3097 81025 90095 39075 12464 58929 71667 56860 27546 31993 94664 2142 26558 41861 19189 99414 6208 59651 93664 81489 31713 10920 26606 32397 64974 38760 52938 16144 55797 33090 36059 28937 14596 77963 25948 90232 58984 89424 46327 75759 91645 69910 39124 13866 26597 97858 43291 93609 33815 3675 52412 35513 65968 4912 89465 84021 57303 84804 8719 98798 34879 4909 87494 79066 45404 16548 14803 76210 29370 83665 86469 16547 88210 61398 80137 24572 61028 94024 72496 63830 57688 33994 70520 5878 68594 62535 1094 94617 81248 40806 54269 43011 63816 89790
74 92
24191 11210 52062 47562 34617 36941 53558 54524 45155 227 11944 23201 80857 64812 64011 56188 39155 95442 40994 31379 30859 22094 31320 20914 56504 57521 64583 36640 83046 34422 35204 54435 51261 4932 12527 99833 60368 1780 10485 64779 80088 41011 31193 57299 71982 28601 88049 53513 50530 66785 364 11142 48711 35296 218 64937 45837 22477 21449 93020 43588 29308 82505 21477 99464 24379 20472 84495 5622 73760 55580 33955 5922 39089 201 3532 37003 86442 76029 46910 61509 33862 38914 22086 9673 10544 60304 55998 75059 5161 8946 82435
75 74
11049 68937 5988 57669 64613 6781 23386 44887 15902 29990 78958 36001 38738 94996 24213 40685 29263 53979 7310 14590 11892 54508 49648 6286 5645 82892 44015 36191 45266 488 27902 16886 74387 80136 96722 13206 75625 21799 86940 58165 54515 10882 97896 93358 70511 9631 7916 48336 7592 47352 2708 40108 18036 78787 28729 30027 64862 21053 56180 56726 40022 57345 4341 89351 43174 90199 40519 55991 19715 22037 76075 73929 56260 15692
79 64
12592 15467 94003 55369 86440 74097 91384 1663 10662 22210 30144 1559 65496 31507 39085 72075 48874 98275 6837 799 155 2272 77857 1699 26994 31209 95246 47287 6657 14973 51155 15453 72100 94748 8047 30918 16454 85838 96016 90894 76415 65808 41774 48007 10840 80522 99380 8577 90979 80923 41736 1797 456 1377 20516 67550 63875 32106 41874 871 45991 54522 68490 40314
80 62
54063 95686 81180 86051 41647 17748 6651 78383 8302 85232 70535 91854 44587 17651 53620 24494 75613 45925 86170 35901 9099 24023 59332 70519 64495 55956 76379 13742 58714 85913 2896 53233 22933 99225 92871 23541 38398 45021 38519 32801 60316 29639 1522 76814 97212 62553 62471 18642 19854 60882 68443 14961 94118 55424 14940 13869 21793 48878 9560 52254 66328 95933
81 12
9268 79511 18456 53156 31106 24063 30539 4736 79916 37652 2707 61114
82 58
12655 75365 76087 3828 71847 37587 40468 14982 95143 69230 85405 35251 52304 18407 49036 8977 15338 28619 61588 34745 6545 19615 87600 54936 7807 69945 34696 17238 90703 59174 49074 46067 11451 48629 94801 87991 61562 34807 49994 77654 14588 64365 60385 17417 73652 49038 63572 85426 21766 54858 48690 88745 54790 85007 91048 65965 6705 74969
83 54
25711 18647 42420 40811 76005 84083 13868 58713 21620 83374 79442 75901 25475 55304 29491 88277 59007 84712 96017 10698 96648 4081 58265 4601 80406 92500 97635 72682 21903 68527 29031 69267 94031 51920 13699 51166 38199 88069 93839 60693 57969 79068 8644 89611 64727 47475 68047 35456 83050 68514 48443 50744 39194 67146
84 36
75140 62541 48861 73692 14876 69830 22585 76375 63248 78087 19049 57538 69403 85003 8662 37636 84609 29315 37483 43104 16730 22266 78529 33586 89033 57916 37052 98045 36670 43777 16757 46775 77940 84159 93725 79604
86 26
20090 5900 66261 45427 83576 36659 93394 63846 28374 7626 42043 80569 20710 56889 78116 29831 60401 67006 97988 57180 80848 26701 39372 45032 88089 25097
87 24
1312 13731 42858 44106 2908 95376 11989 69951 83108 14586 77590 45835 39806 67878 92000 99353 17 94838 95723 24180 91960 17118 24927 39284
91 20
25692 25042 22736 68728 38882 5919 49976 20651 82472 53023 89251 88329 67437 48361 29002 68834 1912 35181 18203 41359
92 2
53394 50908
