6 0 6 12 24 63 1
9 2 4 8 10 20 47 75 592 3
6 14 18 65 85 3227 5
9 16 22 28 77 103 119 202 582 4087
8 26 30 79 145 212 470 694 7
10 32 57 95 97 105 127 224 722 9604 9
15 34 36 38 55 99 101 113 121 192 282 362 496 960 2107 11
17 40 43 51 59 67 71 125 129 137 149 181 196 321 518 900 1766 7414
16 45 49 53 83 109 131 139 206 218 240 340 696 764 1177 1445 13
16 61 73 87 115 133 143 151 242 262 368 788 824 1212 1635 2103 9895
19 69 81 91 93 107 111 123 153 155 284 298 344 378 448 578 946 1298 2423 15
13 89 117 135 157 165 296 372 374 390 836 1627 2084 17
12 141 161 169 179 260 315 396 556 870 1637 3767 19
15 147 177 183 222 226 244 246 317 426 574 936 1551 1651 2451 21
22 159 163 173 190 194 198 210 214 248 268 272 329 366 442 480 624 950 1268 1778 1921 4361 23
19 167 185 200 228 234 254 302 307 342 346 464 486 638 796 966 1665 1911 2507 25
16 171 204 258 264 325 348 364 506 516 1010 1106 1738 1990 2367 2894 27
20 175 188 208 216 230 270 354 370 410 520 566 806 852 1184 1350 2016 2155 3386 5885 29
21 220 250 252 274 386 398 424 438 458 542 614 616 940 1022 1270 1473 1503 2157 2497 6091 31
18 232 266 278 388 414 440 454 488 622 632 634 652 860 1288 1533 2217 6207 33
20 236 290 292 331 376 418 444 490 508 562 640 730 882 1559 1653 2587 2678 3595 7264 35
17 238 300 334 382 478 500 658 668 692 892 990 1607 1697 2267 2630 4329 3082
20 256 276 294 311 313 384 394 406 492 524 672 708 714 1266 1601 1851 2561 2783 4347 8194
22 280 286 288 304 319 323 360 412 494 536 608 712 732 978 1316 1615 1875 2565 3517 4901 6575 37
19 309 356 392 428 512 514 538 646 728 752 754 818 1396 1655 2099 2668 2791 6479 39
22 327 336 338 358 400 430 522 588 742 748 770 808 814 1254 1404 1629 1891 2213 3021 6014 7527 41
22 350 380 420 452 510 568 604 618 650 772 776 786 826 856 1449 1509 1705 2119 2215 3071 3952 1289
19 352 402 468 472 532 564 580 700 716 774 828 894 1543 1881 2008 2249 3107 5738 2504
23 404 408 456 484 530 546 584 600 628 744 864 876 932 948 1728 1762 2088 2123 2349 2809 3436 9346 42
22 416 422 466 550 560 636 664 756 840 880 1108 1378 1798 2105 2189 2371 2493 2957 3531 4659 6491 44
23 432 504 572 576 594 642 680 758 762 812 842 890 898 1374 1714 1800 1937 1943 2273 2431 3188 4275 4131
19 434 590 620 644 710 782 802 830 884 912 942 1479 1815 1939 2291 2585 3444 4331 6627
26 436 446 460 462 606 648 686 778 832 834 944 988 1086 1112 1685 1786 1947 2054 2329 2441 2467 2620 3059 4539 6906 46
24 450 540 610 630 670 718 798 838 904 976 1008 1018 1318 1583 1790 1957 2094 2345 2481 2781 3334 4625 5921 48
26 474 498 598 662 720 734 790 822 844 920 938 992 1026 1072 1110 1328 1527 1716 2203 2275 2357 2634 4789 6065 8311 50
22 476 502 674 848 858 866 958 1006 1078 1153 1443 1718 1951 2211 2385 2487 2670 2969 3422 4747 6405 3116
28 482 528 676 678 682 690 760 794 868 872 914 982 1050 1058 1090 1155 1372 1633 2046 2311 2501 2616 2789 2807 3529 4821 6614 4964
24 526 534 544 684 704 800 878 916 918 984 1084 1157 1202 1447 1811 2257 2505 2706 2716 2829 3555 4915 9600 52
24 548 702 706 738 886 922 998 1088 1116 1159 1200 1208 1232 1481 1669 1877 2261 2523 2850 3829 4871 6511 7796 54
21 552 736 740 888 902 924 1046 1052 1161 1180 1274 1497 1841 1978 2269 2537 2737 2925 4014 5208 3399
25 554 768 792 926 954 1054 1169 1190 1230 1234 1362 1501 1857 2115 2393 2533 2567 2712 2902 3366 3857 4875 5269 7010 56
27 558 596 656 780 784 930 964 972 986 1068 1114 1173 1216 1284 1384 1455 1782 1869 2427 2559 2571 2904 2985 4235 4978 7207 58
30 570 612 810 850 906 908 956 974 1000 1034 1056 1070 1122 1224 1246 1252 1296 1324 1529 1974 2197 2618 2718 2749 2959 3101 3633 4419 5486 3232
27 586 626 854 896 952 970 980 1002 1044 1094 1240 1286 1332 1388 1687 1966 2072 2491 2626 2779 2999 3161 3769 4605 5690 6632 5107
24 602 688 698 874 996 1012 1020 1092 1102 1135 1272 1334 1463 1617 1827 2109 2177 2819 3057 3404 3918 5044 6413 7364
25 654 726 928 968 1004 1028 1032 1082 1104 1126 1137 1336 1356 1475 1953 2285 2638 2866 3083 3589 3956 4635 6135 6441 2980
24 660 766 1014 1016 1042 1064 1074 1128 1145 1171 1338 1394 1513 1699 2074 2383 2927 3120 3467 4339 4685 5240 7417 60
25 666 804 816 910 1024 1076 1096 1147 1188 1308 1346 1366 1400 1561 1605 1663 1859 2117 2405 3015 3138 4345 4771 6804 5255
26 724 750 846 1036 1080 1098 1118 1163 1244 1294 1358 1376 1471 1569 1703 1982 2363 2437 2732 3045 3148 3645 4585 5273 7577 2907
28 746 862 1040 1066 1100 1120 1182 1214 1262 1314 1382 1469 1495 1523 1563 1649 1722 1843 2199 2483 2953 3173 3719 4707 5204 6730 9418 9860
27 820 994 1060 1124 1132 1206 1280 1352 1392 1439 1511 1537 1565 1748 1945 2159 2317 2443 2545 2751 3197 3697 3970 4767 5392 8385 519
28 934 1030 1139 1149 1218 1226 1228 1320 1406 1409 1457 1567 1581 1591 1901 1949 2377 2529 2553 2694 3111 3207 3308 4058 4775 5410 6835 7649
26 962 1038 1151 1167 1242 1256 1292 1413 1571 1611 1619 1984 2002 2421 2597 2884 3237 3274 3328 3958 4353 4791 4923 5470 7652 9577
31 1048 1062 1165 1194 1248 1290 1402 1451 1453 1535 1613 1623 1625 1823 1970 1992 2277 2461 2503 2612 2896 3239 3354 3406 3653 4237 4461 4881 5988 7341 7234
26 1130 1175 1198 1222 1258 1304 1360 1459 1461 1645 1720 1806 2127 2347 2575 2987 3081 3451 3962 4257 4897 4965 5836 6121 7820 6422
27 1141 1143 1186 1192 1210 1236 1238 1302 1310 1419 1467 1507 1517 1673 1732 1903 2259 2361 2471 2579 2991 3457 4643 4963 6537 8465 647
29 1196 1220 1276 1282 1306 1326 1423 1435 1483 1553 1667 1736 1780 1931 1955 2449 2455 3023 3163 3219 3527 3547 3583 4683 5002 5562 6179 7215 969
27 1204 1250 1264 1300 1322 1354 1370 1431 1489 1621 1726 1819 1845 2022 2515 2628 2773 3087 3154 3352 3601 4197 4793 5042 6173 7272 1154
25 1260 1340 1411 1427 1493 1585 1661 1887 1941 2026 2131 2473 2543 3053 3165 3374 3424 3459 3607 4699 5050 5365 6133 7559 2388
24 1278 1342 1433 1477 1545 1557 1695 1701 1774 1927 2070 2271 2650 2676 3115 3221 3426 3493 3663 5054 5178 6806 8395 2895
28 1312 1344 1368 1485 1519 1589 1744 1853 2006 2034 2111 2113 2307 2319 2662 2688 2880 3223 3438 3649 3717 3779 4561 4827 5216 6061 7260 3810
29 1330 1380 1441 1487 1525 1555 1643 1709 1742 1796 1829 1873 2010 2060 2133 2696 2787 3270 3294 3469 3483 3559 3661 3906 4998 5361 6898 7641 9138
26 1348 1390 1521 1541 1549 1647 1847 1885 2032 2125 2173 2453 2827 2831 3338 3521 3687 3859 3936 4026 4735 5317 5418 7886 9212 62
29 1364 1398 1515 1547 1603 1671 1683 1724 1879 2151 2181 2321 2684 2726 2861 3093 3358 3577 3713 3727 3938 3988 4437 5372 5591 5877 6656 7774 1648
33 1386 1415 1417 1429 1593 1609 1693 1754 1905 2185 2187 2224 2299 2333 2700 2898 3017 3497 3523 3591 3627 3729 3930 4271 4291 4619 4895 5374 5635 6732 6843 7936 4644
30 1421 1575 1639 1657 1679 1792 1825 1915 1929 1968 2193 2226 2245 2411 2521 2941 2997 3029 3509 3613 3699 3841 3940 4517 4695 5432 5897 6865 8629 1199
31 1425 1437 1465 1659 1677 1707 1837 1861 1867 1919 1962 2056 2171 2219 2309 2690 3007 3077 3097 3561 3655 3946 4479 4841 5609 5621 5915 6810 7187 9478 6017
29 1491 1499 1631 1689 1730 1849 1889 1933 1972 2082 2237 2283 2327 2660 3031 3089 3140 3593 3823 3910 3948 4020 4811 4913 5667 5953 6942 8909 6787
31 1505 1681 1740 1750 1784 1802 1871 1899 1935 2004 2165 2251 2287 2315 2341 2379 2702 3217 3617 3673 3994 3996 3998 4138 4947 5698 6038 7165 8114 9204 7492
27 1531 1597 1760 1770 1821 1839 1883 1960 2014 2369 2387 2407 2839 3142 3282 3689 4000 4008 4337 5032 5092 5712 6149 6587 7471 9932 6148
30 1539 1675 1758 1794 1804 1895 1897 1980 1986 1988 2044 2121 2235 2413 2419 2447 2886 3245 3296 3691 4012 4042 4411 5256 5736 6217 6650 7555 9154 5193
23 1573 1691 1746 1756 1776 1865 2020 2080 2425 2910 3252 3342 3725 4036 4038 4297 5285 5774 6189 6561 7747 9510 5453
26 1577 1595 1712 1772 1855 1913 1917 2028 2040 2066 2445 2929 3372 3428 3597 3739 4108 4287 4615 5398 5780 5970 6157 7153 9741 64
29 1579 1599 1734 1809 1907 1923 1996 1998 2030 2050 2076 2092 2463 2475 2485 2975 3378 3394 3749 3861 4150 4367 5110 5430 5844 6235 7908 9799 6246
28 1587 1752 1768 1835 1863 1994 2052 2148 2527 2593 3013 3231 3276 3414 3475 3787 3980 4209 4255 4369 4381 5466 5526 5960 6264 8096 9914 66
29 1641 1831 1893 1909 1964 2018 2062 2153 2389 2549 2658 2692 3085 3408 3485 3789 3793 3990 4265 4407 5196 5548 6028 6161 6320 6680 7996 9837 3808
27 1764 1976 2024 2064 2068 2255 2397 2465 2551 2581 2708 2945 3184 3539 3751 3809 3924 4024 4267 4459 5536 5586 6266 6332 6952 9556 7021
30 1788 2000 2012 2036 2058 2078 2325 2495 2577 2632 2666 2714 3043 3193 3473 3549 3761 3843 4102 4173 4319 4531 4984 5593 5734 6371 6974 8351 9982 7456
31 1813 1925 2042 2048 2096 2142 2175 2183 2230 2355 2589 2704 2741 2753 3109 3432 3569 3900 3966 4283 4403 4505 4571 5275 6052 6397 6435 7066 8265 9558 7368
28 1817 2086 2101 2129 2161 2243 2539 2606 2682 2730 2739 2757 3047 3113 3615 3916 3964 4022 4409 4593 4877 5633 6008 6513 7270 8479 9958 2436
25 1833 2090 2135 2137 2167 2179 2373 2610 2686 2743 2759 2821 3376 3621 3976 4142 4427 4449 4631 5261 5870 6626 7399 8631 7899
27 2038 2140 2144 2207 2457 2509 2656 2720 2724 2761 2837 2872 2951 3535 3571 3737 4154 4463 4681 4905 5386 5937 6012 6722 6960 7533 7917
25 2146 2169 2201 2221 2232 2247 2281 2415 2513 2811 2817 2888 3418 3773 4203 4445 4485 4705 4927 5907 6762 6776 7004 7854 4594
27 2163 2195 2279 2289 2511 2547 2825 2833 2845 2949 3073 3567 3805 4010 4016 4211 4537 4613 4721 4961 6059 6153 6798 6821 7294 8683 5987
29 2191 2205 2239 2295 2301 2303 2595 2735 2852 2882 2979 3499 3869 3884 4056 4225 4563 4569 4733 5359 5864 6002 6159 6881 6883 7537 8715 9192 2288
26 2209 2228 2253 2313 2403 2646 2763 2857 2859 2939 3067 3639 3890 4070 4086 4233 4651 4741 5582 6169 6495 6823 7123 7806 8816 3818
29 2241 2263 2293 2323 2331 2477 2654 2799 2878 2967 2981 3211 3213 3799 3960 4162 4187 4245 4729 4783 4959 5402 6181 6988 7002 7371 7593 8307 8799
25 2265 2297 2305 2337 2525 2624 2835 2900 2973 3003 3063 3250 3605 3837 4054 4253 4755 4907 5560 6201 6203 7008 7654 9404 9307
27 2335 2339 2359 2409 2601 2722 2923 2977 3061 3152 3370 3641 3928 4191 4261 4269 4675 4968 5016 6251 6308 6377 7319 7697 7978 9354 5823
27 2343 2375 2433 2435 2843 2931 2935 3011 3065 3175 3344 3599 4094 4285 4709 4849 5088 5120 5158 6324 6415 6972 7089 7631 7850 8887 5666
25 2351 2353 2391 2489 2892 2943 3055 3095 3132 3400 4106 4118 4299 4301 4333 4859 5140 5232 6447 7246 7764 7926 8132 9827 1508
32 2365 2395 2429 2499 2937 2947 3035 3124 3136 3382 3446 3463 3677 3886 4164 4305 4357 4405 4491 4939 5004 5172 5180 5337 5812 6503 6573 7435 7772 8092 8443 1397
25 2381 2399 2401 2439 2531 2541 2955 3105 3134 3199 3461 3525 4207 4321 4359 4429 4781 5184 5408 6533 7223 7729 7934 8879 98
28 2417 2459 2479 2519 2591 2674 2680 2989 3144 3146 3241 3390 3477 3495 3978 4389 4399 4439 4663 5190 5234 5538 6577 6654 7553 8062 9015 8805
26 2469 2535 2569 2608 2728 2961 3069 3191 3284 3368 3585 3609 3657 4441 4711 5250 5305 5615 6660 7107 7731 7852 8187 8387 9882 5674
28 2517 2555 2622 2644 2745 2797 2983 3130 3229 3286 3290 3360 3449 3723 3853 4451 4513 4731 5319 5341 5599 5629 6704 7741 7966 8539 9109 2623
27 2557 2573 2642 2771 3037 3156 3254 3262 3298 3310 3543 3747 3888 4072 4453 4499 4649 4725 5271 5339 5380 5677 6784 7804 8353 8768 2719
30 2563 2583 2599 2614 2664 2710 2908 3158 3280 3314 3629 3753 4080 4475 4719 4863 5283 5363 5452 5589 5665 6022 6833 6867 7856 7900 8070 8583 9296 9643
29 2604 2640 2747 2775 2868 3103 3167 3330 3356 3685 3759 3801 3896 4112 4493 4595 4899 5321 5414 5518 5657 5702 6916 7050 7938 8619 9330 9410 6625
33 2636 2698 2755 2801 2918 3001 3040 3195 3215 3320 3336 3392 3416 3695 3894 3920 4146 4509 4541 4653 4972 4982 5544 5558 5686 5764 6920 7930 8024 8585 8589 9544 6279
32 2648 2767 2815 2912 2920 3079 3203 3304 3362 3402 3434 3635 3771 3942 4120 4148 4525 4557 4609 4763 4853 5094 5576 5649 5728 6688 6932 8060 8317 8945 9847 1596
31 2652 2765 2769 2841 3019 3243 3340 3364 3453 3705 3944 4128 4177 4335 4555 4645 4787 4837 5164 5494 5607 5710 5776 5996 7119 7121 7810 7968 8744 9697 4037
32 2672 2777 2876 2906 3033 3205 3388 3398 3507 3721 3807 4098 4199 4213 4373 4549 4693 4847 4861 5194 5623 5663 5792 6040 7125 7280 7858 8195 8225 8774 9841 711
29 2785 2914 3049 3225 3326 3420 3430 3481 3515 3795 3926 3974 4160 4277 4421 4623 4865 4879 5267 5684 5824 6077 7411 7413 8164 8305 8487 8784 7568
27 2793 2813 2916 2965 3091 3465 3487 3553 3819 4074 4317 4477 4727 4843 4893 4911 5034 5625 5722 5814 5872 6103 6141 7463 8501 9152 8932
26 2795 2855 2933 2963 3009 3118 3272 3489 3545 3563 3839 3849 4090 4351 4737 5038 5078 5762 5992 6139 6431 7521 8750 8891 9188 2296
27 2803 2874 2971 3122 3300 3565 3603 3631 3879 4365 4815 5040 5060 5335 5788 5933 6101 6209 6499 7457 7517 8068 8776 9003 9388 9918 5644
33 2805 2823 2847 2890 3005 3126 3186 3348 3637 3797 3817 4002 4092 4343 4371 4471 4819 5056 5098 5150 5444 5641 5858 6067 6089 6239 6569 7477 7617 8792 9444 9650 8180
33 2864 3027 3099 3150 3266 3292 3318 3479 3513 3647 3675 3743 3982 4132 4417 4633 4669 4845 4970 5154 5186 5458 5754 6071 6241 6593 6782 7683 7705 8409 8893 8941 2810
34 2870 2993 3025 3051 3177 3332 3541 3587 3683 3791 4028 4100 4179 4423 4551 4637 4839 4955 5174 5212 5468 5866 6109 6316 6541 7048 7074 7453 7711 7770 8830 8959 9580 5029
37 2995 3075 3128 3201 3306 3346 3573 3625 3711 3785 3813 3825 4136 4215 4603 4723 4761 4883 5026 5236 5246 5572 5891 5893 6081 6290 6355 6579 6602 7052 7551 7788 8895 9071 9731 9968 7194
33 3169 3258 3260 3264 3380 3537 3619 3715 3835 3892 4295 4425 4617 4779 4855 5076 5242 5357 5605 5929 6107 6243 6391 6455 6489 7306 7644 7713 7970 8953 9164 9829 7322
28 3171 3268 3412 3651 3745 3777 3863 4168 4379 4511 4743 4851 5214 5248 5252 5498 5708 5923 6004 6165 6465 7505 8002 8559 9023 9113 9358 4866
30 3179 3278 3442 3667 3741 3803 3865 3908 3986 4375 4547 4583 4813 5006 5287 5422 5554 5750 6034 6259 6467 6501 7101 7523 8018 8987 9398 9438 9866 3530
29 3181 3302 3322 3396 3455 3669 3821 4032 4515 4599 4601 4829 5104 5295 5331 5617 5655 5778 6095 6477 6517 6583 7583 8032 8100 9045 9422 9767 5513
27 3209 3235 3312 3350 3557 3703 3871 3904 3912 4040 4201 4223 4565 4713 4943 5299 5394 5464 5927 6131 6636 7139 7595 8110 9244 9452 9018
31 3233 3247 3316 3410 3623 3731 3934 4004 4062 4243 4383 4667 4749 4925 5072 5378 5484 5631 5931 6193 6219 6401 6642 6694 6702 7601 8058 8146 8981 9474 7362
27 3256 3324 3659 3671 3783 3984 4044 4064 4591 4823 4825 4919 5048 5114 5546 5627 5651 5986 6020 6349 6774 7666 7868 8197 8782 9586 2444
29 3288 3471 3519 3707 3733 3847 4048 4110 4124 4281 4689 4986 5122 5202 5643 5688 5980 6087 6270 6608 6825 6926 7461 7717 8219 8935 9041 9687 4940
23 3384 3501 3679 3735 3755 3881 4116 4130 4835 5132 5426 5692 6054 6247 6373 6662 6986 7972 8241 8979 9320 9723 6542
30 3440 3503 3575 3757 4030 4134 4140 4401 4869 4873 4992 5152 5540 5730 5790 5806 5816 6127 6381 6700 6831 6855 7169 7197 7998 8203 8247 9001 9765 6271
27 3491 3505 3579 3763 3811 3845 3851 4158 4241 4293 5000 5024 5220 5732 5746 5810 6083 6199 6383 6886 7252 8084 8343 8695 9099 9904 5618
28 3511 3533 3643 3781 3898 4076 4185 4229 4363 4431 4443 5018 5080 5230 5758 5899 6195 6469 6525 7034 7339 7619 8112 8515 8637 9148 9916 8402
30 3551 3681 3855 3954 4018 4082 4096 4193 4263 4435 5106 5108 5265 5504 5718 5943 5957 6314 6529 6934 7113 7389 7501 8088 8363 8533 8846 9476 9894 5280
32 3581 3665 3693 3867 3950 3992 4084 4104 4183 4205 4247 4289 4489 4519 5118 5367 5450 5716 5752 5978 6050 6336 6505 6549 7085 7445 8104 8243 8527 8736 9542 8682
27 3611 3701 3914 4034 4126 4181 4221 4251 4325 4483 4497 4988 5162 5720 5786 5982 6079 6249 6527 6555 7137 7465 8160 8535 8567 9642 6673
27 3709 3765 3932 4050 4156 4231 4273 4341 4527 4533 5198 5800 5804 6048 6119 6288 6417 6571 6896 6984 7145 7567 8179 8555 9208 9679 5685
28 3775 3833 4006 4046 4144 4307 4315 4413 4559 4579 4657 5200 5782 5820 5842 6075 6223 6326 6443 6589 7193 7250 7658 8323 8770 9576 9705 5276
29 3815 3972 4068 4152 4309 4377 4385 4457 4577 4647 4687 5124 5281 5438 5808 5947 6111 6302 6343 6604 6894 7254 7266 7687 8393 8788 9582 9912 2776
30 3827 4060 4088 4175 4313 4387 4465 4521 4641 4665 4921 5289 5611 5840 5909 6147 6282 6306 6387 6678 6682 7211 7274 7818 7892 8433 8685 8810 9900 5678
32 3831 3877 4066 4122 4195 4227 4323 4395 4545 4679 4857 4990 5291 5347 5428 5848 5962 5972 6175 6334 6487 6734 7095 7302 7451 7902 8647 8802 9524 9759 9934 4820
30 3873 3902 4166 4217 4219 4355 4487 4575 4691 4833 5064 5404 5661 5830 5854 5994 6338 6353 6628 6712 6736 7325 7391 8010 8742 8818 8955 9713 9805 8218
24 3875 3968 4170 4239 4249 4391 4393 4589 4785 4941 5309 5488 5874 6006 6365 6403 6724 6788 7403 7469 8014 8772 9025 7100
30 3922 4259 4279 4415 4495 4597 4745 4799 4889 4929 4945 5442 5766 6010 6026 6433 6521 6714 6758 6760 6792 6827 6875 7497 7862 8126 8633 9065 9962 6490
27 4052 4303 4311 4553 4621 4809 4831 5036 5279 5480 5694 5768 5828 6024 6044 6439 6565 6768 6839 7241 7535 7904 8102 8287 8836 9069 1181
27 4078 4327 4455 4567 4673 4885 5028 5096 5550 5770 5905 6063 6253 6375 6451 6726 6853 6900 7507 7547 7565 7954 8229 8427 8838 9170 547
28 4189 4349 4481 4529 4573 4627 4795 4931 5012 5068 5192 5818 5834 5974 6129 6345 6453 6802 6863 7070 7571 7920 8209 8411 8451 8929 9572 6506
25 4397 4503 4535 4587 4639 4703 4953 5070 5311 5327 5852 6137 6399 6483 6539 6861 6877 6938 6964 7599 8136 8449 8965 9342 3909
26 4433 4507 4607 4629 4677 4887 5010 5074 5142 5222 5329 5913 6143 6457 6545 6851 6924 6940 6958 7083 7627 8173 8485 9620 9878 617
28 4447 4543 4655 4739 4903 5084 5100 5238 5412 5998 6018 6187 6591 6624 6644 6946 7040 7093 7646 7685 7786 8181 8275 8531 8852 8985 9886 8845
23 4467 4469 4501 4697 4867 5022 5090 5297 5420 6085 6272 6670 6698 6962 7064 7373 7749 8030 8635 8905 9198 9924 7094
28 4473 4581 4701 4715 4817 5052 5138 5146 5277 5382 5440 6115 6298 6692 6786 7081 7103 7225 7479 7780 7814 8357 8951 9061 9063 9508 9978 3157
22 4523 4661 4671 4717 4777 4933 5058 5168 5293 5384 5578 6145 6213 6471 6696 6841 7127 7826 7874 8359 9101 2796
25 4611 4751 4909 4976 5126 5170 5176 5355 5474 5584 6183 6310 6429 6684 6706 6930 7129 7133 7314 7940 8361 8467 9176 9348 4490
27 4753 4757 4769 4917 5020 5144 5166 5188 5218 5301 5490 5647 6191 6367 6612 6716 6742 6837 7141 7573 7956 8048 8405 8521 9013 9364 4105
26 4759 4765 4803 4957 5066 5210 5224 5228 5303 5315 5343 5508 5951 6449 6581 6646 6772 6904 6968 7143 7262 8064 8557 9306 9450 6751
23 4773 4937 5082 5307 5323 5369 5514 5964 6585 6728 6829 6873 6998 7155 7181 7189 7333 8086 8301 8719 9318 9813 9633
25 4797 4807 4996 5086 5102 5351 5353 5376 5406 5434 5530 6171 6318 6674 6780 6892 7012 7159 7217 7357 8098 8473 8738 9374 6619
23 4801 4805 4951 5112 5116 5182 5390 5502 5597 6648 6849 6908 6996 7018 7221 7231 7433 8303 8397 8748 9486 9948 4908
25 4891 4949 4994 5128 5148 5313 5396 5496 5601 6672 6813 6948 7044 7248 7292 7425 7447 8138 8457 8806 8881 9146 9496 9789 8302
21 4935 4980 5008 5134 5226 5416 5424 5510 5568 5603 6918 6954 7058 7171 7353 7495 8705 8863 9210 9514 1454
21 4974 5136 5156 5244 5436 5446 5512 5570 5659 6225 6976 7072 7099 7365 7563 8403 8822 8923 9468 9536 4222
25 5014 5130 5206 5258 5448 5478 5506 5700 5856 6357 6914 7000 7056 7167 7385 7437 7585 7635 7762 8703 9105 9206 9602 9950 8542
22 5030 5263 5460 5522 5556 5704 6069 7032 7076 7157 7199 7499 7591 7832 8056 8419 8525 9009 9298 9402 9608 7490
24 5046 5160 5333 5542 5580 5639 5760 5802 5879 6185 7036 7068 7233 7310 7515 7676 7808 7848 7964 9125 9472 9652 9819 737
24 5062 5325 5345 5349 5400 5619 5742 5748 5822 5976 6233 6531 7131 7213 7237 7258 7363 7615 7733 8016 8800 9137 9550 8763
20 5254 5388 5456 5637 5772 5838 6268 6800 7195 7276 7587 7681 7737 8034 8054 9142 9234 9574 9610 2729
23 5462 5516 5520 5671 5784 5862 6097 7091 7282 7288 7298 7431 7757 7778 7834 8082 8156 8379 9005 9226 9638 9691 2025
22 5472 5534 5574 5682 5850 5887 5935 6276 6385 7209 7290 7491 7725 7836 7994 8199 8331 8869 9386 9715 9849 8308
21 5476 5566 5680 5706 5911 6296 6666 7284 7300 7321 7493 7888 7912 8116 8233 8459 9230 9578 9775 9859 699
21 5482 5492 5564 5669 5714 5925 6163 6515 7243 7308 7509 7557 7898 7932 8158 8259 8947 9396 9656 9972 9335
22 5500 5528 5675 5696 5724 5744 6036 6057 6274 6300 6523 6606 7312 7623 7656 8028 8269 8671 9294 9566 9843 5221
23 5524 5532 5726 5796 6099 6205 6312 6567 6690 7345 7377 7429 7549 7739 7844 7924 8175 8217 8271 8997 9432 9926 9377
22 5552 5595 5740 5826 5860 5883 6105 6215 6328 6630 7062 7355 7443 7589 7792 7882 8168 8291 9083 9512 9938 4075
20 5613 5653 5794 5868 5901 6167 6361 6473 6708 7387 7459 7860 7948 8124 8221 8313 8367 9085 9516 8729
24 5645 5756 5881 5895 5945 5990 6221 6286 6535 6740 6847 7407 7423 7701 7962 8140 8223 8295 8319 8321 8429 8973 9532 3397
21 5673 5846 5949 6262 6304 6359 6547 7024 7135 7503 7525 7830 7846 7884 8148 8283 8333 8491 8537 9614 1902
24 5798 5889 5917 5968 6000 6016 6341 6369 6553 7038 7268 7531 7838 8020 8066 8279 8355 8373 8401 8425 8495 9144 9644 5715
19 5832 5903 6030 6073 6125 6389 6559 7078 7097 7409 7672 7766 7990 8038 8329 8461 8563 9711 9225
21 5919 5939 5941 6032 6113 6123 6379 6393 6750 7304 7473 7753 7958 8094 8255 8341 8497 8571 9316 9801 8380
20 5955 5966 6117 6177 6211 6395 6419 6944 7105 7727 7802 7928 8106 8142 8475 8519 8587 8643 9693 5676
20 5984 6046 6237 6255 6280 6409 7046 7401 7776 7824 8144 8185 8489 8529 8667 8804 9017 9518 9807 1019
21 6042 6093 6155 6278 6292 6411 6437 6738 7111 7415 7816 8008 8231 8345 8597 8599 8758 8921 9530 9944 351
19 6151 6231 6284 6322 6427 6652 7163 7419 7906 8189 8337 8371 8601 8621 8707 9156 9480 9783 347
23 6197 6245 6351 6421 6485 6519 6676 6744 6978 7405 7455 7942 8191 8335 8435 8509 8675 8713 8764 9021 9162 9946 1357
22 6227 6294 6363 6407 6481 6551 6686 6764 7483 7629 7664 7950 8347 8507 8639 8732 8867 9077 9174 9266 9896 3178
20 6229 6257 6347 6445 6616 6752 7316 7597 7670 8213 8413 8591 8762 8780 8975 9103 9528 9626 9701 9333
18 6330 6425 6459 6563 6618 6817 7660 7703 7709 8215 8437 8455 8661 8796 8999 9262 9749 3624
19 6423 6461 6463 6509 6622 6859 6994 7693 7743 8245 8505 8605 8814 8871 9011 9426 9709 9779 8809
17 6475 6620 6634 6902 7541 7745 7784 8122 8253 8611 8752 8842 8883 9047 9534 9920 6066
16 6493 6658 7054 7278 7755 7812 8325 8369 8659 8826 8901 9119 9596 9624 9922 4806
17 6497 6595 6664 6710 6990 7227 7876 8391 8623 8665 8915 9091 9196 9214 9671 9928 4932
18 6507 6543 6597 6640 6718 6746 7028 7369 7916 8040 8309 8499 8691 8925 9232 9264 9717 2174
17 6557 6600 6748 6766 7022 7117 7880 8000 8004 8150 8511 8721 8963 9252 9276 9998 1743
19 6610 6754 6756 6794 7016 7201 7296 7561 8036 8042 8573 8734 8855 9043 9256 9290 9292 9560 4780
22 6638 6668 6720 6778 6790 6815 6912 7087 7239 7347 7768 8076 8211 8493 8617 8824 8989 9081 9312 9630 9683 1910
15 6770 6819 6869 6966 7327 7359 8154 8289 8677 8832 8844 9135 9326 9400 2484
21 6796 6871 6910 6922 7149 7349 7489 8235 8469 8477 8760 8808 8857 8861 9158 9160 9334 9344 9424 9564 2216
23 6808 6845 6857 6928 6936 7109 7147 7185 7375 7379 8249 8483 8603 8655 8794 8859 8899 9228 9250 9390 9430 9570 9525
17 6879 6888 6890 7020 7177 7203 7393 8251 8593 8889 8907 9216 9278 9448 9552 9588 1073
15 6950 6956 6970 7026 7286 7441 7960 8349 8541 8689 8931 9222 9414 9598 8626
16 6980 6992 7042 7151 7361 7513 8263 8389 8441 8723 8877 8939 9280 9616 9757 1624
15 6982 7014 7060 7367 7381 7467 8377 8627 8917 8943 8967 9300 9458 9666 3891
12 7006 7115 7161 7383 7605 7866 8517 8728 9007 9434 9668 8720
15 7030 7173 7191 7485 7607 7691 7751 8581 8687 9029 9218 9370 9464 9673 8982
15 7175 7183 7219 7323 7519 7603 7621 7800 7840 8641 9035 9051 9490 9681 4572
18 7179 7235 7329 7351 7543 7637 7872 8463 8812 8993 9056 9087 9332 9372 9618 9707 9823 9551
12 7205 7331 7575 7668 7719 7878 8423 9067 9089 9466 9729 8900
15 7229 7335 7481 7579 7625 7679 7896 8645 8840 9093 9127 9628 9763 9876 5827
18 7256 7337 7395 7421 7449 7650 7715 7870 7944 8022 8848 9178 9368 9502 9739 9845 9902 8135
16 7343 7397 7581 7699 7721 7842 7910 8553 9186 9220 9254 9412 9664 9769 9996 1598
13 7427 7439 7648 7707 7723 7952 7988 8649 9260 9482 9677 9833 947
14 7475 7689 7790 7974 8006 8285 8577 9270 9274 9376 9500 9654 9809 4410
15 7487 7529 7798 7976 7980 8012 8239 8673 8828 9308 9420 9526 9703 9906 213
18 7511 7569 7611 7864 7890 7992 8046 8050 8365 8873 8911 9314 9442 9548 9689 9821 9855 5956
12 7539 7695 7894 7986 8072 8201 8679 9059 9338 9562 9793 5292
17 7545 7918 7922 8074 8108 8257 8375 8609 8897 9107 9240 9436 9634 9771 9815 9857 2382
13 7609 7946 7982 8162 8281 8569 9133 9554 9658 9835 9839 9862 7682
15 7613 7984 8026 8052 8193 8277 8293 8746 8790 9172 9660 9733 9908 9964 4258
13 7633 7639 8080 8118 8130 8237 8381 9182 9324 9737 9910 9952 9877
10 7662 7794 8120 8261 8417 9184 9310 9781 9970 7009
14 7674 7735 8128 8134 8273 8421 8711 8756 9238 9350 9725 9870 9976 1215
13 7760 8152 8170 8297 8327 8439 8549 8651 8754 9272 9362 9851 2280
11 7782 7822 8166 8431 8445 8575 8726 8798 9380 9853 3508
9 7828 8177 8227 8471 8681 8834 9406 9675 8476
15 7914 8183 8399 8481 8503 8547 8613 8615 8663 8865 8913 9622 9880 9954 2260
10 8044 8205 8415 8625 8693 8933 9394 9648 9990 8330
11 8078 8090 8207 8513 8697 8937 8957 9456 9753 9994 2891
11 8267 8447 8565 8699 8701 8991 9121 9745 9795 9986 1797
9 8299 8339 8717 8766 9242 9356 9864 9936 4083
11 8315 8383 8523 8740 8778 8820 9027 9302 9546 9892 8222
9 8407 8543 8875 8949 9033 9097 9494 9898 4145
10 8453 8545 8657 8850 8885 9073 9115 9258 9504 7065
9 8551 8653 8903 8919 9019 9095 9322 9540 2546
10 8561 8607 8927 8969 9039 9123 9139 9462 9803 8426
7 8579 8971 9079 9150 9590 9825 473
8 8595 8669 8977 9129 9428 9719 9831 6510
6 8709 8730 9037 9190 9721 3242
8 8786 8961 9075 9224 9268 9761 9777 4694
6 8983 9131 9286 9484 9773 5201
9 8995 9031 9117 9236 9352 9378 9454 9874 8500
7 9049 9054 9166 9304 9382 9974 5360
5 9111 9200 9384 9980 5867
6 9168 9194 9202 9408 9520 8526
6 9180 9246 9336 9416 9640 7069
7 9248 9366 9470 9522 9592 9735 8584
7 9282 9288 9460 9492 9606 9612 2930
6 9284 9498 9506 9636 9751 6872
6 9328 9538 9568 9632 9817 9381
6 9340 9360 9584 9646 9785 653
5 9392 9440 9685 9811 3417
5 9446 9695 9699 9884 743
6 9488 9662 9743 9755 9956 4123
6 9594 9727 9747 9787 9966 6556
5 9791 9797 9930 9984 9796
3 9868 9940 8833
3 9872 9942 8027
4 9888 9890 9992 5171
2 9960 281
2 9988 3452
1 6975
1 2182
1 6190
1 8346
1 8948
1 4474
1 477
1 1442
1 92
1 569
1 5533
1 8642
1 9309
1 4182
1 9708
1 207
1 1003
1 9704
1 5896
1 8791
1 3782
1 8532
1 5262
1 5411
1 555
1 6080
1 2524
1 2742
1 3034
1 6277
1 797
1 8962
1 5346
1 1223
1 9229
1 2394
1 9597
1 8534
1 4632
1 9327
1 791
1 3234
1 4013
1 6210
1 3790
1 6765
1 4602
1 1822
1 551
1 7324
1 6957
1 4776
1 6526
1 9736
1 1961
1 565
1 9919
1 8095
1 6578
1 9026
1 9545
1 1103
1 8418
1 6152
1 8462
1 4782
1 1341
1 3464
1 4079
1 5304
1 5531
1 9891
1 6697
1 689
1 9108
1 9311
1 3102
1 6552
1 6295
1 1261
1 5045
1 701
1 4564
1 811
1 883
1 1702
1 8178
1 9519
1 6438
1 3600
1 8336
1 901
1 243
1 1700
1 7835
1 8684
1 3002
1 4442
1 9411
1 6866
