46
0 344
3951 53602 28809 53941 48814 45358 11007 80118 28604 15755 35444 87833 25170 65211 1177 62860 35319 27615 84835 59278 42434 89805 70381 81264 86920 60041 20380 71381 54810 84637 5683 94267 72715 4731 6973 86242 65856 77669 89610 11917 3313 34608 46257 30475 91648 17983 39752 99650 80160 75458 54534 84991 34505 18369 83832 65316 35983 3342 95567 38494 34541 20438 67555 99630 93817 96897 8024 28322 79283 71846 45572 42800 83261 99567 19369 48946 59126 29655 14769 10284 52090 59703 54633 6093 96284 20886 40455 85982 8930 86227 52050 13782 52583 21671 71589 35512 37925 6600 62436 80909 1734 88953 45680 2500 93078 64658 37116 74985 41060 93968 74784 35661 41289 37567 87332 693 77763 67516 38069 23954 42126 89917 9027 50317 93442 30262 73467 50872 42332 6580 44616 32366 69055 42557 7292 50047 85336 12286 23462 42234 5610 92963 97495 26528 986 71630 38677 31633 22510 7180 76197 36490 39635 81797 13975 50625 12749 55326 30407 52906 86342 89497 63263 22580 51722 4290 39496 34373 72752 2885 82252 14100 56286 24972 38183 35197 40929 4476 80354 18709 12261 28683 62989 8602 50592 76166 44402 83834 43162 45410 80191 8351 32237 7072 43658 56984 27656 39973 92380 25592 44167 386 3066 40061 38880 67463 29026 29259 19265 63214 74214 50618 70371 52465 97566 25685 63100 66827 9591 30623 92730 44902 85368 36651 52440 98726 2797 1970 54664 91345 48125 4213 27863 25355 43297 47044 80092 42729 2407 60979 82801 9441 55913 58636 2926 5325 34352 33315 71126 37903 75179 43074 10108 86636 22260 30769 92397 77738 75985 45717 62548 96727 41469 593 47842 67732 73947 2846 50523 18877 23922 38182 74650 96360 80650 74370 53706 39492 73153 83655 26092 83315 18088 94965 7563 17880 32267 4374 37367 29628 56271 6970 11006 84948 9069 17643 86413 61524 4328 8674 89603 71844 80636 85867 90797 85809 41328 85925 35107 96613 85964 71970 98633 32003 60944 73775 49538 27998 41071 22599 27933 46583 7481 79315 81433 91865 4113 65959 50394 77895 49247 39198 78361 31819 79038 24867 58955 9857 64691 64075 37940 31470 31074 12421
2 42
4967 31577 20417 33458 94531 25309 28336 81648 18725 14231 56751 40238 91892 46105 92753 80121 75008 61729 3694 15822 22850 37448 57618 990 94927 80013 29076 15378 47713 28678 9816 32282 21110 63065 7988 18731 20070 73076 94929 4797 64189 59076
10 372
88451 45531 576 6100 51502 42416 31021 85654 87189 96370 8427 43686 28920 46376 15481 61714 89312 84146 40921 42793 78267 76430 15393 54106 25116 84316 60920 25262 85747 95583 30029 34993 40416 44857 69427 28921 12367 86896 74541 59708 39311 95392 79388 17202 16027 57697 36378 50032 85304 30551 57287 99763 25617 58766 20333 39921 38181 20422 10167 73988 39327 11034 72441 24407 73101 83449 85242 14911 34244 12571 9087 5675 999 85606 30867 56470 84300 47077 725 64399 45269 62063 86294 81938 43237 55627 34299 20172 68921 30388 50120 6133 95195 78903 28204 15233 46942 93513 48460 10828 64589 34944 78842 37307 13326 18732 54338 93641 56941 87352 74469 45226 46615 25459 13134 30056 92120 7318 47710 22566 77920 31669 55825 24098 15000 93354 12129 12953 73676 45988 71504 40126 42445 76808 15043 26365 37181 36391 4615 69080 79570 14129 77717 69463 45235 42668 6953 31350 30612 90969 78594 49479 20323 74119 82184 4741 7745 48598 26319 86156 84242 9735 76568 86370 46702 6520 81383 40324 62015 70825 9156 2296 22431 168 59091 31629 3972 22745 33057 67412 49365 36546 18345 21832 40743 72225 27716 16703 30688 36403 86880 5693 59587 32740 74115 53072 27121 31546 60939 77223 89342 43302 99956 22742 9363 37524 79926 93457 82970 46711 39219 25963 37446 29249 9989 70303 89592 65059 15159 82662 18290 39445 63480 36905 72644 97309 67606 74933 57983 77069 44294 23646 6244 67417 88671 18079 47565 41449 47856 15703 7905 62351 95880 80657 38095 83125 29379 9504 4257 12068 50442 50281 17268 7708 1120 91079 27934 47629 17359 79211 79827 36650 19831 23021 14238 79850 50437 12427 90872 74720 23505 88118 30884 95090 46271 23547 11783 1352 64565 77921 10798 56866 44835 57206 56315 58594 46187 82781 42147 72858 12760 60074 32461 35897 54599 54473 88287 4383 60676 34881 2863 56173 13511 27181 79092 93106 97338 86369 21703 11453 91913 24503 73539 15643 85565 17005 29300 38382 73107 36277 30765 31377 34690 75401 36057 78602 45196 53758 51570 14066 25795 74277 67496 24429 78374 81233 82823 47643 94059 42763 24338 96930 67275 37659 88411 15394 59840 59914 55751 81116 37485 66099 20633 21920 75121 99291 55333 45 91326 34966 66147 578 12693 15283 24233 3424 70815 68241 16674 28429 35947 63490
13 2
27540 35977
14 356
1968 2938 58155 98414 92468 19019 43543 9458 24625 73444 55925 43779 74619 12177 49576 41030 97696 26927 95454 95458 63256 49379 23758 84153 72065 18069 78629 34797 47959 72217 42288 16841 32644 22302 7921 18857 20268 87879 1932 65062 81179 94230 21286 11990 73009 75463 91814 23233 54065 90399 86532 2625 9684 90912 10910 61447 71146 75088 35580 87647 75947 42697 83438 5453 31658 85107 44847 81065 74402 7329 70565 48305 51709 19350 91467 17597 79791 47396 8324 10111 76609 4142 21066 7494 68409 16805 60846 88025 94606 62804 46011 75879 41422 27805 28950 62979 91649 87652 74436 3085 1920 66087 42305 57773 67927 46980 14198 46386 14861 8134 51080 76451 80308 28025 33114 665 30438 94416 18012 47721 91002 94599 83585 1643 11120 7382 11408 88598 93754 84742 75711 76897 92255 932 18161 21603 23312 87911 13862 95501 29953 89729 27838 69955 82916 48561 75399 36494 47453 6875 3345 14234 75207 82445 53654 83139 3531 47240 61989 20885 23769 43370 61250 69252 31206 73800 12209 95085 81158 18881 46881 84768 84072 3514 6060 85613 97984 2636 43241 92913 64971 21768 67345 19024 96464 41117 83430 53499 10857 83418 5231 63230 77024 17743 31409 50766 2363 37632 34426 55883 34089 60998 16565 63629 88311 11674 81800 6108 3112 57127 85436 17850 78510 31162 26530 93413 47387 97442 26073 55382 12848 56561 94046 71783 73513 32304 10407 41233 11247 71722 54285 6243 42097 69919 62190 39065 9596 91508 90441 94822 77838 22231 33305 5417 54578 7269 32396 80380 48564 36710 98911 54762 47280 74532 12517 26865 80469 5601 64719 85983 4707 3835 18462 28804 34011 30360 89090 68440 70194 74694 31555 50189 1987 36066 41946 58331 37960 16149 76371 98466 52197 91003 16881 56207 746 74785 5219 82653 59559 21383 71155 93728 13167 7431 6390 95669 29266 65519 77683 98994 23810 5053 64741 59028 83481 82290 98280 28734 55805 99127 61163 61263 4548 15094 49327 76221 8215 87853 58053 14154 29672 57497 33835 56378 12174 5889 76627 49314 28856 16560 34359 44853 3322 1158 35799 49085 93463 33588 43360 5626 15631 23891 80634 899 94424 38662 18909 31906 42180 81772 98437 14620 18808 74696 77961 7851
17 261
45257 1075 40628 66431 9494 54346 58179 12761 2883 57031 68736 97155 43542 21039 64471 1375 92422 13368 23586 40771 42214 17022 44202 69785 1208 82436 49423 93812 89017 55693 29555 56261 79528 48986 23031 32998 1676 41957 38975 838 74398 76206 72047 24725 25555 7099 16466 6462 66474 69844 40695 66744 13807 58614 20101 60650 48497 8856 16313 77078 26856 61109 4490 80649 8434 69707 34249 80808 35595 42969 43758 95172 88110 86766 64074 45815 6625 63203 64630 99972 18524 97369 22596 42473 28504 86571 98799 90720 80226 89776 8923 9711 43839 87846 57262 40099 28770 66108 95859 94141 51414 15212 45392 7743 34977 78454 85888 59233 63255 24724 72784 18883 53958 42387 38879 20111 94158 78596 87428 88033 46116 87792 13322 4974 21772 24612 51143 83220 90044 29925 32380 26097 25367 11596 56608 73846 68226 21641 35503 84283 602 48275 36109 30762 97204 94971 30239 19144 62907 49851 17536 18025 73534 56353 51340 48175 45956 61126 25223 65942 92816 13041 21007 21272 95623 40780 91946 69430 64259 35411 98775 99491 18906 13287 54453 12725 31762 58810 30193 69965 59288 63271 21609 53834 69295 86323 41308 41044 87135 7985 44791 28225 81937 37637 88155 34900 34915 19125 43222 48214 95571 79981 4170 96489 2110 24675 99689 93184 77331 68150 79238 23106 62295 36466 60643 14500 200 51895 68406 1640 63434 10466 78810 39537 33046 44267 78488 33511 37279 82622 13409 59391 53715 84011 7356 90822 45030 9113 45690 23708 3716 72401 69861 61820 71088 86889 73706 31964 58346 81854 65911 40977 66025 73268 64638 20392 74835 37819 41960 87073 47149
18 324
91656 65553 50977 61192 99743 72008 80708 43167 96879 9063 93222 42993 82885 64859 37514 64923 65893 70596 23826 72043 58089 22694 7009 56714 27307 39250 82652 83966 34185 61666 78218 45206 10619 85811 44156 76327 12079 57191 75502 33960 21127 73935 6527 3985 26961 23676 41023 26323 15202 76964 68664 61492 96793 69748 94175 45887 13098 18293 16862 34443 71946 69670 33717 6173 73823 88777 47118 57864 33325 90274 63304 14954 43401 56179 26225 31182 29138 40425 4901 29113 57361 82373 69242 85923 28176 76668 42825 36744 95510 6762 33141 4437 47697 63944 42237 96762 19431 84545 78466 11404 5770 84571 658 50126 3418 39108 22756 67920 79560 15763 69599 31166 42396 71205 94775 88846 93791 10540 45096 48023 64212 87500 16924 32055 71056 46832 57852 20465 3895 27639 31268 89851 17462 94241 48867 64905 63764 33890 40871 202 64739 25482 44328 16557 22000 75875 37195 95798 4856 12435 32702 31165 90390 56296 24171 52094 4121 49194 49609 59095 48015 98401 9347 41358 72418 68058 5147 47122 77529 37535 87013 92918 51739 33913 23558 45342 55372 54693 87001 8752 66799 20930 31028 30091 9926 69011 11364 50478 14660 3499 44126 60162 73824 90604 93398 74596 84476 5406 7015 80763 25753 90932 93362 18055 81574 8418 56597 67027 46012 81547 75148 88057 57474 97271 92048 83669 11930 90165 97011 32019 7386 95419 54784 15884 78684 4929 8859 58378 34415 95374 66609 72128 95254 67089 89969 57790 47325 4409 90365 35636 1869 16663 38724 54472 40942 96900 76571 63952 69205 47104 8169 66287 79431 96346 451 87242 36510 87547 49846 49572 71886 74808 86487 80455 43994 23208 23389 10774 6616 11122 25000 47653 19980 99039 2089 40270 7441 9753 65173 79108 1967 25502 20947 55367 21312 70415 39900 43002 93987 54433 39624 92580 15015 81313 84823 56288 56362 66414 52865 35212 33253 37962 67386 47626 75451 89685 94403 95800 81500 2925 13297 52222 16457 50956 55591 95788 48418 12516 8059 75277 51556 870 80001 36809
21 320
6246 81491 63175 33763 90995 27488 88989 63215 1710 8796 66247 23791 78154 79214 77613 34691 81066 59896 92674 74854 11193 46222 26677 93343 90824 71370 20207 92999 50730 11337 37701 43956 26496 90943 96417 45592 4416 87838 20824 1169 77979 59691 77218 80252 52028 66387 10676 34129 76219 39702 15604 83485 49258 92168 46939 2742 9592 92058 5006 17236 94069 55831 21280 29237 76677 93796 50460 69990 17053 81896 92742 99692 77397 22307 49916 41394 77537 80326 12136 66644 36135 39325 40890 46246 83318 52359 97738 2720 29104 76606 21223 82344 10263 68085 22343 24365 41346 13321 4219 47558 7574 68562 23317 62828 8107 54054 23655 91218 23396 30644 62922 80597 47930 6117 30487 27585 63615 73730 30855 18135 63938 44596 3337 8747 33049 62839 2051 61863 67299 81319 12369 59246 42165 4058 37688 10624 29198 31548 60502 7501 20251 83672 13390 1547 65951 82199 23915 57915 922 48205 77201 28138 51209 39541 22090 53154 84149 62329 30104 22216 40922 31974 4919 31083 60909 11258 72811 93353 55621 14935 47030 59720 69847 759 58086 90015 11497 23740 16936 37073 43989 17059 20655 51031 19 8970 50707 80169 42732 71302 50874 40582 73517 79563 73455 6899 84424 23513 50504 78169 85588 84732 98096 59108 186 89170 6054 85694 47008 32550 48137 30015 92489 45357 89246 34441 82196 63371 58873 65532 64101 85312 56564 70508 74254 91808 26741 13053 59652 72989 49949 45708 51480 59483 6435 15820 56816 37907 90960 17715 42044 92546 13171 54158 11505 86249 67994 5026 61178 59436 40391 48790 47939 1493 16658 93407 34972 3660 61360 36098 28934 6538 354 25437 18545 46577 33464 10692 7756 23600 8447 72370 44633 47350 50097 85025 54718 51178 63111 95834 30653 5791 14346 87056 28083 70413 99931 6696 42364 69684 96616 92656 68189 16539 38115 37978 59462 31181 61937 17509 3396 5469 46321 80829 29420 5333 49997 29573 30863 2666 33928 27948 97822 81360 8366 23845 87512 51118 51232 88195
24 300
53086 64216 12157 65966 37544 15241 30426 67476 11379 44118 93518 41440 34659 41466 66529 91770 48168 44512 52861 57530 77008 80884 40796 85961 44116 74083 86479 69326 47828 61671 10246 50717 26035 1460 41805 49464 46500 35663 5424 34227 63420 57054 54536 20526 19917 99663 11396 57421 24468 97311 61403 26277 36853 18389 58704 68383 99585 46611 57363 1209 53962 10675 34763 53686 52964 59034 79726 50425 64677 74054 60675 37966 53984 78069 58035 2620 26771 36376 94370 21668 73409 31907 84825 23374 18706 25894 19517 74106 34878 58569 25373 58000 69166 78064 76560 10479 5467 89272 77713 22717 58869 58326 83546 16276 89341 88361 36138 85196 15633 40047 21325 74458 82340 92145 11800 17210 71689 44364 74271 46768 49410 42597 55437 15573 91517 6453 99904 51563 29406 92910 14136 42828 99944 36702 42693 9565 19078 35002 56449 26899 45806 5459 39323 75962 39591 80028 469 25695 35726 95486 78322 86787 83738 5139 91223 94942 80094 57711 95509 49151 58999 55365 29008 53749 17266 38261 81195 52494 86407 49982 41975 74507 16332 14510 26975 69758 33625 76263 49299 9960 82747 55813 64771 43455 67797 67404 37013 74655 86555 28971 91530 48838 77092 14820 80061 37847 51748 96558 83038 28271 88276 70750 12863 4312 40926 41316 29535 14427 81721 70597 71939 5479 54648 45963 45938 1994 35930 14938 31575 70864 1659 25048 43667 25197 52955 1959 15677 59322 15909 48834 27031 79618 94675 82062 20733 74403 92774 68744 28802 29880 82918 37104 65636 7136 96202 29470 10870 19349 30450 55262 19077 30985 69807 36327 41128 68859 9066 61868 55222 21706 20734 35720 31121 9670 17531 68378 47852 3417 81944 18131 18149 52920 41824 86860 78257 34533 15021 28727 309 68567 66589 48832 90477 35067 71067 42311 63047 6607 3113 28976 7603 87823 92013 53496 1898 45750 36265 45259 74510 13285
27 298
11962 48688 9444 40689 72891 11489 18210 99850 55834 2425 61488 6556 58487 60881 5837 13614 48201 31041 1387 87437 52942 95971 63945 72794 71449 60194 15275 53221 66789 21533 14915 19912 8551 65100 20142 71562 89356 3037 52098 6790 99898 47310 15517 36395 83355 1477 51399 23675 12091 18349 39425 3036 61839 80607 62938 47708 96061 52648 75837 41375 99182 27164 73124 20729 38818 70204 25093 35985 54093 41306 58666 50588 57639 36513 80795 33805 71199 59904 15063 75257 85359 63955 20137 57566 87012 24246 43105 26179 37604 20955 54030 7413 42488 98908 64910 93708 64352 80367 52939 94534 55397 86971 93798 32580 91082 75826 43685 99175 56680 33138 81064 11725 1792 89381 29054 32584 82398 1291 1189 22303 50795 82393 73940 78359 7392 77855 20965 7242 128 13467 69499 55238 58829 49784 72289 83101 57758 14537 68573 56073 80293 76130 10507 83888 85414 50655 29509 21995 59761 97817 13216 92067 88038 94892 31782 52016 30727 70891 28648 78141 98723 48232 69575 64446 21091 57244 83048 68733 90806 52619 84659 67554 95212 13492 68424 20007 27896 93619 78307 95481 54556 48122 79639 76199 97537 96048 68106 85520 93025 7419 54220 68772 37148 66109 68265 52041 48763 83507 39742 91932 31740 89537 2698 15968 38530 25784 2722 3098 59784 67492 44122 98645 28660 89139 67840 73527 87246 75981 41675 46876 45609 89498 4765 3553 13117 43783 2064 33947 84963 55102 77867 73810 24341 45051 18505 96887 79892 52293 62655 39386 14991 12982 28287 14085 11756 45610 66081 28624 3898 4417 43944 89552 20157 16224 59037 43703 82545 35236 24926 70039 66648 37508 24996 38710 11626 19887 42309 53914 48020 1509 60028 83271 86786 73052 15893 6427 52726 19563 33139 27555 27190 7033 8991 95061 14227 776 73080 82268 1176 91132 86943 57382 55798 7165 61436 37160 84183 76004
28 280
94988 89912 3247 29589 54977 97677 2400 18920 50221 71187 18683 82336 16770 30264 65789 8932 29901 17594 92264 97963 24411 92459 46587 64667 50268 43862 46499 30515 85889 86964 72902 13201 84312 21500 87780 20486 7734 81330 17584 30750 956 99507 44903 41067 29042 69324 44455 50307 75419 40733 96444 64697 91492 48660 29888 44211 23815 92839 58542 24905 2300 71675 52613 97254 4492 38361 20067 25581 76986 93225 82835 93801 60730 92099 69448 77704 14453 39064 41598 71654 70751 13678 2974 72410 17244 98724 65445 22546 21568 14444 15545 90531 5464 3148 26976 23923 92089 32498 2639 40754 40121 38928 34358 4757 50693 45152 8276 67651 7096 72215 84172 83270 79080 2683 31720 23348 34931 2351 91859 64553 11271 25945 60389 80153 75813 66046 33259 60486 88215 17265 67645 32127 63485 14071 10958 54052 36801 12172 31768 71868 39462 22254 58897 69763 93599 33401 36814 91719 97521 26517 45771 92609 76381 91867 46399 34102 20894 25155 6304 63678 26956 70002 50957 670 5859 24881 11371 81040 7252 9017 61784 13093 46392 63708 50253 23864 40763 54249 83311 72510 22970 16447 9141 74866 50769 72577 47498 65 33174 36559 8660 57648 549 57724 11476 32894 32568 83027 60210 31672 61206 6242 23012 48655 12942 58715 52890 65021 36099 953 53700 92226 98751 64071 65360 71539 53209 16257 46505 1886 54053 77652 79126 3726 52901 24695 28742 1178 50338 1827 74002 69964 36938 21955 23930 96635 21425 60281 58836 53690 18610 83154 1930 77616 28760 23583 81893 75005 51511 40403 35848 18762 10394 48019 94962 93959 27397 97026 87787 15406 80622 8831 32395 69740 76027 65353 33810 14143 66911 75933 54692 38599 87816 8894 74829 43069 94717 51149 2597 65744
31 274
84387 42871 48614 32206 72377 49970 9712 54174 8279 17689 77231 45106 68293 96263 43896 76474 67827 43305 96574 27096 40671 62738 7206 4564 32030 59371 28842 76002 23038 4283 51582 88695 41167 97170 51788 45368 80747 67839 91671 39668 85263 54769 17427 54291 75142 16212 30112 64861 77412 68992 41733 3927 11319 91281 5465 93273 20673 56782 50247 6993 2072 94723 38425 86083 53596 84882 18863 57146 39269 27642 99194 9258 5115 49591 92450 15462 66966 98548 52436 13125 25149 5300 90333 3073 667 74420 35723 24234 77824 37846 11884 64744 64281 14176 29152 9338 57844 53494 60629 20213 13387 66236 70837 83268 95144 71698 83916 64162 19875 76962 35468 49181 1673 29740 90116 70468 4848 57461 73230 62714 98364 30174 97151 41605 66133 74050 50976 89622 68764 64648 37859 7410 92055 840 81539 66865 12338 20378 98968 12968 46196 69703 70748 57379 98858 9916 98443 37972 55306 86881 61237 26400 23347 61432 81649 57437 18279 51736 76059 24743 4819 66307 28585 61919 67201 36995 73290 4092 32645 16208 37725 24739 15108 29921 91629 60550 80432 97463 54494 63499 78880 78075 62218 75222 11716 99349 60450 79949 12027 20828 63357 44810 16785 94972 12457 59084 35343 44094 30081 34411 80979 12832 6819 2993 30970 75624 45720 22459 96981 1973 23144 61564 19061 15387 14929 98359 36745 45582 72543 69835 66834 33008 68559 23624 58127 16616 23245 33381 24381 61433 22150 12333 35186 36762 23736 3389 99912 14914 9216 88733 93158 78132 63397 55534 48871 66204 58445 96134 18008 98496 38881 88653 71139 79141 98493 93383 9291 93981 83448 30060 2841 72407 65932 65967 28241 12646 93830 91039 21781 20095 45857 38719 77822 64453
32 113
50311 84623 30094 74031 28638 53781 13621 85411 55932 74624 35495 91126 52102 86473 45394 40315 15943 33623 10661 88279 24047 58363 92837 95726 25900 58108 90386 45812 12820 86275 26396 58596 86271 32000 10024 39543 94847 87268 73981 98532 58181 17047 68538 4046 77228 51795 1485 58462 29124 15095 27826 72183 54186 82110 45291 70910 11614 45276 51941 74837 54297 66250 87868 19600 49772 3613 83426 12063 17741 72452 92549 92984 45865 49115 17676 99014 70861 65141 91206 61108 4125 83645 38853 82664 51669 24130 15813 5119 88542 34240 13769 97894 67801 62099 28157 13236 97200 80139 8249 11771 45088 2893 76586 59518 70913 56719 93255 3392 52761 33421 78556 53449 52418
33 262
27073 8608 27785 12405 24606 30964 1667 81419 39007 99583 74466 37500 52338 97919 60906 94172 79483 60949 45142 2789 62477 48933 73556 59098 47747 18116 77422 42774 57751 73678 90171 4918 73543 33564 64756 65713 19530 17510 58013 46213 45721 77056 61212 10950 46085 79203 86995 1537 77762 26694 41082 41507 67901 92278 82649 48393 10803 36627 92475 99223 38945 72038 61418 26553 9723 28488 77257 77074 96142 54987 88888 27269 68675 83011 14449 85155 97775 8072 23633 22509 80684 18183 67596 48476 79784 32454 52835 34138 2557 55948 10764 36538 89146 84574 14000 47935 84140 6919 92195 7182 61946 37582 39734 38895 8770 57017 21526 20679 27583 16233 89557 71374 50881 35226 32160 56507 99543 14891 94191 17756 59208 42020 13268 73468 98398 14397 84102 53253 75105 19893 73325 40774 46263 17729 9783 43791 32198 47402 6439 38731 19103 90205 80759 55427 82863 35141 24854 77820 63132 33133 94341 51088 28089 8111 69898 1419 38033 96513 88272 7218 94087 81964 61484 42770 63685 85291 7516 99428 8951 94834 3557 88046 96903 92238 8776 21075 61347 18676 15972 26623 65825 39266 14056 11403 40556 53149 14344 41707 7527 96677 42661 3997 23090 7071 70385 71347 5618 10778 27014 64383 15674 10836 9985 1006 65093 62374 95099 71921 79481 47849 49799 67757 34809 39699 50978 65094 4808 51277 60027 91455 51954 62426 48693 43150 89416 80969 34980 98021 17033 53509 13450 16331 45901 95691 90248 9031 22655 97640 54235 35285 29203 52962 78175 39693 84563 24455 66422 46518 35254 83631 12987 96695 55129 74727 18700 30981 86550 4002 35166 67583 99796 38586
35 162
42403 91112 80315 42865 62469 31696 72305 1972 53825 44833 19130 50071 32176 19119 68376 47182 14827 75236 66343 74035 24428 62415 69441 97960 73247 44867 4642 39298 10893 95597 40740 33482 22156 88650 25809 11038 72948 98788 82826 40463 12098 1504 21930 77261 86411 81156 26692 85241 49150 71437 74478 1695 23319 33609 65000 64846 74313 39504 41955 13207 58499 70513 52141 23154 35369 50899 11812 11035 85014 17586 65631 24859 92482 30742 3792 48258 96389 12390 86498 12403 92162 49004 17222 23162 55915 35997 20289 76150 82515 80444 22137 43819 16933 46530 71185 27275 97769 8866 98526 5020 73783 17346 49840 27596 27728 783 39643 47788 91541 31991 4604 33053 9151 70155 96560 3948 63277 57339 49715 19075 64478 10679 83786 66386 15369 28916 59071 85992 53802 90093 56160 5751 87576 2212 25206 94150 33 64469 82161 89304 41293 63967 76351 89039 16542 56862 64306 73844 95286 14067 33899 13538 48743 10705 19155 30267 85195 91438 60777 46288 93716 64586
37 252
50583 66008 25835 35364 50289 79063 28313 65469 91657 31615 16246 56514 45039 49396 64920 69225 63931 47408 17978 87943 47401 90508 87757 21047 94785 54282 4560 41234 35604 63988 38825 18051 76155 86552 52692 57355 88771 26680 97915 83605 30108 63402 56937 12339 82443 84894 91327 64738 56382 88422 56645 59864 80911 22817 85569 84857 14493 89511 27587 58171 31280 47066 82456 96036 88640 66198 92756 50961 49948 4013 41757 42857 48108 82819 12479 58570 49184 25645 59607 81137 18989 26138 20776 57423 35469 55337 39813 36518 26548 89940 22732 54548 1903 48535 4354 40497 96840 71328 22759 95601 58947 44900 90339 37100 34551 81087 35610 68743 96502 81050 60280 98307 16869 36258 92419 17981 51696 10105 49750 27158 24132 94565 65032 22573 70548 14189 87541 61490 67938 5780 19014 30163 58476 56364 36150 44663 30763 56802 50575 29389 51527 66090 43616 33365 97978 44288 51712 57427 58774 10025 55272 75872 3640 87726 98022 64070 31535 19114 30025 36635 85108 69667 86317 91230 7651 24538 6199 15486 13419 4259 49169 5727 3377 42158 41173 87548 53625 74920 88742 33520 31992 8170 25341 13983 10050 47237 32841 79647 86272 2348 98046 71588 49492 97449 2073 16336 87461 67428 40775 42998 53845 97485 44678 48888 94910 58977 27692 84100 98780 19399 21274 35470 75731 49631 83723 17761 56376 23759 74524 28305 38527 1072 34343 93653 82357 10204 36636 86318 75709 26243 23492 96264 55330 19482 5432 4488 45413 80 37336 67666 6287 20096 93566 16209 57061 19027 3707 59798 89089 63104 27066 45302
41 71
43864 75426 28616 75919 84258 71224 10454 40320 59806 94789 13394 79549 12024 61726 31179 37692 51066 91967 5609 37883 26098 82736 22402 44651 39609 84262 39497 71999 48492 39125 24577 24937 26427 15308 98108 87832 65569 43088 20747 36198 4956 79633 30173 20760 44259 9648 25002 40361 57011 5620 69993 26549 64374 81140 81650 2840 89237 86281 89020 92034 49284 45707 32398 64491 95007 70242 7765 64792 35740 32974 71858
43 232
26683 68656 40220 79903 74525 2939 51435 42480 8315 10378 11678 38260 11111 26726 48395 23843 55477 28521 37454 50548 67826 93412 36425 59433 44003 68135 86813 3609 6595 302 53273 70792 37262 59319 70529 8543 43582 79482 41621 81512 80062 11912 50228 64087 87009 10766 83395 48795 38321 31177 16517 44389 38352 46320 77327 61024 95051 74549 16638 2388 6952 16930 43903 68421 77140 24266 52188 63935 96136 10653 2793 13160 61744 83673 98941 77360 3867 55773 76662 75789 7074 33355 96315 76960 99666 61006 42886 61830 69010 23608 13286 29816 56265 42726 68660 32307 77906 17621 8847 39128 17910 82887 31142 16321 26422 80604 82717 70291 77796 27422 80133 57615 85989 33933 25061 16107 19264 67652 7360 4278 60394 76422 39399 88239 43434 75755 10117 8417 68491 73960 51530 76777 68974 93460 86139 41931 21518 69816 90754 69629 88181 74788 26113 34588 76505 75765 85061 1283 29426 89094 57685 20738 13513 65460 63913 33151 13083 16717 89758 35722 82589 36429 19711 15399 29873 42035 83284 64975 90586 45557 77823 94973 6876 18147 33158 17988 85149 81021 73319 76733 17216 3861 23780 97844 48394 43563 20180 72317 61260 92431 30155 23269 64698 48840 43683 14216 17816 71973 65826 63633 13362 6253 73435 80662 45981 90410 25693 46435 2902 45044 45978 23512 94064 74893 71049 70333 98459 39431 46356 14562 80144 48517 51637 13962 18374 50565 40486 46572 70451 88627 67371 77571
45 228
50023 98639 56446 83130 99744 64657 93946 16054 23132 88039 72111 93267 67618 65503 90722 57264 12925 3706 52249 85407 21022 68343 45335 7781 89657 59356 95292 50553 61646 35393 14608 36227 57616 43596 11161 6590 27406 48061 30638 49710 73908 83262 89727 83524 49632 74940 61595 68351 64977 71956 93964 38820 39159 72849 7751 14787 2487 71055 59022 99080 17325 49443 74943 87448 31657 10557 44995 221 27828 50958 24583 14863 30350 35504 63192 65277 16341 52312 26172 64485 31505 35085 20984 59054 56578 78420 71048 51490 76212 18834 76471 59662 59451 26375 68297 77041 93205 21580 95789 4489 10007 41230 73085 32460 36275 14188 87916 39657 98503 71411 89006 16567 40374 13301 32792 61586 69885 16939 53317 57631 93851 38401 52654 90169 96979 89853 71951 87309 17435 61330 26620 41630 51701 92203 95052 92214 96485 41896 625 88638 8563 16822 23062 40074 61326 44675 38217 81058 9452 89624 6588 50775 86826 73252 93745 54835 16551 64659 31018 16524 44804 63465 9829 1101 98998 53454 15495 3758 25300 6740 16782 33821 36806 26837 58888 57281 92115 41400 56989 35696 30446 60416 4166 50147 43137 23650 15216 3404 82122 23883 69647 39416 17736 6985 41726 84240 94249 72359 83886 62244 77194 74584 20498 84837 82226 85053 50723 91456 72569 88818 90375 75610 15852 89101 7148 38452 32014 70904 55022 98988 27408 81791 66243 41700 44374 2190 70352 33414
46 214
85431 11447 69420 87670 43968 23999 49777 86567 23171 34982 56720 82842 98281 27330 12591 47911 67427 42978 21704 48289 57217 64429 46922 9129 15802 86280 67930 90624 50418 27553 55341 93785 63342 60546 35756 80176 6931 17269 85875 50607 695 42372 40475 89839 37036 98279 45983 40750 93110 74764 48625 65383 92667 77958 2645 88887 24045 31012 91434 36025 46985 32071 23406 57993 85050 9424 169 77313 62652 86513 90316 10142 52358 41176 40263 22608 2611 61675 46839 49273 81022 85490 63676 10302 54949 50636 78304 75395 82302 31332 60491 84367 24218 47761 10944 62174 63141 66215 81533 76939 17250 18187 94025 40057 2044 11064 54895 63302 68182 68490 31619 54345 69302 98567 46096 69714 78274 40887 61010 38918 71357 34747 44565 70169 52546 41037 69185 2210 79941 8109 49960 2174 61513 40746 20800 66504 54766 48248 12475 12518 91621 76805 67487 83444 4277 10501 131 98850 31503 21675 76879 51147 59749 99625 72900 76307 27661 96130 70983 21149 87426 53168 24226 97392 55724 13263 78620 624 16621 19367 31795 37410 28117 43412 53944 69610 22369 87594 63083 24318 30273 4244 12552 99562 94922 82476 16684 64509 81744 92108 65373 85660 49691 92439 7421 89604 83035 12551 13410 23750 25101 7958 78557 23393 99670 81362 7231 93589 79724 19710 23873 43328 80925 5110
48 204
3116 71872 7879 10397 8244 32945 48363 97625 80261 98802 70845 42754 76549 66102 70532 99516 98856 6475 50987 11772 47031 99116 36958 29525 80285 97116 97756 71473 8954 9555 33691 52994 29473 76871 79714 48788 15010 28910 5860 92979 19173 73159 75771 61446 8028 65990 52060 37300 38785 27720 77399 69939 64628 88458 50851 34850 16414 55336 41269 86136 52307 92935 37630 70789 71709 70181 32174 57874 45703 26913 52311 90407 61286 38648 83199 45451 53575 3525 43837 49040 97935 8895 98483 15463 5784 16861 18587 54630 15758 7001 87543 47000 54000 74748 34475 73919 50923 89632 66616 94608 23772 66016 59067 96451 69452 33473 43396 18749 75047 12512 52857 75004 20641 67821 42707 17349 72347 37214 14305 93821 22065 96380 90446 20414 14739 65159 5524 22654 47493 13412 42340 22258 50137 90379 48406 16434 80690 76190 65625 75039 65883 42398 39189 40680 11328 51491 5740 15470 13370 71285 11096 99894 64998 48127 96050 44872 55602 8233 60330 58150 65334 98342 84653 11045 87167 86753 15539 17707 24557 25250 5374 60640 70653 66534 94208 26033 27124 72035 21345 4159 37161 59654 55870 93038 92178 11731 35163 94405 77279 1879 36367 62033 46130 82827 60312 62965 73815 41288 7935 74071 14469 29960 97141 82203
49 29
13650 46198 75692 79600 85206 75200 5839 31203 51487 26840 93232 65489 9618 41777 64456 4463 6779 98830 30959 73953 48584 89403 57247 50481 27227 76864 27350 31512 89548
53 107
72265 69099 44719 5570 65576 33978 37566 13914 2929 98438 2297 28432 34000 72286 94730 754 74530 9843 48756 20387 44198 97862 22516 69285 62035 74314 13342 93000 11995 2418 7952 96738 98560 44566 61766 64269 97352 78819 76786 55162 79033 79516 78610 99573 56251 8205 74026 56351 14031 85960 8587 33607 92759 91395 46585 44036 85935 75727 33967 80003 82884 41145 48824 93916 41596 65282 14495 47483 93196 60170 21717 98885 29725 702 50295 76462 69693 89408 60393 17595 18159 9609 99711 48174 46703 74121 11498 41859 26011 96517 4118 63447 38441 68442 16599 24499 59695 90444 43929 47555 33127 56380 27865 85525 1634 30461 38322
55 172
36164 91115 53518 20564 91341 84814 46959 5360 3456 61872 42141 54581 23575 40135 6863 57696 61918 60648 55343 72946 87764 74899 31899 5158 23123 85727 29349 51310 72041 52965 31870 54829 22678 38444 99797 49090 39814 90812 84965 21592 70570 62453 45243 29121 56543 99031 46336 21826 27074 57213 70760 15209 38679 79753 42544 15069 24561 93401 96629 43185 37917 90577 11602 13246 94402 99655 24231 44511 51844 64273 37278 83326 16415 74041 78929 84491 8716 50941 96720 23478 96741 99133 92370 75482 49278 83075 26389 29682 82911 65657 48438 2825 31024 56855 39527 13025 35473 64190 1365 23036 93673 82358 25699 25885 3174 89411 43240 95431 14489 87245 28537 72719 15478 1111 51320 51854 87470 22621 12255 22501 23704 51903 58407 44197 70384 22988 73142 87459 36055 82041 52159 77129 45894 60970 73204 8322 66167 5848 54758 96555 27407 49823 46252 70247 36037 58870 78300 76515 35635 96105 34052 34655 23089 37915 58099 2638 80813 63403 24762 41542 4020 50456 66626 51498 84854 5944 34087 68415 90346 23946 94501 47510
56 170
48977 92696 90748 50817 63288 56478 57024 83472 66290 94229 19045 50895 91776 92787 93618 43873 45174 40665 63553 49708 19492 81095 31184 72466 57895 34306 56426 42196 82690 59659 91122 25264 83310 29861 55446 17046 34008 23432 68342 65792 97631 39810 67272 60880 39539 90861 64520 13369 45488 77511 25494 11001 37558 30452 33506 4608 62132 96943 32462 7462 48149 15610 92800 15023 97362 99281 79379 27447 30626 52287 33542 86949 91481 67148 28929 56803 49448 4415 97383 58698 80712 84277 31664 14285 85954 45182 81548 12148 18784 91005 72178 76367 73897 48929 61850 44089 80250 88619 27722 19142 97554 60296 31940 62887 84007 86162 40723 7245 26269 68839 71740 34347 12086 96158 36867 70433 23074 83145 39099 71484 16479 36883 9223 4493 49493 57693 48091 6581 74907 74564 41239 34423 2302 52611 45738 939 62937 22239 41351 25829 98729 48765 63114 52241 6213 26655 22875 85967 88154 27003 25150 22075 79107 16237 32254 27477 82544 65956 99344 8596 31636 59370 16682 55260 97154 34929 88295 24133 8772 70117
58 162
24274 99359 74568 37992 5335 3383 83558 81076 31667 74356 59299 57494 62943 55442 74143 5983 94709 74252 53002 84302 97145 56593 7475 83252 82063 11320 16952 88662 95893 61805 57442 69818 30168 72935 88828 82593 97312 95505 23567 41200 9714 23084 55735 60270 79415 13406 18826 89440 27523 62294 59565 90993 88218 48037 43859 45866 86184 3819 3687 1383 50736 36079 75635 1035 78522 36813 89239 52437 97849 8083 94740 56780 25447 39084 72299 80242 57779 55495 75326 93177 44647 77524 28394 86778 11727 908 80373 15993 19895 38929 15352 25937 80052 6200 85841 91193 12669 34835 23705 32087 1936 86626 79093 35894 79185 18660 14334 92908 70234 76494 89176 86326 34882 78760 37835 48802 31416 30915 9976 52903 35943 4086 92444 96225 2749 41165 39608 35655 71601 94361 46475 54661 64620 81971 34716 63950 60476 46439 79661 97721 55106 93558 60578 28175 76570 18722 41879 78889 31499 65871 45757 30194 3455 98730 33552 30338 59348 33115 81476 34782 19087 55501
59 160
73532 11895 87322 87814 48703 92322 94120 42690 11117 86844 27717 45617 73672 54516 27255 38144 90601 88461 15045 89439 96893 15163 73490 37330 41800 35499 40986 82701 26510 19449 96014 64084 11445 56052 42674 20122 35998 75854 82935 90047 29625 71784 25431 89308 6492 6393 5564 96193 66719 68163 78606 66619 94750 40083 84077 50222 61045 61335 91780 42884 59309 32191 99033 74155 70615 40602 49196 79760 96632 15844 14158 92317 67101 53176 66513 39748 48377 64547 6958 50750 53186 31659 97381 19543 78182 77539 9165 53528 2405 87625 34262 75033 98936 54998 24436 66470 94829 97038 8555 77898 85584 17447 92711 8367 4849 85110 70895 7783 52918 38127 84899 59062 7198 94082 8945 80609 8138 26109 12924 42163 17041 84725 54605 71081 42492 42125 88332 60947 98597 55029 11273 46150 75906 1624 36790 34003 53372 84756 38978 54377 13080 87348 30283 91134 66019 27848 46293 6165 22123 59420 29174 53928 13478 61315 31084 80166 44807 95319 55460 43034
61 158
95736 77811 59431 72762 76904 79777 22310 73075 95790 35036 22849 689 35398 95311 70812 70655 39157 26317 15493 75368 55072 60305 60332 87878 44957 59252 24031 45945 50676 56972 56642 69677 15005 98533 38562 84783 2177 44839 58298 99258 55497 32628 45942 44808 10887 78721 33554 47616 89144 25622 41653 70631 46413 7041 37384 41180 92223 20716 56342 26736 50273 72097 2236 70190 39990 41607 69107 78728 27235 9348 27683 87586 4836 58788 57672 6510 23520 65797 21166 46671 7184 36934 7987 9043 11216 73480 38208 83096 80735 50167 63865 9652 91830 94731 86495 59422 11457 44212 65765 67208 96085 34833 16623 77860 35284 16667 88179 13697 98816 23718 47837 45396 96763 72274 16895 4984 53272 44413 91817 97069 22738 97402 37159 81459 32708 6079 49325 49378 42577 47868 20945 79322 2038 22083 62036 68823 96625 27866 21780 76427 64654 67607 93285 41854 9097 79470 39309 52549 81490 13735 53751 2372 76555 32946 14342 80330 77956 48468
62 154
92358 77091 45696 45863 79703 19692 38282 75951 11460 47432 16760 44350 68008 60801 51815 93278 63697 30327 45774 69277 1353 21133 4469 45748 99995 5739 8480 81458 97717 36608 42949 17225 7520 63146 1528 59667 19179 26186 60085 2572 1826 42628 65031 64256 25752 22645 77094 89206 26884 20511 25491 82332 9174 79295 54287 43548 49496 90964 20130 97776 73109 13831 1893 38606 98026 87643 5171 94333 17592 49712 40395 54651 27305 20033 74946 25295 81470 5338 10339 1759 833 51900 88971 6611 55158 4162 37260 81589 37755 41797 66992 58396 23827 45320 7882 9304 23544 49819 55165 35728 28714 7487 25143 79155 9972 31524 63329 15421 83224 81522 14370 44862 52520 93879 86996 82076 68986 59129 90442 1009 24112 71990 51545 5796 41298 94508 89782 34694 85089 85441 7778 89166 41659 49209 85640 47816 57259 57990 45245 96175 6332 42431 27929 24930 6188 43519 18895 85710 40614 85685 55633 86985 65433 33708
67 134
77973 80830 44679 37897 19491 12709 17583 76482 98194 53236 95840 9022 5137 27525 57714 88836 15839 87149 82260 41478 79747 89981 44006 31583 39396 7024 74063 60762 83819 37884 2471 83980 1988 68132 63588 77662 64448 1255 96639 24013 1305 67486 64732 6529 77792 65760 91873 24681 82385 60860 1220 646 74044 26624 34957 34238 46291 75392 95383 88416 28867 72670 45975 72928 64411 3617 45722 60940 21628 63985 11935 71284 4016 55676 72897 15431 76854 55212 46974 97583 76342 22284 72615 84366 79917 56459 64023 22995 95673 48609 8694 27918 86583 81931 14179 48251 51713 76626 38611 4158 52186 75450 1541 96620 41350 86358 41635 3084 70976 35988 18611 23660 67950 46305 37474 53945 21856 65306 49467 12173 11939 3991 58447 10962 54474 79127 93580 81067 84724 33743 40050 69916 78100 83697
69 132
14377 36263 10021 61213 99874 27360 38702 95379 65239 72826 48970 93990 88566 64077 24 84969 63533 45273 67312 9903 66981 70685 5226 62225 29638 87362 26377 82285 63811 10082 67377 69086 50043 99816 89937 85406 44470 45756 75527 23049 43552 11707 6229 47271 82183 9267 98110 10848 57143 16495 11076 16386 63823 16628 62845 64542 8297 71090 43489 49683 85570 83132 50600 98606 55302 91269 62607 76011 60959 31327 58237 26157 82174 21174 64577 53458 80832 36980 86585 43026 9491 92252 74060 74699 26171 57319 2288 10579 43032 61082 67706 66128 72690 3231 66234 28570 12607 99586 44041 31792 66000 59542 68392 71561 81707 80183 64037 14441 15607 1236 59075 25878 56874 95452 68004 91940 51930 83213 79364 42752 18824 28231 4039 72490 65439 66190 61582 95193 2711 10364 62521 46602
70 7
46955 59038 39147 69450 12609 64693 51218
71 112
99485 82273 36501 77393 32802 20784 12677 51851 51912 41021 65949 20104 67288 61340 60821 4063 84843 47612 9617 63350 93459 67563 54031 51380 54274 67812 70857 35662 71649 26944 63018 21165 93572 87992 61660 19271 93018 16097 85421 28627 59685 9553 53895 511 356 13349 78373 90789 36419 60537 28323 61810 35211 30299 43741 76869 97443 18637 72904 32137 32135 95422 91534 22073 35475 43467 74191 70315 58009 94351 27182 79354 34672 20819 11462 37690 95756 38465 58423 12676 77098 62876 28424 86137 30588 83817 7505 9815 54953 61465 56658 12218 18086 58288 68517 53580 18084 86912 66441 42664 6713 17598 24746 30532 86467 85596 44737 51119 87715 24970 37162 75027
72 110
81122 59996 99601 58948 28379 95105 7495 147 46487 98505 51333 10286 85355 75955 11848 58208 10681 19296 4711 26167 6132 72945 18003 96374 2628 92735 35996 80241 37103 51029 73734 93328 92400 27465 9973 59123 43733 29705 17713 59966 68655 74149 58689 67169 23918 30067 55378 83930 61414 15093 88348 95021 5887 74179 68505 28722 52091 48316 32713 57897 72782 90688 56072 17181 88756 66585 94525 87244 81494 85744 944 28104 27241 17424 34869 23745 39515 83647 98744 62352 17660 27191 94950 48088 34953 21774 14719 37536 88723 27830 4554 19166 67342 81516 6396 70146 49625 92274 58328 45254 81955 90719 91495 68774 63815 83990 74752 25747 82490 79546
74 92
17228 56933 28539 53080 98435 75160 13601 34817 21113 27030 35927 67656 12525 88969 83016 62859 63072 50110 162 50267 88654 31001 68461 26439 61443 26132 95245 9988 31346 80526 44055 96527 50928 43392 62924 39756 35867 80499 91087 12312 88439 82683 71379 78546 12115 17494 18905 22794 57111 88512 75792 27529 11234 91153 77578 85091 31331 86754 40338 5047 15664 77262 13196 53697 35267 41122 12144 90527 18300 92406 23275 84482 11370 33847 77602 6904 85483 52733 71398 37287 45769 58081 45348 51891 61812 59210 63492 57104 56772 65761 53167 3535
75 74
45506 25525 91890 69942 27077 63550 60432 43465 17965 91675 37011 84813 39332 16087 6069 26238 40207 76161 23387 95536 46511 41274 59829 86104 40000 27043 96246 4480 43545 76860 33363 78965 23174 85305 85724 34951 66678 837 94042 90374 42939 6302 76530 13178 31879 47373 35216 86921 41583 23261 45440 76850 94674 84154 21782 58318 48386 49873 92244 35109 66376 96945 60361 29536 13066 62991 47415 52870 59785 93305 26931 72012 25797 58934
79 64
65637 79259 70164 1400 40314 35399 54522 45991 871 41874 32106 67550 63875 20516 1377 1797 456 80923 41736 90979 8577 80522 99380 10840 48007 65808 41774 76415 90894 96016 85838 30918 16454 8047 94748 72100 15453 51155 14973 6657 95246 47287 26994 31209 77857 1699 2272 155 799 6837 98275 48874 72075 39085 31507 5209 65496 20245 1559 22210 30144 10662 1663 74097
80 62
77309 24518 85087 36743 75533 62042 98793 28863 61590 21240 70486 59809 24357 94015 18331 86261 12657 77147 37056 94061 22092 42286 5700 92819 44220 62072 88602 59994 89111 60616 18797 39915 15217 11251 52139 7430 75224 42182 33209 18491 17366 97247 77307 59757 80588 12119 19599 4776 23837 84380 26421 27441 31310 80395 21153 7425 89521 52460 55506 22427 79491 89275
81 13
61114 2707 37652 79916 4736 30539 24063 31106 53156 79511 18456 86279 9268
82 58
94427 9965 74817 92751 35839 70156 57275 20668 1848 73030 88665 31520 57333 76268 91410 59437 3189 73714 82204 6420 24571 70907 67820 63804 32539 1458 43642 81450 77083 62171 36917 55938 23378 89648 34537 21998 81552 39969 13367 91355 78104 74244 18699 33418 1282 7123 70707 31292 84319 85113 10262 53094 84501 33823 19761 88255 74592 54485
83 54
74501 89298 26329 25792 54792 12769 67278 45670 92882 88351 45505 96627 69464 33246 39382 47685 805 67581 84034 99314 67453 48331 62223 62636 16537 88382 76390 25287 84282 83648 12628 37911 60087 75344 60967 24560 32053 10156 59253 37313 84871 38221 68093 98169 7446 71796 12745 75321 78090 9076 41951 36343 36474 95619
84 36
78066 36170 75843 73950 77684 4105 88687 95704 34922 1811 41401 45886 37303 34466 85991 89540 54930 91955 8238 11898 95566 49812 90756 83273 94948 85327 33839 26728 12648 49453 70036 26316 69043 60716 50995 60554
86 26
65599 9005 36737 6392 59957 71375 46865 86082 95775 91858 84819 21822 22182 24296 84551 75323 3693 55789 25205 89291 60805 27001 95589 45621 62920 49059
87 24
90028 13338 26373 98699 21129 33726 2027 51683 92428 31066 76971 2354 6115 66574 76295 41857 38236 24582 2028 99596 66330 73969 18872 28748
91 20
11039 25733 80571 5621 88951 44599 99801 97036 55898 52783 6205 86337 90235 89801 71546 95163 80168 66772 95401 18415
92 2
92141 62057
